poll_id,pollster_id,pollster,sponsor_ids,sponsors,sponsor_candidate_id,sponsor_candidate,sponsor_candidate_party,display_name,mode,state,start_date,end_date,internal,partisan,question_id,sample_size,population,subpopulation,population_full,tracking,created_at,updated_at,notes,url,url_article,url_topline,url_crosstab,institution,yes,no,alternate_answers
50752,568,YouGov,,The Economist,NA,NA,NA,YouGov,Online Matched Sample,NA,2017-12-31T00:00:00Z,2018-01-02T00:00:00Z,FALSE,NA,85818,1277,rv,NA,rv,FALSE,2025-04-28 19:33:15 UTC,2025-04-28 19:33:15 UTC,NA,https://d25d2506sfb94s.cloudfront.net/cumulus_uploads/document/fzbo62v6dm/econTabReport.pdf,NA,NA,https://d25d2506sfb94s.cloudfront.net/cumulus_uploads/document/fzbo62v6dm/econTabReport.pdf,Congress,15,64,0
50758,241,Ipsos,,Reuters,NA,NA,NA,Ipsos,Probability Panel,NA,2017-12-30T00:00:00Z,2018-01-03T00:00:00Z,FALSE,NA,85366,477,a,NA,a,TRUE,2025-04-28 19:33:39 UTC,2025-04-28 19:33:39 UTC,NA,http://polling.reuters.com/#!response/TM1178Y17/type/smallest,NA,NA,NA,Congress,24,63.3,12.8
50758,241,Ipsos,,Reuters,NA,NA,NA,Ipsos,Probability Panel,NA,2017-12-30T00:00:00Z,2018-01-03T00:00:00Z,FALSE,NA,84869,391,rv,NA,rv,TRUE,2025-04-28 19:33:39 UTC,2025-04-28 19:33:39 UTC,NA,http://polling.reuters.com/#!response/TM1178Y17/type/smallest/filters/PD1:1,NA,NA,NA,Congress,25.8,66,8.7
50757,241,Ipsos,,Reuters,NA,NA,NA,Ipsos,Probability Panel,NA,2017-12-31T00:00:00Z,2018-01-04T00:00:00Z,FALSE,NA,84868,529,rv,NA,rv,TRUE,2025-04-28 19:33:24 UTC,2025-04-28 19:33:24 UTC,NA,http://polling.reuters.com/#!response/TM1178Y17/type/smallest/filters/PD1:1,NA,NA,NA,Congress,26.8,64.5,8.7
50757,241,Ipsos,,Reuters,NA,NA,NA,Ipsos,Probability Panel,NA,2017-12-31T00:00:00Z,2018-01-04T00:00:00Z,FALSE,NA,85365,633,a,NA,a,TRUE,2025-04-28 19:33:39 UTC,2025-04-28 19:33:39 UTC,NA,http://polling.reuters.com/#!response/TM1178Y17/type/smallest,NA,NA,NA,Congress,25.1,61.9,13
50779,241,Ipsos,,Reuters,NA,NA,NA,Ipsos,Probability Panel,NA,2018-01-01T00:00:00Z,2018-01-05T00:00:00Z,FALSE,NA,85364,803,a,NA,a,TRUE,2025-04-28 19:33:39 UTC,2025-04-28 19:33:39 UTC,NA,http://polling.reuters.com/#!response/TM1178Y17/type/smallest,NA,NA,NA,Congress,24.7,62.4,12.8
50779,241,Ipsos,,Reuters,NA,NA,NA,Ipsos,Probability Panel,NA,2018-01-01T00:00:00Z,2018-01-05T00:00:00Z,FALSE,NA,84867,674,rv,NA,rv,TRUE,2025-04-28 19:33:39 UTC,2025-04-28 19:33:39 UTC,NA,http://polling.reuters.com/#!response/TM1178Y17/type/smallest/filters/PD1:1,NA,NA,NA,Congress,26,65.5,8.5
50778,241,Ipsos,,Reuters,NA,NA,NA,Ipsos,Probability Panel,NA,2018-01-02T00:00:00Z,2018-01-06T00:00:00Z,FALSE,NA,85363,808,a,NA,a,TRUE,2025-04-28 19:33:24 UTC,2025-04-28 19:33:24 UTC,NA,http://polling.reuters.com/#!response/TM1178Y17/type/smallest,NA,NA,NA,Congress,25.4,62.9,11.7
50778,241,Ipsos,,Reuters,NA,NA,NA,Ipsos,Probability Panel,NA,2018-01-02T00:00:00Z,2018-01-06T00:00:00Z,FALSE,NA,84866,690,rv,NA,rv,TRUE,2025-04-28 19:33:24 UTC,2025-04-28 19:33:24 UTC,NA,http://polling.reuters.com/#!response/TM1178Y17/type/smallest/filters/PD1:1,NA,NA,NA,Congress,27.2,65,7.8
50777,241,Ipsos,,Reuters,NA,NA,NA,Ipsos,Probability Panel,NA,2018-01-03T00:00:00Z,2018-01-07T00:00:00Z,FALSE,NA,84865,675,rv,NA,rv,TRUE,2025-04-28 19:33:24 UTC,2025-04-28 19:33:24 UTC,NA,http://polling.reuters.com/#!response/TM1178Y17/type/smallest/filters/PD1:1,NA,NA,NA,Congress,26.5,66,7.5
50768,169,Gallup,,NA,NA,NA,NA,Gallup,Live Phone,NA,2018-01-02T00:00:00Z,2018-01-07T00:00:00Z,FALSE,NA,85819,1024,a,NA,a,FALSE,2025-04-28 19:33:16 UTC,2025-04-28 19:33:16 UTC,NA,http://news.gallup.com/opinion/polling-matters/225749/looming-shutdown-further-damage-government-image.aspx,NA,NA,NA,Congress,20,75,0
50777,241,Ipsos,,Reuters,NA,NA,NA,Ipsos,Probability Panel,NA,2018-01-03T00:00:00Z,2018-01-07T00:00:00Z,FALSE,NA,85362,780,a,NA,a,TRUE,2025-04-28 19:33:39 UTC,2025-04-28 19:33:39 UTC,NA,http://polling.reuters.com/#!response/TM1178Y17/type/smallest,NA,NA,NA,Congress,25.3,64,10.6
72316,1639,Long Island University,,NA,NA,NA,NA,"Long Island University Steven S. Hornstein Center for Policy, Polling, and Analysis",Online Opt-In Panel,NA,2018-01-05T00:00:00Z,2018-01-08T00:00:00Z,FALSE,NA,135676,1031,a,NA,a,FALSE,2025-04-28 19:33:28 UTC,2025-04-28 19:33:28 UTC,NA,https://www.liu.edu/steven-s-hornstein-center-for-policy-polling-and-analysis/research/President-Trumps-Approval-Rating-Down-to-29-Percent,NA,NA,NA,Congress,14,63,23
50776,241,Ipsos,,Reuters,NA,NA,NA,Ipsos,Probability Panel,NA,2018-01-04T00:00:00Z,2018-01-08T00:00:00Z,FALSE,NA,84864,674,rv,NA,rv,TRUE,2025-04-28 19:33:27 UTC,2025-04-28 19:33:27 UTC,NA,http://polling.reuters.com/#!response/TM1178Y17/type/smallest/filters/PD1:1,NA,NA,NA,Congress,24.9,67.5,7.6
50776,241,Ipsos,,Reuters,NA,NA,NA,Ipsos,Probability Panel,NA,2018-01-04T00:00:00Z,2018-01-08T00:00:00Z,FALSE,NA,85361,792,a,NA,a,TRUE,2025-04-28 19:33:27 UTC,2025-04-28 19:33:27 UTC,NA,http://polling.reuters.com/#!response/TM1178Y17/type/smallest,NA,NA,NA,Congress,24.7,64.1,11.2
50793,241,Ipsos,,Reuters,NA,NA,NA,Ipsos,Probability Panel,NA,2018-01-05T00:00:00Z,2018-01-09T00:00:00Z,FALSE,NA,84863,679,rv,NA,rv,TRUE,2025-04-28 19:33:25 UTC,2025-04-28 19:33:25 UTC,NA,http://polling.reuters.com/#!response/TM1178Y17/type/smallest/filters/PD1:1,NA,NA,NA,Congress,23.1,69.7,7.2
50781,568,YouGov,,The Economist,NA,NA,NA,YouGov,Online Matched Sample,NA,2018-01-08T00:00:00Z,2018-01-09T00:00:00Z,FALSE,NA,85820,1327,rv,NA,rv,FALSE,2025-04-28 19:33:16 UTC,2025-04-28 19:33:16 UTC,NA,https://d25d2506sfb94s.cloudfront.net/cumulus_uploads/document/wtt95as3fo/econTabReport.pdf,NA,NA,https://d25d2506sfb94s.cloudfront.net/cumulus_uploads/document/wtt95as3fo/econTabReport.pdf,Congress,14,67,0
50793,241,Ipsos,,Reuters,NA,NA,NA,Ipsos,Probability Panel,NA,2018-01-05T00:00:00Z,2018-01-09T00:00:00Z,FALSE,NA,85360,809,a,NA,a,TRUE,2025-04-28 19:33:25 UTC,2025-04-28 19:33:25 UTC,NA,http://polling.reuters.com/#!response/TM1178Y17/type/smallest,NA,NA,NA,Congress,23,66.3,10.7
50792,241,Ipsos,,Reuters,NA,NA,NA,Ipsos,Probability Panel,NA,2018-01-06T00:00:00Z,2018-01-10T00:00:00Z,FALSE,NA,84862,656,rv,NA,rv,TRUE,2025-04-28 19:33:25 UTC,2025-04-28 19:33:25 UTC,NA,http://polling.reuters.com/#!response/TM1178Y17/type/smallest/filters/PD1:1,NA,NA,NA,Congress,23.1,68.8,8
50792,241,Ipsos,,Reuters,NA,NA,NA,Ipsos,Probability Panel,NA,2018-01-06T00:00:00Z,2018-01-10T00:00:00Z,FALSE,NA,85359,788,a,NA,a,TRUE,2025-04-28 19:33:25 UTC,2025-04-28 19:33:25 UTC,NA,http://polling.reuters.com/#!response/TM1178Y17/type/smallest,NA,NA,NA,Congress,23.3,66.1,10.6
50791,241,Ipsos,,Reuters,NA,NA,NA,Ipsos,Probability Panel,NA,2018-01-07T00:00:00Z,2018-01-11T00:00:00Z,FALSE,NA,84861,654,rv,NA,rv,TRUE,2025-04-28 19:33:39 UTC,2025-04-28 19:33:39 UTC,NA,http://polling.reuters.com/#!response/TM1178Y17/type/smallest/filters/PD1:1,NA,NA,NA,Congress,22.1,69,8.9
50791,241,Ipsos,,Reuters,NA,NA,NA,Ipsos,Probability Panel,NA,2018-01-07T00:00:00Z,2018-01-11T00:00:00Z,FALSE,NA,85358,805,a,NA,a,TRUE,2025-04-28 19:33:39 UTC,2025-04-28 19:33:39 UTC,NA,http://polling.reuters.com/#!response/TM1178Y17/type/smallest,NA,NA,NA,Congress,22.5,65.2,12.3
50803,241,Ipsos,,Reuters,NA,NA,NA,Ipsos,Probability Panel,NA,2018-01-08T00:00:00Z,2018-01-12T00:00:00Z,FALSE,NA,85357,858,a,NA,a,TRUE,2025-04-28 19:33:39 UTC,2025-04-28 19:33:39 UTC,NA,http://polling.reuters.com/#!response/TM1178Y17/type/smallest,NA,NA,NA,Congress,23,63.6,13.4
50803,241,Ipsos,,Reuters,NA,NA,NA,Ipsos,Probability Panel,NA,2018-01-08T00:00:00Z,2018-01-12T00:00:00Z,FALSE,NA,84860,688,rv,NA,rv,TRUE,2025-04-28 19:33:25 UTC,2025-04-28 19:33:25 UTC,NA,http://polling.reuters.com/#!response/TM1178Y17/type/smallest/filters/PD1:1,NA,NA,NA,Congress,23,67.7,9.3
50802,241,Ipsos,,Reuters,NA,NA,NA,Ipsos,Probability Panel,NA,2018-01-09T00:00:00Z,2018-01-13T00:00:00Z,FALSE,NA,85356,832,a,NA,a,TRUE,2025-04-28 19:33:39 UTC,2025-04-28 19:33:39 UTC,NA,http://polling.reuters.com/#!response/TM1178Y17/type/smallest,NA,NA,NA,Congress,22.1,64.1,13.8
50802,241,Ipsos,,Reuters,NA,NA,NA,Ipsos,Probability Panel,NA,2018-01-09T00:00:00Z,2018-01-13T00:00:00Z,FALSE,NA,84859,659,rv,NA,rv,TRUE,2025-04-28 19:33:39 UTC,2025-04-28 19:33:39 UTC,NA,http://polling.reuters.com/#!response/TM1178Y17/type/smallest/filters/PD1:1,NA,NA,NA,Congress,23.1,68.7,8.2
50801,241,Ipsos,,Reuters,NA,NA,NA,Ipsos,Probability Panel,NA,2018-01-10T00:00:00Z,2018-01-14T00:00:00Z,FALSE,NA,85355,776,a,NA,a,TRUE,2025-04-28 19:33:39 UTC,2025-04-28 19:33:39 UTC,NA,http://polling.reuters.com/#!response/TM1178Y17/type/smallest,NA,NA,NA,Congress,23.4,61.4,15.1
50801,241,Ipsos,,Reuters,NA,NA,NA,Ipsos,Probability Panel,NA,2018-01-10T00:00:00Z,2018-01-14T00:00:00Z,FALSE,NA,84858,611,rv,NA,rv,TRUE,2025-04-28 19:33:39 UTC,2025-04-28 19:33:39 UTC,NA,http://polling.reuters.com/#!response/TM1178Y17/type/smallest/filters/PD1:1,NA,NA,NA,Congress,24.3,65.2,10.4
50800,241,Ipsos,,Reuters,NA,NA,NA,Ipsos,Probability Panel,NA,2018-01-11T00:00:00Z,2018-01-15T00:00:00Z,FALSE,NA,85354,822,a,NA,a,TRUE,2025-04-28 19:33:39 UTC,2025-04-28 19:33:39 UTC,NA,http://polling.reuters.com/#!response/TM1178Y17/type/smallest,NA,NA,NA,Congress,22.8,62,15.2
50800,241,Ipsos,,Reuters,NA,NA,NA,Ipsos,Probability Panel,NA,2018-01-11T00:00:00Z,2018-01-15T00:00:00Z,FALSE,NA,84857,642,rv,NA,rv,TRUE,2025-04-28 19:33:39 UTC,2025-04-28 19:33:39 UTC,NA,http://polling.reuters.com/#!response/TM1178Y17/type/smallest/filters/PD1:1,NA,NA,NA,Congress,23.4,66.4,10.2
50822,241,Ipsos,,Reuters,NA,NA,NA,Ipsos,Probability Panel,NA,2018-01-12T00:00:00Z,2018-01-16T00:00:00Z,FALSE,NA,85353,820,a,NA,a,TRUE,2025-04-28 19:33:39 UTC,2025-04-28 19:33:39 UTC,NA,http://polling.reuters.com/#!response/TM1178Y17/type/smallest,NA,NA,NA,Congress,23.1,62.9,14
50807,396,Quinnipiac,,NA,NA,NA,NA,Quinnipiac University,Live Phone,NA,2018-01-12T00:00:00Z,2018-01-16T00:00:00Z,FALSE,NA,85821,1212,rv,NA,rv,FALSE,2025-04-28 19:33:30 UTC,2025-04-28 19:33:30 UTC,NA,https://poll.qu.edu/poll-release-legacy?releaseid=2514,NA,NA,https://poll.qu.edu/poll-release-legacy?releaseid=2514,Congress,16,78,0
50822,241,Ipsos,,Reuters,NA,NA,NA,Ipsos,Probability Panel,NA,2018-01-12T00:00:00Z,2018-01-16T00:00:00Z,FALSE,NA,84856,648,rv,NA,rv,TRUE,2025-04-28 19:33:24 UTC,2025-04-28 19:33:24 UTC,NA,http://polling.reuters.com/#!response/TM1178Y17/type/smallest/filters/PD1:1,NA,NA,NA,Congress,23.5,66.8,9.7
50811,79,CBS News,,NA,NA,NA,NA,CBS News,Live Phone,NA,2018-01-13T00:00:00Z,2018-01-16T00:00:00Z,FALSE,NA,85822,1225,a,NA,a,FALSE,2025-04-28 19:33:37 UTC,2025-04-28 19:33:37 UTC,NA,https://www.cbsnews.com/news/trump-at-one-year-low-job-approval-but-economy-is-good-cbs-news-poll/,NA,NA,NA,Congress,18,75,0
50806,568,YouGov,,The Economist,NA,NA,NA,YouGov,Online Matched Sample,NA,2018-01-14T00:00:00Z,2018-01-16T00:00:00Z,FALSE,NA,85823,1311,rv,NA,rv,FALSE,2025-04-28 19:33:07 UTC,2025-04-28 19:33:07 UTC,NA,https://d25d2506sfb94s.cloudfront.net/cumulus_uploads/document/gcv50vr08k/econTabReport.pdf,NA,NA,https://d25d2506sfb94s.cloudfront.net/cumulus_uploads/document/gcv50vr08k/econTabReport.pdf,Congress,11,69,0
50821,241,Ipsos,,Reuters,NA,NA,NA,Ipsos,Probability Panel,NA,2018-01-13T00:00:00Z,2018-01-17T00:00:00Z,FALSE,NA,85352,791,a,NA,a,TRUE,2025-04-28 19:33:39 UTC,2025-04-28 19:33:39 UTC,NA,http://polling.reuters.com/#!response/TM1178Y17/type/smallest,NA,NA,NA,Congress,24,62.7,13.3
50821,241,Ipsos,,Reuters,NA,NA,NA,Ipsos,Probability Panel,NA,2018-01-13T00:00:00Z,2018-01-17T00:00:00Z,FALSE,NA,84855,630,rv,NA,rv,TRUE,2025-04-28 19:33:24 UTC,2025-04-28 19:33:24 UTC,NA,http://polling.reuters.com/#!response/TM1178Y17/type/smallest/filters/PD1:1,NA,NA,NA,Congress,23.6,66.3,10.1
50820,241,Ipsos,,Reuters,NA,NA,NA,Ipsos,Probability Panel,NA,2018-01-14T00:00:00Z,2018-01-18T00:00:00Z,FALSE,NA,85351,789,a,NA,a,TRUE,2025-04-28 19:33:24 UTC,2025-04-28 19:33:24 UTC,NA,http://polling.reuters.com/#!response/TM1178Y17/type/smallest,NA,NA,NA,Congress,23.4,64.7,11.9
50823,1866,CNN/SSRS,,NA,NA,NA,NA,CNN/SSRS,Live Phone,NA,2018-01-14T00:00:00Z,2018-01-18T00:00:00Z,FALSE,NA,85824,NA,rv,NA,rv,FALSE,2025-04-28 19:33:07 UTC,2025-04-28 19:33:07 UTC,NA,http://cdn.cnn.com/cnn/2018/images/01/19/rel1a-trump2c.shutdown2c.immigration.pdf,NA,NA,http://cdn.cnn.com/cnn/2018/images/01/19/rel1a-trump2c.shutdown2c.immigration.pdf,Congress,16,78,0
50820,241,Ipsos,,Reuters,NA,NA,NA,Ipsos,Probability Panel,NA,2018-01-14T00:00:00Z,2018-01-18T00:00:00Z,FALSE,NA,84854,635,rv,NA,rv,TRUE,2025-04-28 19:33:24 UTC,2025-04-28 19:33:24 UTC,NA,http://polling.reuters.com/#!response/TM1178Y17/type/smallest/filters/PD1:1,NA,NA,NA,Congress,23.1,66.5,10.4
50837,241,Ipsos,,Reuters,NA,NA,NA,Ipsos,Probability Panel,NA,2018-01-15T00:00:00Z,2018-01-19T00:00:00Z,FALSE,NA,84853,668,rv,NA,rv,TRUE,2025-04-28 19:33:24 UTC,2025-04-28 19:33:24 UTC,NA,http://polling.reuters.com/#!response/TM1178Y17/type/smallest/filters/PD1:1,NA,NA,NA,Congress,21.9,69.5,8.6
50837,241,Ipsos,,Reuters,NA,NA,NA,Ipsos,Probability Panel,NA,2018-01-15T00:00:00Z,2018-01-19T00:00:00Z,FALSE,NA,85350,825,a,NA,a,TRUE,2025-04-28 19:33:25 UTC,2025-04-28 19:33:25 UTC,NA,http://polling.reuters.com/#!response/TM1178Y17/type/smallest,NA,NA,NA,Congress,22.4,67.2,10.3
50836,241,Ipsos,,Reuters,NA,NA,NA,Ipsos,Probability Panel,NA,2018-01-16T00:00:00Z,2018-01-20T00:00:00Z,FALSE,NA,84852,895,rv,NA,rv,TRUE,2025-04-28 19:33:24 UTC,2025-04-28 19:33:24 UTC,NA,http://polling.reuters.com/#!response/TM1178Y17/type/smallest/filters/PD1:1,NA,NA,NA,Congress,21.7,70.2,8.1
50836,241,Ipsos,,Reuters,NA,NA,NA,Ipsos,Probability Panel,NA,2018-01-16T00:00:00Z,2018-01-20T00:00:00Z,FALSE,NA,85349,1101,a,NA,a,TRUE,2025-04-28 19:33:24 UTC,2025-04-28 19:33:24 UTC,NA,http://polling.reuters.com/#!response/TM1178Y17/type/smallest,NA,NA,NA,Congress,21.7,67.3,11
50835,241,Ipsos,,Reuters,NA,NA,NA,Ipsos,Probability Panel,NA,2018-01-17T00:00:00Z,2018-01-21T00:00:00Z,FALSE,NA,85348,1343,a,NA,a,TRUE,2025-04-28 19:33:39 UTC,2025-04-28 19:33:39 UTC,NA,http://polling.reuters.com/#!response/TM1178Y17/type/smallest,NA,NA,NA,Congress,20.4,69.4,10.2
50835,241,Ipsos,,Reuters,NA,NA,NA,Ipsos,Probability Panel,NA,2018-01-17T00:00:00Z,2018-01-21T00:00:00Z,FALSE,NA,84851,1094,rv,NA,rv,TRUE,2025-04-28 19:33:39 UTC,2025-04-28 19:33:39 UTC,NA,http://polling.reuters.com/#!response/TM1178Y17/type/smallest/filters/PD1:1,NA,NA,NA,Congress,19.8,72.9,7.2
50834,241,Ipsos,,Reuters,NA,NA,NA,Ipsos,Probability Panel,NA,2018-01-18T00:00:00Z,2018-01-22T00:00:00Z,FALSE,NA,85347,1460,a,NA,a,TRUE,2025-04-28 19:33:39 UTC,2025-04-28 19:33:39 UTC,NA,http://polling.reuters.com/#!response/TM1178Y17/type/smallest,NA,NA,NA,Congress,18.2,71.4,10.4
50834,241,Ipsos,,Reuters,NA,NA,NA,Ipsos,Probability Panel,NA,2018-01-18T00:00:00Z,2018-01-22T00:00:00Z,FALSE,NA,84850,1189,rv,NA,rv,TRUE,2025-04-28 19:33:39 UTC,2025-04-28 19:33:39 UTC,NA,http://polling.reuters.com/#!response/TM1178Y17/type/smallest/filters/PD1:1,NA,NA,NA,Congress,18.2,75,6.8
50844,1597,Beacon/Shaw,,Fox News,NA,NA,NA,Beacon Research/Shaw & Co. Research,Live Phone,NA,2018-01-21T00:00:00Z,2018-01-23T00:00:00Z,FALSE,NA,85825,1002,rv,NA,rv,FALSE,2025-04-28 19:33:15 UTC,2025-04-28 19:33:15 UTC,NA,https://andersonrobbins.com/wp-content/uploads/2018/01/012418_national_january-24-release.pdf,NA,NA,NA,Congress,15,70,0
50851,241,Ipsos,,Reuters,NA,NA,NA,Ipsos,Probability Panel,NA,2018-01-19T00:00:00Z,2018-01-23T00:00:00Z,FALSE,NA,84849,1233,rv,NA,rv,TRUE,2025-04-28 19:33:39 UTC,2025-04-28 19:33:39 UTC,NA,http://polling.reuters.com/#!response/TM1178Y17/type/smallest/filters/PD1:1,NA,NA,NA,Congress,18,75.3,6.8
50839,568,YouGov,,The Economist,NA,NA,NA,YouGov,Online Matched Sample,NA,2018-01-21T00:00:00Z,2018-01-23T00:00:00Z,FALSE,NA,85826,1301,rv,NA,rv,FALSE,2025-04-28 19:33:16 UTC,2025-04-28 19:33:16 UTC,NA,https://d25d2506sfb94s.cloudfront.net/cumulus_uploads/document/sqnlgzhr9l/econTabReport.pdf,NA,NA,https://d25d2506sfb94s.cloudfront.net/cumulus_uploads/document/sqnlgzhr9l/econTabReport.pdf,Congress,9,76,0
50851,241,Ipsos,,Reuters,NA,NA,NA,Ipsos,Probability Panel,NA,2018-01-19T00:00:00Z,2018-01-23T00:00:00Z,FALSE,NA,85346,1501,a,NA,a,TRUE,2025-04-28 19:33:39 UTC,2025-04-28 19:33:39 UTC,NA,http://polling.reuters.com/#!response/TM1178Y17/type/smallest,NA,NA,NA,Congress,18,71.6,10.4
50850,241,Ipsos,,Reuters,NA,NA,NA,Ipsos,Probability Panel,NA,2018-01-20T00:00:00Z,2018-01-24T00:00:00Z,FALSE,NA,84848,1243,rv,NA,rv,TRUE,2025-04-28 19:33:39 UTC,2025-04-28 19:33:39 UTC,NA,http://polling.reuters.com/#!response/TM1178Y17/type/smallest/filters/PD1:1,NA,NA,NA,Congress,17.3,76.1,6.6
50850,241,Ipsos,,Reuters,NA,NA,NA,Ipsos,Probability Panel,NA,2018-01-20T00:00:00Z,2018-01-24T00:00:00Z,FALSE,NA,85345,1519,a,NA,a,TRUE,2025-04-28 19:33:39 UTC,2025-04-28 19:33:39 UTC,NA,http://polling.reuters.com/#!response/TM1178Y17/type/smallest,NA,NA,NA,Congress,17.3,72.2,10.4
50849,241,Ipsos,,Reuters,NA,NA,NA,Ipsos,Probability Panel,NA,2018-01-21T00:00:00Z,2018-01-25T00:00:00Z,FALSE,NA,84847,985,rv,NA,rv,TRUE,2025-04-28 19:33:25 UTC,2025-04-28 19:33:25 UTC,NA,http://polling.reuters.com/#!response/TM1178Y17/type/smallest/filters/PD1:1,NA,NA,NA,Congress,16.6,77.5,5.9
66572,552,Winston,,Winning the Issues,NA,NA,NA,The Winston Group,Online Opt-In Panel,NA,2018-01-24T00:00:00Z,2018-01-25T00:00:00Z,FALSE,REP,124090,1000,rv,NA,rv,FALSE,2025-04-28 19:33:22 UTC,2025-04-28 19:33:22 UTC,NA,https://www.winningtheissues.org/wp-content/uploads/2018/04/Winning-the-Issues-Jan-2018-Final-Toplines.pdf,NA,https://www.winningtheissues.org/wp-content/uploads/2018/04/Winning-the-Issues-Jan-2018-Final-Toplines.pdf,NA,Congress,19,69,12
50849,241,Ipsos,,Reuters,NA,NA,NA,Ipsos,Probability Panel,NA,2018-01-21T00:00:00Z,2018-01-25T00:00:00Z,FALSE,NA,85344,1198,a,NA,a,TRUE,2025-04-28 19:33:25 UTC,2025-04-28 19:33:25 UTC,NA,http://polling.reuters.com/#!response/TM1178Y17/type/smallest,NA,NA,NA,Congress,16.7,74.1,9.2
50859,241,Ipsos,,Reuters,NA,NA,NA,Ipsos,Probability Panel,NA,2018-01-22T00:00:00Z,2018-01-26T00:00:00Z,FALSE,NA,85343,912,a,NA,a,TRUE,2025-04-28 19:33:25 UTC,2025-04-28 19:33:25 UTC,NA,http://polling.reuters.com/#!response/TM1178Y17/type/smallest,NA,NA,NA,Congress,17.1,72,10.9
50859,241,Ipsos,,Reuters,NA,NA,NA,Ipsos,Probability Panel,NA,2018-01-22T00:00:00Z,2018-01-26T00:00:00Z,FALSE,NA,84846,741,rv,NA,rv,TRUE,2025-04-28 19:33:25 UTC,2025-04-28 19:33:25 UTC,NA,http://polling.reuters.com/#!response/TM1178Y17/type/smallest/filters/PD1:1,NA,NA,NA,Congress,17.5,76,6.5
50858,241,Ipsos,,Reuters,NA,NA,NA,Ipsos,Probability Panel,NA,2018-01-23T00:00:00Z,2018-01-27T00:00:00Z,FALSE,NA,84845,778,rv,NA,rv,TRUE,2025-04-28 19:33:25 UTC,2025-04-28 19:33:25 UTC,NA,http://polling.reuters.com/#!response/TM1178Y17/type/smallest/filters/PD1:1,NA,NA,NA,Congress,22.8,71,6.2
50858,241,Ipsos,,Reuters,NA,NA,NA,Ipsos,Probability Panel,NA,2018-01-23T00:00:00Z,2018-01-27T00:00:00Z,FALSE,NA,85342,954,a,NA,a,TRUE,2025-04-28 19:33:39 UTC,2025-04-28 19:33:39 UTC,NA,http://polling.reuters.com/#!response/TM1178Y17/type/smallest,NA,NA,NA,Congress,22.2,68,9.8
50857,241,Ipsos,,Reuters,NA,NA,NA,Ipsos,Probability Panel,NA,2018-01-24T00:00:00Z,2018-01-28T00:00:00Z,FALSE,NA,84844,752,rv,NA,rv,TRUE,2025-04-28 19:33:25 UTC,2025-04-28 19:33:25 UTC,NA,http://polling.reuters.com/#!response/TM1178Y17/type/smallest/filters/PD1:1,NA,NA,NA,Congress,23.1,71.1,5.8
50857,241,Ipsos,,Reuters,NA,NA,NA,Ipsos,Probability Panel,NA,2018-01-24T00:00:00Z,2018-01-28T00:00:00Z,FALSE,NA,85341,929,a,NA,a,TRUE,2025-04-28 19:33:25 UTC,2025-04-28 19:33:25 UTC,NA,http://polling.reuters.com/#!response/TM1178Y17/type/smallest,NA,NA,NA,Congress,22.6,68.1,9.4
50856,241,Ipsos,,Reuters,NA,NA,NA,Ipsos,Probability Panel,NA,2018-01-25T00:00:00Z,2018-01-29T00:00:00Z,FALSE,NA,85340,905,a,NA,a,TRUE,2025-04-28 19:33:39 UTC,2025-04-28 19:33:39 UTC,NA,http://polling.reuters.com/#!response/TM1178Y17/type/smallest,NA,NA,NA,Congress,25,65.9,9
50856,241,Ipsos,,Reuters,NA,NA,NA,Ipsos,Probability Panel,NA,2018-01-25T00:00:00Z,2018-01-29T00:00:00Z,FALSE,NA,84843,739,rv,NA,rv,TRUE,2025-04-28 19:33:39 UTC,2025-04-28 19:33:39 UTC,NA,http://polling.reuters.com/#!response/TM1178Y17/type/smallest/filters/PD1:1,NA,NA,NA,Congress,25.3,68.6,6.2
50861,568,YouGov,,The Economist,NA,NA,NA,YouGov,Online Matched Sample,NA,2018-01-28T00:00:00Z,2018-01-30T00:00:00Z,FALSE,NA,85828,1264,rv,NA,rv,FALSE,2025-04-28 19:33:16 UTC,2025-04-28 19:33:16 UTC,NA,https://d25d2506sfb94s.cloudfront.net/cumulus_uploads/document/81kgdte5zw/econTabReport.pdf,NA,NA,https://d25d2506sfb94s.cloudfront.net/cumulus_uploads/document/81kgdte5zw/econTabReport.pdf,Congress,9,74,0
50862,320,Monmouth,,NA,NA,NA,NA,Monmouth University Polling Institute,Live Phone,NA,2018-01-28T00:00:00Z,2018-01-30T00:00:00Z,FALSE,NA,85827,711,rv,NA,rv,FALSE,2025-04-28 19:33:07 UTC,2025-04-28 19:33:07 UTC,NA,NA,NA,NA,NA,Congress,20,69,0
50869,241,Ipsos,,Reuters,NA,NA,NA,Ipsos,Probability Panel,NA,2018-01-26T00:00:00Z,2018-01-30T00:00:00Z,FALSE,NA,85339,930,a,NA,a,TRUE,2025-04-28 19:33:39 UTC,2025-04-28 19:33:39 UTC,NA,http://polling.reuters.com/#!response/TM1178Y17/type/smallest,NA,NA,NA,Congress,25,65.9,9.1
50869,241,Ipsos,,Reuters,NA,NA,NA,Ipsos,Probability Panel,NA,2018-01-26T00:00:00Z,2018-01-30T00:00:00Z,FALSE,NA,84842,759,rv,NA,rv,TRUE,2025-04-28 19:33:39 UTC,2025-04-28 19:33:39 UTC,NA,http://polling.reuters.com/#!response/TM1178Y17/type/smallest/filters/PD1:1,NA,NA,NA,Congress,25.4,68.1,6.5
50868,241,Ipsos,,Reuters,NA,NA,NA,Ipsos,Probability Panel,NA,2018-01-27T00:00:00Z,2018-01-31T00:00:00Z,FALSE,NA,85338,970,a,NA,a,TRUE,2025-04-28 19:33:25 UTC,2025-04-28 19:33:25 UTC,NA,http://polling.reuters.com/#!response/TM1178Y17/type/smallest,NA,NA,NA,Congress,25.2,65.8,9
50868,241,Ipsos,,Reuters,NA,NA,NA,Ipsos,Probability Panel,NA,2018-01-27T00:00:00Z,2018-01-31T00:00:00Z,FALSE,NA,84841,803,rv,NA,rv,TRUE,2025-04-28 19:33:39 UTC,2025-04-28 19:33:39 UTC,NA,http://polling.reuters.com/#!response/TM1178Y17/type/smallest/filters/PD1:1,NA,NA,NA,Congress,25.6,67.5,6.9
50867,241,Ipsos,,Reuters,NA,NA,NA,Ipsos,Probability Panel,NA,2018-01-28T00:00:00Z,2018-02-01T00:00:00Z,FALSE,NA,84840,676,rv,NA,rv,TRUE,2025-04-28 19:33:39 UTC,2025-04-28 19:33:39 UTC,NA,http://polling.reuters.com/#!response/TM1178Y17/type/smallest/filters/PD1:1,NA,NA,NA,Congress,23.7,68,8.4
50867,241,Ipsos,,Reuters,NA,NA,NA,Ipsos,Probability Panel,NA,2018-01-28T00:00:00Z,2018-02-01T00:00:00Z,FALSE,NA,85337,817,a,NA,a,TRUE,2025-04-28 19:33:39 UTC,2025-04-28 19:33:39 UTC,NA,http://polling.reuters.com/#!response/TM1178Y17/type/smallest,NA,NA,NA,Congress,23.5,65.3,11.3
50879,241,Ipsos,,Reuters,NA,NA,NA,Ipsos,Probability Panel,NA,2018-01-29T00:00:00Z,2018-02-02T00:00:00Z,FALSE,NA,85336,796,a,NA,a,TRUE,2025-04-28 19:33:25 UTC,2025-04-28 19:33:25 UTC,NA,http://polling.reuters.com/#!response/TM1178Y17/type/smallest,NA,NA,NA,Congress,23.9,64.7,11.4
50879,241,Ipsos,,Reuters,NA,NA,NA,Ipsos,Probability Panel,NA,2018-01-29T00:00:00Z,2018-02-02T00:00:00Z,FALSE,NA,84839,663,rv,NA,rv,TRUE,2025-04-28 19:33:25 UTC,2025-04-28 19:33:25 UTC,NA,http://polling.reuters.com/#!response/TM1178Y17/type/smallest/filters/PD1:1,NA,NA,NA,Congress,22.7,68.7,8.6
50878,241,Ipsos,,Reuters,NA,NA,NA,Ipsos,Probability Panel,NA,2018-01-30T00:00:00Z,2018-02-03T00:00:00Z,FALSE,NA,85335,1116,a,NA,a,TRUE,2025-04-28 19:33:39 UTC,2025-04-28 19:33:39 UTC,NA,http://polling.reuters.com/#!response/TM1178Y17/type/smallest,NA,NA,NA,Congress,20.7,67.8,11.6
50878,241,Ipsos,,Reuters,NA,NA,NA,Ipsos,Probability Panel,NA,2018-01-30T00:00:00Z,2018-02-03T00:00:00Z,FALSE,NA,84838,938,rv,NA,rv,TRUE,2025-04-28 19:33:25 UTC,2025-04-28 19:33:25 UTC,NA,http://polling.reuters.com/#!response/TM1178Y17/type/smallest/filters/PD1:1,NA,NA,NA,Congress,19.9,71.8,8.3
50877,241,Ipsos,,Reuters,NA,NA,NA,Ipsos,Probability Panel,NA,2018-01-31T00:00:00Z,2018-02-04T00:00:00Z,FALSE,NA,84837,1209,rv,NA,rv,TRUE,2025-04-28 19:33:39 UTC,2025-04-28 19:33:39 UTC,NA,http://polling.reuters.com/#!response/TM1178Y17/type/smallest/filters/PD1:1,NA,NA,NA,Congress,21.6,70.6,7.8
50877,241,Ipsos,,Reuters,NA,NA,NA,Ipsos,Probability Panel,NA,2018-01-31T00:00:00Z,2018-02-04T00:00:00Z,FALSE,NA,85334,1427,a,NA,a,TRUE,2025-04-28 19:33:39 UTC,2025-04-28 19:33:39 UTC,NA,http://polling.reuters.com/#!response/TM1178Y17/type/smallest,NA,NA,NA,Congress,22.3,66.7,11
50883,396,Quinnipiac,,NA,NA,NA,NA,Quinnipiac University,Live Phone,NA,2018-02-02T00:00:00Z,2018-02-05T00:00:00Z,FALSE,NA,85830,1333,rv,NA,rv,FALSE,2025-04-28 19:33:30 UTC,2025-04-28 19:33:30 UTC,NA,https://poll.qu.edu/poll-release-legacy?releaseid=2518,NA,NA,https://poll.qu.edu/poll-release-legacy?releaseid=2518,Congress,15,77,0
50876,241,Ipsos,,Reuters,NA,NA,NA,Ipsos,Probability Panel,NA,2018-02-01T00:00:00Z,2018-02-05T00:00:00Z,FALSE,NA,84836,1280,rv,NA,rv,TRUE,2025-04-28 19:33:25 UTC,2025-04-28 19:33:25 UTC,NA,http://polling.reuters.com/#!response/TM1178Y17/type/smallest/filters/PD1:1,NA,NA,NA,Congress,21.2,71.6,7.2
50876,241,Ipsos,,Reuters,NA,NA,NA,Ipsos,Probability Panel,NA,2018-02-01T00:00:00Z,2018-02-05T00:00:00Z,FALSE,NA,85333,1518,a,NA,a,TRUE,2025-04-28 19:33:39 UTC,2025-04-28 19:33:39 UTC,NA,http://polling.reuters.com/#!response/TM1178Y17/type/smallest,NA,NA,NA,Congress,21.7,67.7,10.7
50882,568,YouGov,,The Economist,NA,NA,NA,YouGov,Online Matched Sample,NA,2018-02-04T00:00:00Z,2018-02-06T00:00:00Z,FALSE,NA,85831,1320,rv,NA,rv,FALSE,2025-04-28 19:33:07 UTC,2025-04-28 19:33:07 UTC,NA,NA,NA,NA,NA,Congress,11,70,0
50890,241,Ipsos,,Reuters,NA,NA,NA,Ipsos,Probability Panel,NA,2018-02-02T00:00:00Z,2018-02-06T00:00:00Z,FALSE,NA,84835,1293,rv,NA,rv,TRUE,2025-04-28 19:33:25 UTC,2025-04-28 19:33:25 UTC,NA,http://polling.reuters.com/#!response/TM1178Y17/type/smallest/filters/PD1:1,NA,NA,NA,Congress,20.6,72.5,6.9
50890,241,Ipsos,,Reuters,NA,NA,NA,Ipsos,Probability Panel,NA,2018-02-02T00:00:00Z,2018-02-06T00:00:00Z,FALSE,NA,85332,1555,a,NA,a,TRUE,2025-04-28 19:33:25 UTC,2025-04-28 19:33:25 UTC,NA,http://polling.reuters.com/#!response/TM1178Y17/type/smallest,NA,NA,NA,Congress,21.1,68.4,10.5
50889,241,Ipsos,,Reuters,NA,NA,NA,Ipsos,Probability Panel,NA,2018-02-03T00:00:00Z,2018-02-07T00:00:00Z,FALSE,NA,84834,1307,rv,NA,rv,TRUE,2025-04-28 19:33:25 UTC,2025-04-28 19:33:25 UTC,NA,http://polling.reuters.com/#!response/TM1178Y17/type/smallest/filters/PD1:1,NA,NA,NA,Congress,20.6,72.3,7.1
50889,241,Ipsos,,Reuters,NA,NA,NA,Ipsos,Probability Panel,NA,2018-02-03T00:00:00Z,2018-02-07T00:00:00Z,FALSE,NA,85331,1577,a,NA,a,TRUE,2025-04-28 19:33:25 UTC,2025-04-28 19:33:25 UTC,NA,http://polling.reuters.com/#!response/TM1178Y17/type/smallest,NA,NA,NA,Congress,20.8,68.3,10.9
50888,241,Ipsos,,Reuters,NA,NA,NA,Ipsos,Probability Panel,NA,2018-02-04T00:00:00Z,2018-02-08T00:00:00Z,FALSE,NA,84833,1044,rv,NA,rv,TRUE,2025-04-28 19:33:15 UTC,2025-04-28 19:33:15 UTC,NA,http://polling.reuters.com/#!response/TM1178Y17/type/smallest/filters/PD1:1,NA,NA,NA,Congress,22.6,70.7,6.7
50888,241,Ipsos,,Reuters,NA,NA,NA,Ipsos,Probability Panel,NA,2018-02-04T00:00:00Z,2018-02-08T00:00:00Z,FALSE,NA,85330,1288,a,NA,a,TRUE,2025-04-28 19:33:25 UTC,2025-04-28 19:33:25 UTC,NA,http://polling.reuters.com/#!response/TM1178Y17/type/smallest,NA,NA,NA,Congress,22.2,67.5,10.3
50898,241,Ipsos,,Reuters,NA,NA,NA,Ipsos,Probability Panel,NA,2018-02-05T00:00:00Z,2018-02-09T00:00:00Z,FALSE,NA,85329,969,a,NA,a,TRUE,2025-04-28 19:33:25 UTC,2025-04-28 19:33:25 UTC,NA,http://polling.reuters.com/#!response/TM1178Y17/type/smallest,NA,NA,NA,Congress,20.7,68.9,10.4
50898,241,Ipsos,,Reuters,NA,NA,NA,Ipsos,Probability Panel,NA,2018-02-05T00:00:00Z,2018-02-09T00:00:00Z,FALSE,NA,84832,768,rv,NA,rv,TRUE,2025-04-28 19:33:15 UTC,2025-04-28 19:33:15 UTC,NA,http://polling.reuters.com/#!response/TM1178Y17/type/smallest/filters/PD1:1,NA,NA,NA,Congress,20.9,72.2,6.9
53520,169,Gallup,,NA,NA,NA,NA,Gallup,NA,NA,2018-02-01T00:00:00Z,2018-02-10T00:00:00Z,FALSE,NA,85829,1044,a,NA,a,FALSE,2025-04-28 19:33:16 UTC,2025-04-28 19:33:16 UTC,NA,https://www.realclearpolitics.com/docs/Gallup_Congress_JA_February_2018.pdf,NA,NA,NA,Congress,15,81,0
50897,241,Ipsos,,Reuters,NA,NA,NA,Ipsos,Probability Panel,NA,2018-02-06T00:00:00Z,2018-02-10T00:00:00Z,FALSE,NA,85328,858,a,NA,a,TRUE,2025-04-28 19:33:25 UTC,2025-04-28 19:33:25 UTC,NA,http://polling.reuters.com/#!response/TM1178Y17/type/smallest,NA,NA,NA,Congress,21.2,68.3,10.5
50897,241,Ipsos,,Reuters,NA,NA,NA,Ipsos,Probability Panel,NA,2018-02-06T00:00:00Z,2018-02-10T00:00:00Z,FALSE,NA,84831,681,rv,NA,rv,TRUE,2025-04-28 19:33:15 UTC,2025-04-28 19:33:15 UTC,NA,http://polling.reuters.com/#!response/TM1178Y17/type/smallest/filters/PD1:1,NA,NA,NA,Congress,21.8,70.9,7.3
50896,241,Ipsos,,Reuters,NA,NA,NA,Ipsos,Probability Panel,NA,2018-02-07T00:00:00Z,2018-02-11T00:00:00Z,FALSE,NA,85327,770,a,NA,a,TRUE,2025-04-28 19:33:25 UTC,2025-04-28 19:33:25 UTC,NA,http://polling.reuters.com/#!response/TM1178Y17/type/smallest,NA,NA,NA,Congress,21.8,66.8,11.5
50902,383,PPP,,NA,NA,NA,NA,Public Policy Polling,NA,NA,2018-02-09T00:00:00Z,2018-02-11T00:00:00Z,FALSE,DEM,85832,687,rv,NA,rv,FALSE,2025-04-28 19:33:07 UTC,2025-04-28 19:33:07 UTC,NA,NA,NA,NA,NA,Congress,10,73,0
50896,241,Ipsos,,Reuters,NA,NA,NA,Ipsos,Probability Panel,NA,2018-02-07T00:00:00Z,2018-02-11T00:00:00Z,FALSE,NA,84830,623,rv,NA,rv,TRUE,2025-04-28 19:33:15 UTC,2025-04-28 19:33:15 UTC,NA,http://polling.reuters.com/#!response/TM1178Y17/type/smallest/filters/PD1:1,NA,NA,NA,Congress,22.7,68.7,8.6
50895,241,Ipsos,,Reuters,NA,NA,NA,Ipsos,Probability Panel,NA,2018-02-08T00:00:00Z,2018-02-12T00:00:00Z,FALSE,NA,85326,780,a,NA,a,TRUE,2025-04-28 19:33:25 UTC,2025-04-28 19:33:25 UTC,NA,http://polling.reuters.com/#!response/TM1178Y17/type/smallest,NA,NA,NA,Congress,23.5,66.3,10.2
50895,241,Ipsos,,Reuters,NA,NA,NA,Ipsos,Probability Panel,NA,2018-02-08T00:00:00Z,2018-02-12T00:00:00Z,FALSE,NA,84829,634,rv,NA,rv,TRUE,2025-04-28 19:33:25 UTC,2025-04-28 19:33:25 UTC,NA,http://polling.reuters.com/#!response/TM1178Y17/type/smallest/filters/PD1:1,NA,NA,NA,Congress,24.2,68.1,7.8
50910,241,Ipsos,,Reuters,NA,NA,NA,Ipsos,Probability Panel,NA,2018-02-09T00:00:00Z,2018-02-13T00:00:00Z,FALSE,NA,84828,615,rv,NA,rv,TRUE,2025-04-28 19:33:27 UTC,2025-04-28 19:33:27 UTC,NA,http://polling.reuters.com/#!response/TM1178Y17/type/smallest/filters/PD1:1,NA,NA,NA,Congress,23.6,68.3,8.1
50903,568,YouGov,,The Economist,NA,NA,NA,YouGov,Online Matched Sample,NA,2018-02-11T00:00:00Z,2018-02-13T00:00:00Z,FALSE,NA,85833,1280,rv,NA,rv,FALSE,2025-04-28 19:33:07 UTC,2025-04-28 19:33:07 UTC,NA,NA,NA,NA,NA,Congress,12,68,0
50910,241,Ipsos,,Reuters,NA,NA,NA,Ipsos,Probability Panel,NA,2018-02-09T00:00:00Z,2018-02-13T00:00:00Z,FALSE,NA,85325,758,a,NA,a,TRUE,2025-04-28 19:33:27 UTC,2025-04-28 19:33:27 UTC,NA,http://polling.reuters.com/#!response/TM1178Y17/type/smallest,NA,NA,NA,Congress,22.9,66.2,11
50909,241,Ipsos,,Reuters,NA,NA,NA,Ipsos,Probability Panel,NA,2018-02-10T00:00:00Z,2018-02-14T00:00:00Z,FALSE,NA,85324,747,a,NA,a,TRUE,2025-04-28 19:33:25 UTC,2025-04-28 19:33:25 UTC,NA,http://polling.reuters.com/#!response/TM1178Y17/type/smallest,NA,NA,NA,Congress,24.2,65.2,10.6
50909,241,Ipsos,,Reuters,NA,NA,NA,Ipsos,Probability Panel,NA,2018-02-10T00:00:00Z,2018-02-14T00:00:00Z,FALSE,NA,84827,607,rv,NA,rv,TRUE,2025-04-28 19:33:25 UTC,2025-04-28 19:33:25 UTC,NA,http://polling.reuters.com/#!response/TM1178Y17/type/smallest/filters/PD1:1,NA,NA,NA,Congress,25.3,67.1,7.6
50908,241,Ipsos,,Reuters,NA,NA,NA,Ipsos,Probability Panel,NA,2018-02-11T00:00:00Z,2018-02-15T00:00:00Z,FALSE,NA,85323,759,a,NA,a,TRUE,2025-04-28 19:33:39 UTC,2025-04-28 19:33:39 UTC,NA,http://polling.reuters.com/#!response/TM1178Y17/type/smallest,NA,NA,NA,Congress,22.4,68,9.6
50908,241,Ipsos,,Reuters,NA,NA,NA,Ipsos,Probability Panel,NA,2018-02-11T00:00:00Z,2018-02-15T00:00:00Z,FALSE,NA,84826,617,rv,NA,rv,TRUE,2025-04-28 19:33:39 UTC,2025-04-28 19:33:39 UTC,NA,http://polling.reuters.com/#!response/TM1178Y17/type/smallest/filters/PD1:1,NA,NA,NA,Congress,22.2,70.9,6.9
50918,241,Ipsos,,Reuters,NA,NA,NA,Ipsos,Probability Panel,NA,2018-02-12T00:00:00Z,2018-02-16T00:00:00Z,FALSE,NA,85322,805,a,NA,a,TRUE,2025-04-28 19:33:25 UTC,2025-04-28 19:33:25 UTC,NA,http://polling.reuters.com/#!response/TM1178Y17/type/smallest,NA,NA,NA,Congress,23.4,65.4,11.2
50918,241,Ipsos,,Reuters,NA,NA,NA,Ipsos,Probability Panel,NA,2018-02-12T00:00:00Z,2018-02-16T00:00:00Z,FALSE,NA,84825,650,rv,NA,rv,TRUE,2025-04-28 19:33:25 UTC,2025-04-28 19:33:25 UTC,NA,http://polling.reuters.com/#!response/TM1178Y17/type/smallest/filters/PD1:1,NA,NA,NA,Congress,23.7,68.7,7.6
50917,241,Ipsos,,Reuters,NA,NA,NA,Ipsos,Probability Panel,NA,2018-02-13T00:00:00Z,2018-02-17T00:00:00Z,FALSE,NA,85321,629,a,NA,a,TRUE,2025-04-28 19:33:39 UTC,2025-04-28 19:33:39 UTC,NA,http://polling.reuters.com/#!response/TM1178Y17/type/smallest,NA,NA,NA,Congress,23.3,64.7,12
50917,241,Ipsos,,Reuters,NA,NA,NA,Ipsos,Probability Panel,NA,2018-02-13T00:00:00Z,2018-02-17T00:00:00Z,FALSE,NA,84824,504,rv,NA,rv,TRUE,2025-04-28 19:33:25 UTC,2025-04-28 19:33:25 UTC,NA,http://polling.reuters.com/#!response/TM1178Y17/type/smallest/filters/PD1:1,NA,NA,NA,Congress,23.8,67.8,8.4
50916,241,Ipsos,,Reuters,NA,NA,NA,Ipsos,Probability Panel,NA,2018-02-14T00:00:00Z,2018-02-18T00:00:00Z,FALSE,NA,85320,476,a,NA,a,TRUE,2025-04-28 19:33:29 UTC,2025-04-28 19:33:29 UTC,NA,http://polling.reuters.com/#!response/TM1178Y17/type/smallest,NA,NA,NA,Congress,23,63.6,13.4
50916,241,Ipsos,,Reuters,NA,NA,NA,Ipsos,Probability Panel,NA,2018-02-14T00:00:00Z,2018-02-18T00:00:00Z,FALSE,NA,84823,387,rv,NA,rv,TRUE,2025-04-28 19:33:29 UTC,2025-04-28 19:33:29 UTC,NA,http://polling.reuters.com/#!response/TM1178Y17/type/smallest/filters/PD1:1,NA,NA,NA,Congress,23.2,67.5,9.3
50915,241,Ipsos,,Reuters,NA,NA,NA,Ipsos,Probability Panel,NA,2018-02-15T00:00:00Z,2018-02-19T00:00:00Z,FALSE,NA,84822,377,rv,NA,rv,TRUE,2025-04-28 19:33:39 UTC,2025-04-28 19:33:39 UTC,NA,http://polling.reuters.com/#!response/TM1178Y17/type/smallest/filters/PD1:1,NA,NA,NA,Congress,18.9,71.8,9.3
50928,1360,AP-NORC,,The Associated Press,NA,NA,NA,AP-NORC,Live Phone,NA,2018-02-15T00:00:00Z,2018-02-19T00:00:00Z,FALSE,NA,91925,1337,a,NA,a,FALSE,2025-04-28 19:33:19 UTC,2025-04-28 19:33:19 UTC,NA,http://apnorc.org/PDFs/AP-NORC%20Omnibus%20February%202018/February%202018%20Custom%20Poll%20Topline_Second%20AP%20Story.pdf,NA,http://apnorc.org/PDFs/AP-NORC%20Omnibus%20February%202018/February%202018%20Custom%20Poll%20Topline_Second%20AP%20Story.pdf,NA,Congress,14,85,0
50915,241,Ipsos,,Reuters,NA,NA,NA,Ipsos,Probability Panel,NA,2018-02-15T00:00:00Z,2018-02-19T00:00:00Z,FALSE,NA,85319,486,a,NA,a,TRUE,2025-04-28 19:33:39 UTC,2025-04-28 19:33:39 UTC,NA,http://polling.reuters.com/#!response/TM1178Y17/type/smallest,NA,NA,NA,Congress,19.2,66.7,14.1
50931,241,Ipsos,,Reuters,NA,NA,NA,Ipsos,Probability Panel,NA,2018-02-16T00:00:00Z,2018-02-20T00:00:00Z,FALSE,NA,85318,555,a,NA,a,TRUE,2025-04-28 19:33:25 UTC,2025-04-28 19:33:25 UTC,NA,http://polling.reuters.com/#!response/TM1178Y17/type/smallest,NA,NA,NA,Congress,18.8,65.8,15.4
50931,241,Ipsos,,Reuters,NA,NA,NA,Ipsos,Probability Panel,NA,2018-02-16T00:00:00Z,2018-02-20T00:00:00Z,FALSE,NA,84821,436,rv,NA,rv,TRUE,2025-04-28 19:33:25 UTC,2025-04-28 19:33:25 UTC,NA,http://polling.reuters.com/#!response/TM1178Y17/type/smallest/filters/PD1:1,NA,NA,NA,Congress,19.9,70.4,9.7
50923,568,YouGov,,The Economist,NA,NA,NA,YouGov,Online Matched Sample,NA,2018-02-18T00:00:00Z,2018-02-20T00:00:00Z,FALSE,NA,85834,1308,rv,NA,rv,FALSE,2025-04-28 19:33:07 UTC,2025-04-28 19:33:07 UTC,NA,NA,NA,NA,NA,Congress,10,70,0
50930,241,Ipsos,,Reuters,NA,NA,NA,Ipsos,Probability Panel,NA,2018-02-17T00:00:00Z,2018-02-21T00:00:00Z,FALSE,NA,84820,475,rv,NA,rv,TRUE,2025-04-28 19:33:40 UTC,2025-04-28 19:33:40 UTC,NA,http://polling.reuters.com/#!response/TM1178Y17/type/smallest/filters/PD1:1,NA,NA,NA,Congress,20.5,71.8,7.7
50930,241,Ipsos,,Reuters,NA,NA,NA,Ipsos,Probability Panel,NA,2018-02-17T00:00:00Z,2018-02-21T00:00:00Z,FALSE,NA,85317,597,a,NA,a,TRUE,2025-04-28 19:33:25 UTC,2025-04-28 19:33:25 UTC,NA,http://polling.reuters.com/#!response/TM1178Y17/type/smallest,NA,NA,NA,Congress,19.7,66.6,13.6
50929,241,Ipsos,,Reuters,NA,NA,NA,Ipsos,Probability Panel,NA,2018-02-18T00:00:00Z,2018-02-22T00:00:00Z,FALSE,NA,84819,658,rv,NA,rv,TRUE,2025-04-28 19:33:39 UTC,2025-04-28 19:33:39 UTC,NA,http://polling.reuters.com/#!response/TM1178Y17/type/smallest/filters/PD1:1,NA,NA,NA,Congress,20.9,70.5,8.5
50929,241,Ipsos,,Reuters,NA,NA,NA,Ipsos,Probability Panel,NA,2018-02-18T00:00:00Z,2018-02-22T00:00:00Z,FALSE,NA,85316,818,a,NA,a,TRUE,2025-04-28 19:33:29 UTC,2025-04-28 19:33:29 UTC,NA,http://polling.reuters.com/#!response/TM1178Y17/type/smallest,NA,NA,NA,Congress,20.1,66.9,13
50941,241,Ipsos,,Reuters,NA,NA,NA,Ipsos,Probability Panel,NA,2018-02-19T00:00:00Z,2018-02-23T00:00:00Z,FALSE,NA,84818,867,rv,NA,rv,TRUE,2025-04-28 19:33:25 UTC,2025-04-28 19:33:25 UTC,NA,http://polling.reuters.com/#!response/TM1178Y17/type/smallest/filters/PD1:1,NA,NA,NA,Congress,21.8,69,9.2
50941,241,Ipsos,,Reuters,NA,NA,NA,Ipsos,Probability Panel,NA,2018-02-19T00:00:00Z,2018-02-23T00:00:00Z,FALSE,NA,85315,1063,a,NA,a,TRUE,2025-04-28 19:33:40 UTC,2025-04-28 19:33:40 UTC,NA,http://polling.reuters.com/#!response/TM1178Y17/type/smallest,NA,NA,NA,Congress,21,65.9,13.1
50940,241,Ipsos,,Reuters,NA,NA,NA,Ipsos,Probability Panel,NA,2018-02-20T00:00:00Z,2018-02-24T00:00:00Z,FALSE,NA,84817,878,rv,NA,rv,TRUE,2025-04-28 19:33:40 UTC,2025-04-28 19:33:40 UTC,NA,http://polling.reuters.com/#!response/TM1178Y17/type/smallest/filters/PD1:1,NA,NA,NA,Congress,23.8,65.9,10.2
50940,241,Ipsos,,Reuters,NA,NA,NA,Ipsos,Probability Panel,NA,2018-02-20T00:00:00Z,2018-02-24T00:00:00Z,FALSE,NA,85314,1052,a,NA,a,TRUE,2025-04-28 19:33:40 UTC,2025-04-28 19:33:40 UTC,NA,http://polling.reuters.com/#!response/TM1178Y17/type/smallest,NA,NA,NA,Congress,22.6,64.4,13
50933,458,Suffolk,,USA Today,NA,NA,NA,Suffolk University,NA,NA,2018-02-20T00:00:00Z,2018-02-24T00:00:00Z,FALSE,NA,85835,1000,rv,NA,rv,FALSE,2025-04-28 19:33:07 UTC,2025-04-28 19:33:07 UTC,NA,NA,NA,NA,NA,Congress,14.5,74.9,0
50939,241,Ipsos,,Reuters,NA,NA,NA,Ipsos,Probability Panel,NA,2018-02-21T00:00:00Z,2018-02-25T00:00:00Z,FALSE,NA,84816,813,rv,NA,rv,TRUE,2025-04-28 19:33:25 UTC,2025-04-28 19:33:25 UTC,NA,http://polling.reuters.com/#!response/TM1178Y17/type/smallest/filters/PD1:1,NA,NA,NA,Congress,23.7,66.7,9.7
50939,241,Ipsos,,Reuters,NA,NA,NA,Ipsos,Probability Panel,NA,2018-02-21T00:00:00Z,2018-02-25T00:00:00Z,FALSE,NA,85313,972,a,NA,a,TRUE,2025-04-28 19:33:25 UTC,2025-04-28 19:33:25 UTC,NA,http://polling.reuters.com/#!response/TM1178Y17/type/smallest,NA,NA,NA,Congress,22.7,65.1,12.2
50938,241,Ipsos,,Reuters,NA,NA,NA,Ipsos,Probability Panel,NA,2018-02-22T00:00:00Z,2018-02-26T00:00:00Z,FALSE,NA,84815,775,rv,NA,rv,TRUE,2025-04-28 19:33:29 UTC,2025-04-28 19:33:29 UTC,NA,http://polling.reuters.com/#!response/TM1178Y17/type/smallest/filters/PD1:1,NA,NA,NA,Congress,23.6,66.5,9.9
50938,241,Ipsos,,Reuters,NA,NA,NA,Ipsos,Probability Panel,NA,2018-02-22T00:00:00Z,2018-02-26T00:00:00Z,FALSE,NA,85312,923,a,NA,a,TRUE,2025-04-28 19:33:29 UTC,2025-04-28 19:33:29 UTC,NA,http://polling.reuters.com/#!response/TM1178Y17/type/smallest,NA,NA,NA,Congress,22.7,66,11.3
50981,241,Ipsos,,Reuters,NA,NA,NA,Ipsos,Probability Panel,NA,2018-02-23T00:00:00Z,2018-02-27T00:00:00Z,FALSE,NA,84814,693,rv,NA,rv,TRUE,2025-04-28 19:33:25 UTC,2025-04-28 19:33:25 UTC,NA,http://polling.reuters.com/#!response/TM1178Y17/type/smallest/filters/PD1:1,NA,NA,NA,Congress,23.9,67.4,8.8
50981,241,Ipsos,,Reuters,NA,NA,NA,Ipsos,Probability Panel,NA,2018-02-23T00:00:00Z,2018-02-27T00:00:00Z,FALSE,NA,85311,824,a,NA,a,TRUE,2025-04-28 19:33:25 UTC,2025-04-28 19:33:25 UTC,NA,http://polling.reuters.com/#!response/TM1178Y17/type/smallest,NA,NA,NA,Congress,23,66.1,10.9
50942,568,YouGov,,The Economist,NA,NA,NA,YouGov,Online Matched Sample,NA,2018-02-25T00:00:00Z,2018-02-27T00:00:00Z,FALSE,NA,85836,1296,rv,NA,rv,FALSE,2025-04-28 19:33:16 UTC,2025-04-28 19:33:16 UTC,NA,https://d25d2506sfb94s.cloudfront.net/cumulus_uploads/document/h8n9gvrqyj/econTabReport.pdf,NA,NA,https://d25d2506sfb94s.cloudfront.net/cumulus_uploads/document/h8n9gvrqyj/econTabReport.pdf,Congress,13,70,0
50980,241,Ipsos,,Reuters,NA,NA,NA,Ipsos,Probability Panel,NA,2018-02-24T00:00:00Z,2018-02-28T00:00:00Z,FALSE,NA,84813,622,rv,NA,rv,TRUE,2025-04-28 19:33:25 UTC,2025-04-28 19:33:25 UTC,NA,http://polling.reuters.com/#!response/TM1178Y17/type/smallest/filters/PD1:1,NA,NA,NA,Congress,22.9,69.7,7.4
50980,241,Ipsos,,Reuters,NA,NA,NA,Ipsos,Probability Panel,NA,2018-02-24T00:00:00Z,2018-02-28T00:00:00Z,FALSE,NA,85310,749,a,NA,a,TRUE,2025-04-28 19:33:25 UTC,2025-04-28 19:33:25 UTC,NA,http://polling.reuters.com/#!response/TM1178Y17/type/smallest,NA,NA,NA,Congress,21.6,67.7,10.7
66573,552,Winston,,Winning the Issues,NA,NA,NA,The Winston Group,Online Opt-In Panel,NA,2018-02-27T00:00:00Z,2018-02-28T00:00:00Z,FALSE,REP,124091,1000,rv,NA,rv,FALSE,2025-04-28 19:33:32 UTC,2025-04-28 19:33:32 UTC,NA,https://www.winningtheissues.org/wp-content/uploads/2018/04/Winning-the-Issues-Feb-2018-Toplines-Final.pdf,NA,https://www.winningtheissues.org/wp-content/uploads/2018/04/Winning-the-Issues-Feb-2018-Toplines-Final.pdf,NA,Congress,23,63,14
50979,241,Ipsos,,Reuters,NA,NA,NA,Ipsos,Probability Panel,NA,2018-02-25T00:00:00Z,2018-03-01T00:00:00Z,FALSE,NA,85309,747,a,NA,a,TRUE,2025-04-28 19:33:39 UTC,2025-04-28 19:33:39 UTC,NA,http://polling.reuters.com/#!response/TM1178Y17/type/smallest,NA,NA,NA,Congress,20.9,68,11.1
50979,241,Ipsos,,Reuters,NA,NA,NA,Ipsos,Probability Panel,NA,2018-02-25T00:00:00Z,2018-03-01T00:00:00Z,FALSE,NA,84812,614,rv,NA,rv,TRUE,2025-04-28 19:33:39 UTC,2025-04-28 19:33:39 UTC,NA,http://polling.reuters.com/#!response/TM1178Y17/type/smallest/filters/PD1:1,NA,NA,NA,Congress,22.2,71.9,6
50990,241,Ipsos,,Reuters,NA,NA,NA,Ipsos,Probability Panel,NA,2018-02-26T00:00:00Z,2018-03-02T00:00:00Z,FALSE,NA,85308,767,a,NA,a,TRUE,2025-04-28 19:33:25 UTC,2025-04-28 19:33:25 UTC,NA,http://polling.reuters.com/#!response/TM1178Y17/type/smallest,NA,NA,NA,Congress,22,67.5,10.5
50990,241,Ipsos,,Reuters,NA,NA,NA,Ipsos,Probability Panel,NA,2018-02-26T00:00:00Z,2018-03-02T00:00:00Z,FALSE,NA,84811,626,rv,NA,rv,TRUE,2025-04-28 19:33:25 UTC,2025-04-28 19:33:25 UTC,NA,http://polling.reuters.com/#!response/TM1178Y17/type/smallest/filters/PD1:1,NA,NA,NA,Congress,23.6,70.5,5.9
50989,241,Ipsos,,Reuters,NA,NA,NA,Ipsos,Probability Panel,NA,2018-02-27T00:00:00Z,2018-03-03T00:00:00Z,FALSE,NA,84810,640,rv,NA,rv,TRUE,2025-04-28 19:33:39 UTC,2025-04-28 19:33:39 UTC,NA,http://polling.reuters.com/#!response/TM1178Y17/type/smallest/filters/PD1:1,NA,NA,NA,Congress,24.1,69.6,6.3
50989,241,Ipsos,,Reuters,NA,NA,NA,Ipsos,Probability Panel,NA,2018-02-27T00:00:00Z,2018-03-03T00:00:00Z,FALSE,NA,85307,768,a,NA,a,TRUE,2025-04-28 19:33:25 UTC,2025-04-28 19:33:25 UTC,NA,http://polling.reuters.com/#!response/TM1178Y17/type/smallest,NA,NA,NA,Congress,22.6,66.3,11.1
50988,241,Ipsos,,Reuters,NA,NA,NA,Ipsos,Probability Panel,NA,2018-02-28T00:00:00Z,2018-03-04T00:00:00Z,FALSE,NA,85306,802,a,NA,a,TRUE,2025-04-28 19:33:39 UTC,2025-04-28 19:33:39 UTC,NA,http://polling.reuters.com/#!response/TM1178Y17/type/smallest,NA,NA,NA,Congress,22.6,66,11.4
50988,241,Ipsos,,Reuters,NA,NA,NA,Ipsos,Probability Panel,NA,2018-02-28T00:00:00Z,2018-03-04T00:00:00Z,FALSE,NA,84809,659,rv,NA,rv,TRUE,2025-04-28 19:33:39 UTC,2025-04-28 19:33:39 UTC,NA,http://polling.reuters.com/#!response/TM1178Y17/type/smallest/filters/PD1:1,NA,NA,NA,Congress,24.5,69.2,6.3
50995,396,Quinnipiac,,NA,NA,NA,NA,Quinnipiac University,Live Phone,NA,2018-03-03T00:00:00Z,2018-03-05T00:00:00Z,FALSE,NA,85839,1122,rv,NA,rv,FALSE,2025-04-28 19:33:16 UTC,2025-04-28 19:33:16 UTC,NA,https://poll.qu.edu/poll-release-legacy?releaseid=2526,NA,NA,https://poll.qu.edu/poll-release-legacy?releaseid=2526,Congress,13,80,0
50994,320,Monmouth,,NA,NA,NA,NA,Monmouth University Polling Institute,Live Phone,NA,2018-03-02T00:00:00Z,2018-03-05T00:00:00Z,FALSE,NA,85838,708,rv,NA,rv,FALSE,2025-04-28 19:33:15 UTC,2025-04-28 19:33:15 UTC,NA,https://www.monmouth.edu/polling-institute/documents/monmouthpoll_us_030718.pdf/,NA,NA,NA,Congress,17,75,0
50987,241,Ipsos,,Reuters,NA,NA,NA,Ipsos,Probability Panel,NA,2018-03-01T00:00:00Z,2018-03-05T00:00:00Z,FALSE,NA,84808,850,rv,NA,rv,TRUE,2025-04-28 19:33:25 UTC,2025-04-28 19:33:25 UTC,NA,http://polling.reuters.com/#!response/TM1178Y17/type/smallest/filters/PD1:1,NA,NA,NA,Congress,25.2,68.4,6.4
50987,241,Ipsos,,Reuters,NA,NA,NA,Ipsos,Probability Panel,NA,2018-03-01T00:00:00Z,2018-03-05T00:00:00Z,FALSE,NA,85305,1027,a,NA,a,TRUE,2025-04-28 19:33:25 UTC,2025-04-28 19:33:25 UTC,NA,http://polling.reuters.com/#!response/TM1178Y17/type/smallest,NA,NA,NA,Congress,23.9,64.8,11.2
51004,241,Ipsos,,Reuters,NA,NA,NA,Ipsos,Probability Panel,NA,2018-03-02T00:00:00Z,2018-03-06T00:00:00Z,FALSE,NA,85304,1461,a,NA,a,TRUE,2025-04-28 19:33:25 UTC,2025-04-28 19:33:25 UTC,NA,http://polling.reuters.com/#!response/TM1178Y17/type/smallest,NA,NA,NA,Congress,23.8,64.6,11.7
50992,568,YouGov,,The Economist,NA,NA,NA,YouGov,Online Matched Sample,NA,2018-03-04T00:00:00Z,2018-03-06T00:00:00Z,FALSE,NA,85840,1310,rv,NA,rv,FALSE,2025-04-28 19:33:16 UTC,2025-04-28 19:33:16 UTC,NA,https://d25d2506sfb94s.cloudfront.net/cumulus_uploads/document/zq33h2ipcl/econTabReport.pdf,NA,NA,https://d25d2506sfb94s.cloudfront.net/cumulus_uploads/document/zq33h2ipcl/econTabReport.pdf,Congress,11,67,0
51004,241,Ipsos,,Reuters,NA,NA,NA,Ipsos,Probability Panel,NA,2018-03-02T00:00:00Z,2018-03-06T00:00:00Z,FALSE,NA,84807,1214,rv,NA,rv,TRUE,2025-04-28 19:33:40 UTC,2025-04-28 19:33:40 UTC,NA,http://polling.reuters.com/#!response/TM1178Y17/type/smallest/filters/PD1:1,NA,NA,NA,Congress,24.9,67.7,7.4
51003,241,Ipsos,,Reuters,NA,NA,NA,Ipsos,Probability Panel,NA,2018-03-03T00:00:00Z,2018-03-07T00:00:00Z,FALSE,NA,85303,1683,a,NA,a,TRUE,2025-04-28 19:33:40 UTC,2025-04-28 19:33:40 UTC,NA,http://polling.reuters.com/#!response/TM1178Y17/type/smallest,NA,NA,NA,Congress,23.7,64.2,12
51003,241,Ipsos,,Reuters,NA,NA,NA,Ipsos,Probability Panel,NA,2018-03-03T00:00:00Z,2018-03-07T00:00:00Z,FALSE,NA,84806,1391,rv,NA,rv,TRUE,2025-04-28 19:33:40 UTC,2025-04-28 19:33:40 UTC,NA,http://polling.reuters.com/#!response/TM1178Y17/type/smallest/filters/PD1:1,NA,NA,NA,Congress,24.9,67.6,7.5
53521,169,Gallup,,NA,NA,NA,NA,Gallup,NA,NA,2018-03-01T00:00:00Z,2018-03-08T00:00:00Z,FALSE,NA,85837,1041,a,NA,a,FALSE,2025-04-28 19:33:07 UTC,2025-04-28 19:33:07 UTC,NA,NA,NA,NA,NA,Congress,15,79,0
51002,241,Ipsos,,Reuters,NA,NA,NA,Ipsos,Probability Panel,NA,2018-03-04T00:00:00Z,2018-03-08T00:00:00Z,FALSE,NA,85302,1720,a,NA,a,TRUE,2025-04-28 19:33:25 UTC,2025-04-28 19:33:25 UTC,NA,http://polling.reuters.com/#!response/TM1178Y17/type/smallest,NA,NA,NA,Congress,23.2,64.8,12
51002,241,Ipsos,,Reuters,NA,NA,NA,Ipsos,Probability Panel,NA,2018-03-04T00:00:00Z,2018-03-08T00:00:00Z,FALSE,NA,84805,1411,rv,NA,rv,TRUE,2025-04-28 19:33:25 UTC,2025-04-28 19:33:25 UTC,NA,http://polling.reuters.com/#!response/TM1178Y17/type/smallest/filters/PD1:1,NA,NA,NA,Congress,24,68.7,7.4
51015,241,Ipsos,,Reuters,NA,NA,NA,Ipsos,Probability Panel,NA,2018-03-05T00:00:00Z,2018-03-09T00:00:00Z,FALSE,NA,84804,1407,rv,NA,rv,TRUE,2025-04-28 19:33:25 UTC,2025-04-28 19:33:25 UTC,NA,http://polling.reuters.com/#!response/TM1178Y17/type/smallest/filters/PD1:1,NA,NA,NA,Congress,23.9,67.9,8.2
51015,241,Ipsos,,Reuters,NA,NA,NA,Ipsos,Probability Panel,NA,2018-03-05T00:00:00Z,2018-03-09T00:00:00Z,FALSE,NA,85301,1703,a,NA,a,TRUE,2025-04-28 19:33:25 UTC,2025-04-28 19:33:25 UTC,NA,http://polling.reuters.com/#!response/TM1178Y17/type/smallest,NA,NA,NA,Congress,23.2,64.2,12.6
51014,241,Ipsos,,Reuters,NA,NA,NA,Ipsos,Probability Panel,NA,2018-03-06T00:00:00Z,2018-03-10T00:00:00Z,FALSE,NA,85300,1403,a,NA,a,TRUE,2025-04-28 19:33:40 UTC,2025-04-28 19:33:40 UTC,NA,http://polling.reuters.com/#!response/TM1178Y17/type/smallest,NA,NA,NA,Congress,22.6,64,13.4
51014,241,Ipsos,,Reuters,NA,NA,NA,Ipsos,Probability Panel,NA,2018-03-06T00:00:00Z,2018-03-10T00:00:00Z,FALSE,NA,84803,1162,rv,NA,rv,TRUE,2025-04-28 19:33:40 UTC,2025-04-28 19:33:40 UTC,NA,http://polling.reuters.com/#!response/TM1178Y17/type/smallest/filters/PD1:1,NA,NA,NA,Congress,23.1,67.5,9.4
51013,241,Ipsos,,Reuters,NA,NA,NA,Ipsos,Probability Panel,NA,2018-03-07T00:00:00Z,2018-03-11T00:00:00Z,FALSE,NA,85299,924,a,NA,a,TRUE,2025-04-28 19:33:29 UTC,2025-04-28 19:33:29 UTC,NA,http://polling.reuters.com/#!response/TM1178Y17/type/smallest,NA,NA,NA,Congress,23,64.1,12.9
51013,241,Ipsos,,Reuters,NA,NA,NA,Ipsos,Probability Panel,NA,2018-03-07T00:00:00Z,2018-03-11T00:00:00Z,FALSE,NA,84802,763,rv,NA,rv,TRUE,2025-04-28 19:33:29 UTC,2025-04-28 19:33:29 UTC,NA,http://polling.reuters.com/#!response/TM1178Y17/type/smallest/filters/PD1:1,NA,NA,NA,Congress,21.5,69.5,8.9
51012,241,Ipsos,,Reuters,NA,NA,NA,Ipsos,Probability Panel,NA,2018-03-08T00:00:00Z,2018-03-12T00:00:00Z,FALSE,NA,85298,731,a,NA,a,TRUE,2025-04-28 19:33:40 UTC,2025-04-28 19:33:40 UTC,NA,http://polling.reuters.com/#!response/TM1178Y17/type/smallest,NA,NA,NA,Congress,25.4,62.8,11.8
51012,241,Ipsos,,Reuters,NA,NA,NA,Ipsos,Probability Panel,NA,2018-03-08T00:00:00Z,2018-03-12T00:00:00Z,FALSE,NA,84801,604,rv,NA,rv,TRUE,2025-04-28 19:33:25 UTC,2025-04-28 19:33:25 UTC,NA,http://polling.reuters.com/#!response/TM1178Y17/type/smallest/filters/PD1:1,NA,NA,NA,Congress,23.9,67.4,8.7
51032,241,Ipsos,,Reuters,NA,NA,NA,Ipsos,Probability Panel,NA,2018-03-09T00:00:00Z,2018-03-13T00:00:00Z,FALSE,NA,85297,703,a,NA,a,TRUE,2025-04-28 19:33:25 UTC,2025-04-28 19:33:25 UTC,NA,http://polling.reuters.com/#!response/TM1178Y17/type/smallest,NA,NA,NA,Congress,23.7,64.1,12.2
51032,241,Ipsos,,Reuters,NA,NA,NA,Ipsos,Probability Panel,NA,2018-03-09T00:00:00Z,2018-03-13T00:00:00Z,FALSE,NA,84800,580,rv,NA,rv,TRUE,2025-04-28 19:33:25 UTC,2025-04-28 19:33:25 UTC,NA,http://polling.reuters.com/#!response/TM1178Y17/type/smallest/filters/PD1:1,NA,NA,NA,Congress,22.3,68.1,9.6
51018,568,YouGov,,The Economist,NA,NA,NA,YouGov,Online Matched Sample,NA,2018-03-10T00:00:00Z,2018-03-13T00:00:00Z,FALSE,NA,85841,1291,rv,NA,rv,FALSE,2025-04-28 19:33:16 UTC,2025-04-28 19:33:16 UTC,NA,https://d25d2506sfb94s.cloudfront.net/cumulus_uploads/document/y3tke5cxwy/econTabReport.pdf,NA,NA,https://d25d2506sfb94s.cloudfront.net/cumulus_uploads/document/y3tke5cxwy/econTabReport.pdf,Congress,10,68,0
51031,241,Ipsos,,Reuters,NA,NA,NA,Ipsos,Probability Panel,NA,2018-03-10T00:00:00Z,2018-03-14T00:00:00Z,FALSE,NA,84799,610,rv,NA,rv,TRUE,2025-04-28 19:33:25 UTC,2025-04-28 19:33:25 UTC,NA,http://polling.reuters.com/#!response/TM1178Y17/type/smallest/filters/PD1:1,NA,NA,NA,Congress,22.1,69.8,8
51031,241,Ipsos,,Reuters,NA,NA,NA,Ipsos,Probability Panel,NA,2018-03-10T00:00:00Z,2018-03-14T00:00:00Z,FALSE,NA,85296,740,a,NA,a,TRUE,2025-04-28 19:33:25 UTC,2025-04-28 19:33:25 UTC,NA,http://polling.reuters.com/#!response/TM1178Y17/type/smallest,NA,NA,NA,Congress,23.2,65.8,11
51030,241,Ipsos,,Reuters,NA,NA,NA,Ipsos,Probability Panel,NA,2018-03-11T00:00:00Z,2018-03-15T00:00:00Z,FALSE,NA,84798,632,rv,NA,rv,TRUE,2025-04-28 19:33:25 UTC,2025-04-28 19:33:25 UTC,NA,http://polling.reuters.com/#!response/TM1178Y17/type/smallest/filters/PD1:1,NA,NA,NA,Congress,20.8,71.2,8
51030,241,Ipsos,,Reuters,NA,NA,NA,Ipsos,Probability Panel,NA,2018-03-11T00:00:00Z,2018-03-15T00:00:00Z,FALSE,NA,85295,780,a,NA,a,TRUE,2025-04-28 19:33:25 UTC,2025-04-28 19:33:25 UTC,NA,http://polling.reuters.com/#!response/TM1178Y17/type/smallest,NA,NA,NA,Congress,22.8,66.1,11.1
51042,241,Ipsos,,Reuters,NA,NA,NA,Ipsos,Probability Panel,NA,2018-03-12T00:00:00Z,2018-03-16T00:00:00Z,FALSE,NA,84797,695,rv,NA,rv,TRUE,2025-04-28 19:33:40 UTC,2025-04-28 19:33:40 UTC,NA,http://polling.reuters.com/#!response/TM1178Y17/type/smallest/filters/PD1:1,NA,NA,NA,Congress,22.3,69.5,8.2
51042,241,Ipsos,,Reuters,NA,NA,NA,Ipsos,Probability Panel,NA,2018-03-12T00:00:00Z,2018-03-16T00:00:00Z,FALSE,NA,85294,846,a,NA,a,TRUE,2025-04-28 19:33:40 UTC,2025-04-28 19:33:40 UTC,NA,http://polling.reuters.com/#!response/TM1178Y17/type/smallest,NA,NA,NA,Congress,22.8,65.6,11.6
51041,241,Ipsos,,Reuters,NA,NA,NA,Ipsos,Probability Panel,NA,2018-03-13T00:00:00Z,2018-03-17T00:00:00Z,FALSE,NA,85293,810,a,NA,a,TRUE,2025-04-28 19:33:40 UTC,2025-04-28 19:33:40 UTC,NA,http://polling.reuters.com/#!response/TM1178Y17/type/smallest,NA,NA,NA,Congress,21.7,64.6,13.7
51041,241,Ipsos,,Reuters,NA,NA,NA,Ipsos,Probability Panel,NA,2018-03-13T00:00:00Z,2018-03-17T00:00:00Z,FALSE,NA,84796,674,rv,NA,rv,TRUE,2025-04-28 19:33:40 UTC,2025-04-28 19:33:40 UTC,NA,http://polling.reuters.com/#!response/TM1178Y17/type/smallest/filters/PD1:1,NA,NA,NA,Congress,22.1,68.7,9.2
51040,241,Ipsos,,Reuters,NA,NA,NA,Ipsos,Probability Panel,NA,2018-03-14T00:00:00Z,2018-03-18T00:00:00Z,FALSE,NA,84795,635,rv,NA,rv,TRUE,2025-04-28 19:33:25 UTC,2025-04-28 19:33:25 UTC,NA,http://polling.reuters.com/#!response/TM1178Y17/type/smallest/filters/PD1:1,NA,NA,NA,Congress,22.6,68.9,8.5
51040,241,Ipsos,,Reuters,NA,NA,NA,Ipsos,Probability Panel,NA,2018-03-14T00:00:00Z,2018-03-18T00:00:00Z,FALSE,NA,85292,780,a,NA,a,TRUE,2025-04-28 19:33:25 UTC,2025-04-28 19:33:25 UTC,NA,http://polling.reuters.com/#!response/TM1178Y17/type/smallest,NA,NA,NA,Congress,21.6,63.8,14.7
51039,241,Ipsos,,Reuters,NA,NA,NA,Ipsos,Probability Panel,NA,2018-03-15T00:00:00Z,2018-03-19T00:00:00Z,FALSE,NA,84794,625,rv,NA,rv,TRUE,2025-04-28 19:33:40 UTC,2025-04-28 19:33:40 UTC,NA,http://polling.reuters.com/#!response/TM1178Y17/type/smallest/filters/PD1:1,NA,NA,NA,Congress,22.2,68.9,8.9
51039,241,Ipsos,,Reuters,NA,NA,NA,Ipsos,Probability Panel,NA,2018-03-15T00:00:00Z,2018-03-19T00:00:00Z,FALSE,NA,85291,776,a,NA,a,TRUE,2025-04-28 19:33:40 UTC,2025-04-28 19:33:40 UTC,NA,http://polling.reuters.com/#!response/TM1178Y17/type/smallest,NA,NA,NA,Congress,21.6,62.4,16
51057,241,Ipsos,,Reuters,NA,NA,NA,Ipsos,Probability Panel,NA,2018-03-16T00:00:00Z,2018-03-20T00:00:00Z,FALSE,NA,84793,666,rv,NA,rv,TRUE,2025-04-28 19:33:25 UTC,2025-04-28 19:33:25 UTC,NA,http://polling.reuters.com/#!response/TM1178Y17/type/smallest/filters/PD1:1,NA,NA,NA,Congress,23,68.6,8.4
51057,241,Ipsos,,Reuters,NA,NA,NA,Ipsos,Probability Panel,NA,2018-03-16T00:00:00Z,2018-03-20T00:00:00Z,FALSE,NA,85290,816,a,NA,a,TRUE,2025-04-28 19:33:25 UTC,2025-04-28 19:33:25 UTC,NA,http://polling.reuters.com/#!response/TM1178Y17/type/smallest,NA,NA,NA,Congress,21.1,63.5,15.4
51048,568,YouGov,,The Economist,NA,NA,NA,YouGov,Online Matched Sample,NA,2018-03-18T00:00:00Z,2018-03-20T00:00:00Z,FALSE,NA,85842,1284,rv,NA,rv,FALSE,2025-04-28 19:33:07 UTC,2025-04-28 19:33:07 UTC,NA,NA,NA,NA,NA,Congress,11,69,0
51056,241,Ipsos,,Reuters,NA,NA,NA,Ipsos,Probability Panel,NA,2018-03-17T00:00:00Z,2018-03-21T00:00:00Z,FALSE,NA,85289,1136,a,NA,a,TRUE,2025-04-28 19:33:25 UTC,2025-04-28 19:33:25 UTC,NA,http://polling.reuters.com/#!response/TM1178Y17/type/smallest,NA,NA,NA,Congress,20.8,64.4,14.8
51056,241,Ipsos,,Reuters,NA,NA,NA,Ipsos,Probability Panel,NA,2018-03-17T00:00:00Z,2018-03-21T00:00:00Z,FALSE,NA,84792,934,rv,NA,rv,TRUE,2025-04-28 19:33:25 UTC,2025-04-28 19:33:25 UTC,NA,http://polling.reuters.com/#!response/TM1178Y17/type/smallest/filters/PD1:1,NA,NA,NA,Congress,21.8,70,8.2
51055,241,Ipsos,,Reuters,NA,NA,NA,Ipsos,Probability Panel,NA,2018-03-18T00:00:00Z,2018-03-22T00:00:00Z,FALSE,NA,85288,1669,a,NA,a,TRUE,2025-04-28 19:33:40 UTC,2025-04-28 19:33:40 UTC,NA,http://polling.reuters.com/#!response/TM1178Y17/type/smallest,NA,NA,NA,Congress,21.4,64.8,13.8
51055,241,Ipsos,,Reuters,NA,NA,NA,Ipsos,Probability Panel,NA,2018-03-18T00:00:00Z,2018-03-22T00:00:00Z,FALSE,NA,84791,1381,rv,NA,rv,TRUE,2025-04-28 19:33:25 UTC,2025-04-28 19:33:25 UTC,NA,http://polling.reuters.com/#!response/TM1178Y17/type/smallest/filters/PD1:1,NA,NA,NA,Congress,22.1,70.4,7.5
51205,241,Ipsos,,Reuters,NA,NA,NA,Ipsos,Probability Panel,NA,2018-03-19T00:00:00Z,2018-03-23T00:00:00Z,FALSE,NA,85287,1714,a,NA,a,TRUE,2025-04-28 19:33:40 UTC,2025-04-28 19:33:40 UTC,NA,http://polling.reuters.com/#!response/TM1178Y17/type/smallest,NA,NA,NA,Congress,21.8,65.4,12.8
51205,241,Ipsos,,Reuters,NA,NA,NA,Ipsos,Probability Panel,NA,2018-03-19T00:00:00Z,2018-03-23T00:00:00Z,FALSE,NA,84790,1436,rv,NA,rv,TRUE,2025-04-28 19:33:25 UTC,2025-04-28 19:33:25 UTC,NA,http://polling.reuters.com/#!response/TM1178Y17/type/smallest/filters/PD1:1,NA,NA,NA,Congress,22.2,70.4,7.4
51204,241,Ipsos,,Reuters,NA,NA,NA,Ipsos,Probability Panel,NA,2018-03-20T00:00:00Z,2018-03-24T00:00:00Z,FALSE,NA,85286,1687,a,NA,a,TRUE,2025-04-28 19:33:40 UTC,2025-04-28 19:33:40 UTC,NA,http://polling.reuters.com/#!response/TM1178Y17/type/smallest,NA,NA,NA,Congress,21.2,66.5,12.3
51204,241,Ipsos,,Reuters,NA,NA,NA,Ipsos,Probability Panel,NA,2018-03-20T00:00:00Z,2018-03-24T00:00:00Z,FALSE,NA,84789,1430,rv,NA,rv,TRUE,2025-04-28 19:33:25 UTC,2025-04-28 19:33:25 UTC,NA,http://polling.reuters.com/#!response/TM1178Y17/type/smallest/filters/PD1:1,NA,NA,NA,Congress,21.4,70.9,7.7
51203,241,Ipsos,,Reuters,NA,NA,NA,Ipsos,Probability Panel,NA,2018-03-21T00:00:00Z,2018-03-25T00:00:00Z,FALSE,NA,85285,1659,a,NA,a,TRUE,2025-04-28 19:33:40 UTC,2025-04-28 19:33:40 UTC,NA,http://polling.reuters.com/#!response/TM1178Y17/type/smallest,NA,NA,NA,Congress,21.7,65.6,12.7
51065,383,PPP,,NA,NA,NA,NA,Public Policy Polling,IVR/Online Opt-In Panel,NA,2018-03-23T00:00:00Z,2018-03-25T00:00:00Z,FALSE,DEM,85843,846,rv,NA,rv,FALSE,2025-04-28 19:33:16 UTC,2025-04-28 19:33:16 UTC,NA,https://www.publicpolicypolling.com/wp-content/uploads/2018/03/PPP_Release_National_32718.pdf,NA,NA,NA,Congress,10,73,0
51203,241,Ipsos,,Reuters,NA,NA,NA,Ipsos,Probability Panel,NA,2018-03-21T00:00:00Z,2018-03-25T00:00:00Z,FALSE,NA,84788,1404,rv,NA,rv,TRUE,2025-04-28 19:33:40 UTC,2025-04-28 19:33:40 UTC,NA,http://polling.reuters.com/#!response/TM1178Y17/type/smallest/filters/PD1:1,NA,NA,NA,Congress,21.9,70.3,7.8
51202,241,Ipsos,,Reuters,NA,NA,NA,Ipsos,Probability Panel,NA,2018-03-22T00:00:00Z,2018-03-26T00:00:00Z,FALSE,NA,84787,1141,rv,NA,rv,TRUE,2025-04-28 19:33:29 UTC,2025-04-28 19:33:29 UTC,NA,http://polling.reuters.com/#!response/TM1178Y17/type/smallest/filters/PD1:1,NA,NA,NA,Congress,22.3,70.9,6.8
51202,241,Ipsos,,Reuters,NA,NA,NA,Ipsos,Probability Panel,NA,2018-03-22T00:00:00Z,2018-03-26T00:00:00Z,FALSE,NA,85284,1357,a,NA,a,TRUE,2025-04-28 19:33:29 UTC,2025-04-28 19:33:29 UTC,NA,http://polling.reuters.com/#!response/TM1178Y17/type/smallest,NA,NA,NA,Congress,21.6,67,11.4
51208,568,YouGov,,The Economist,NA,NA,NA,YouGov,Online Matched Sample,NA,2018-03-25T00:00:00Z,2018-03-27T00:00:00Z,FALSE,NA,85844,1330,rv,NA,rv,FALSE,2025-04-28 19:33:21 UTC,2025-04-28 19:33:21 UTC,NA,https://d25d2506sfb94s.cloudfront.net/cumulus_uploads/document/4e7f92zbz6/econTabReport.pdf,NA,NA,https://d25d2506sfb94s.cloudfront.net/cumulus_uploads/document/4e7f92zbz6/econTabReport.pdf,Congress,8,74,0
51292,241,Ipsos,,Reuters,NA,NA,NA,Ipsos,Probability Panel,NA,2018-03-23T00:00:00Z,2018-03-27T00:00:00Z,FALSE,NA,85283,846,a,NA,a,TRUE,2025-04-28 19:33:11 UTC,2025-04-28 19:33:11 UTC,NA,http://polling.reuters.com/#!response/TM1178Y17/type/smallest,NA,NA,NA,Congress,19.7,70,10.3
51292,241,Ipsos,,Reuters,NA,NA,NA,Ipsos,Probability Panel,NA,2018-03-23T00:00:00Z,2018-03-27T00:00:00Z,FALSE,NA,84786,713,rv,NA,rv,TRUE,2025-04-28 19:33:15 UTC,2025-04-28 19:33:15 UTC,NA,http://polling.reuters.com/#!response/TM1178Y17/type/smallest/filters/PD1:1,NA,NA,NA,Congress,19.7,73.1,7.2
51291,241,Ipsos,,Reuters,NA,NA,NA,Ipsos,Probability Panel,NA,2018-03-24T00:00:00Z,2018-03-28T00:00:00Z,FALSE,NA,85282,784,a,NA,a,TRUE,2025-04-28 19:33:40 UTC,2025-04-28 19:33:40 UTC,NA,http://polling.reuters.com/#!response/TM1178Y17/type/smallest,NA,NA,NA,Congress,18.9,71.4,9.7
51291,241,Ipsos,,Reuters,NA,NA,NA,Ipsos,Probability Panel,NA,2018-03-24T00:00:00Z,2018-03-28T00:00:00Z,FALSE,NA,84785,652,rv,NA,rv,TRUE,2025-04-28 19:33:40 UTC,2025-04-28 19:33:40 UTC,NA,http://polling.reuters.com/#!response/TM1178Y17/type/smallest/filters/PD1:1,NA,NA,NA,Congress,18.6,74.7,6.7
51290,241,Ipsos,,Reuters,NA,NA,NA,Ipsos,Probability Panel,NA,2018-03-25T00:00:00Z,2018-03-29T00:00:00Z,FALSE,NA,85281,813,a,NA,a,TRUE,2025-04-28 19:33:11 UTC,2025-04-28 19:33:11 UTC,NA,http://polling.reuters.com/#!response/TM1178Y17/type/smallest,NA,NA,NA,Congress,20.4,69.4,10.3
51290,241,Ipsos,,Reuters,NA,NA,NA,Ipsos,Probability Panel,NA,2018-03-25T00:00:00Z,2018-03-29T00:00:00Z,FALSE,NA,84784,664,rv,NA,rv,TRUE,2025-04-28 19:33:15 UTC,2025-04-28 19:33:15 UTC,NA,http://polling.reuters.com/#!response/TM1178Y17/type/smallest/filters/PD1:1,NA,NA,NA,Congress,20.2,73.8,6
51601,241,Ipsos,,Reuters,NA,NA,NA,Ipsos,Probability Panel,NA,2018-03-26T00:00:00Z,2018-03-30T00:00:00Z,FALSE,NA,85280,885,a,NA,a,TRUE,2025-04-28 19:33:29 UTC,2025-04-28 19:33:29 UTC,NA,http://polling.reuters.com/#!response/TM1178Y17/type/smallest,NA,NA,NA,Congress,22,67.6,10.4
51601,241,Ipsos,,Reuters,NA,NA,NA,Ipsos,Probability Panel,NA,2018-03-26T00:00:00Z,2018-03-30T00:00:00Z,FALSE,NA,84783,724,rv,NA,rv,TRUE,2025-04-28 19:33:29 UTC,2025-04-28 19:33:29 UTC,NA,http://polling.reuters.com/#!response/TM1178Y17/type/smallest/filters/PD1:1,NA,NA,NA,Congress,21.9,71.8,6.3
51600,241,Ipsos,,Reuters,NA,NA,NA,Ipsos,Probability Panel,NA,2018-03-27T00:00:00Z,2018-03-31T00:00:00Z,FALSE,NA,84782,704,rv,NA,rv,TRUE,2025-04-28 19:33:40 UTC,2025-04-28 19:33:40 UTC,NA,http://polling.reuters.com/#!response/TM1178Y17/type/smallest/filters/PD1:1,NA,NA,NA,Congress,21.6,70.6,7.9
66574,552,Winston,,Winning the Issues,NA,NA,NA,The Winston Group,Online Opt-In Panel,NA,2018-03-30T00:00:00Z,2018-03-31T00:00:00Z,FALSE,REP,124092,1000,rv,NA,rv,FALSE,2025-04-28 19:33:12 UTC,2025-04-28 19:33:12 UTC,NA,https://www.winningtheissues.org/wp-content/uploads/2018/04/Winning-the-Issues-March-2018-Trending-Toplines-FINAL.pdf,NA,https://www.winningtheissues.org/wp-content/uploads/2018/04/Winning-the-Issues-March-2018-Trending-Toplines-FINAL.pdf,NA,Congress,23,63,14
51600,241,Ipsos,,Reuters,NA,NA,NA,Ipsos,Probability Panel,NA,2018-03-27T00:00:00Z,2018-03-31T00:00:00Z,FALSE,NA,85279,846,a,NA,a,TRUE,2025-04-28 19:33:40 UTC,2025-04-28 19:33:40 UTC,NA,http://polling.reuters.com/#!response/TM1178Y17/type/smallest,NA,NA,NA,Congress,22.2,65.6,12.1
51599,241,Ipsos,,Reuters,NA,NA,NA,Ipsos,Probability Panel,NA,2018-03-28T00:00:00Z,2018-04-01T00:00:00Z,FALSE,NA,84781,674,rv,NA,rv,TRUE,2025-04-28 19:33:29 UTC,2025-04-28 19:33:29 UTC,NA,http://polling.reuters.com/#!response/TM1178Y17/type/smallest/filters/PD1:1,NA,NA,NA,Congress,21.3,70.5,8.2
51599,241,Ipsos,,Reuters,NA,NA,NA,Ipsos,Probability Panel,NA,2018-03-28T00:00:00Z,2018-04-01T00:00:00Z,FALSE,NA,85278,808,a,NA,a,TRUE,2025-04-28 19:33:29 UTC,2025-04-28 19:33:29 UTC,NA,http://polling.reuters.com/#!response/TM1178Y17/type/smallest,NA,NA,NA,Congress,21.9,65.2,12.9
51598,241,Ipsos,,Reuters,NA,NA,NA,Ipsos,Probability Panel,NA,2018-03-29T00:00:00Z,2018-04-02T00:00:00Z,FALSE,NA,85277,955,a,NA,a,TRUE,2025-04-28 19:33:25 UTC,2025-04-28 19:33:25 UTC,NA,http://polling.reuters.com/#!response/TM1178Y17/type/smallest,NA,NA,NA,Congress,20.8,65.1,14.1
51598,241,Ipsos,,Reuters,NA,NA,NA,Ipsos,Probability Panel,NA,2018-03-29T00:00:00Z,2018-04-02T00:00:00Z,FALSE,NA,84780,801,rv,NA,rv,TRUE,2025-04-28 19:33:25 UTC,2025-04-28 19:33:25 UTC,NA,http://polling.reuters.com/#!response/TM1178Y17/type/smallest/filters/PD1:1,NA,NA,NA,Congress,20.5,70.8,8.7
51610,241,Ipsos,,Reuters,NA,NA,NA,Ipsos,Probability Panel,NA,2018-03-30T00:00:00Z,2018-04-03T00:00:00Z,FALSE,NA,85276,918,a,NA,a,TRUE,2025-04-28 19:33:25 UTC,2025-04-28 19:33:25 UTC,NA,http://polling.reuters.com/#!response/TM1178Y17/type/smallest,NA,NA,NA,Congress,21.4,64.4,14.3
51603,568,YouGov,,The Economist,NA,NA,NA,YouGov,Online Matched Sample,NA,2018-04-01T00:00:00Z,2018-04-03T00:00:00Z,FALSE,NA,85845,1246,rv,NA,rv,FALSE,2025-04-28 19:33:16 UTC,2025-04-28 19:33:16 UTC,NA,https://d25d2506sfb94s.cloudfront.net/cumulus_uploads/document/maf7idof71/econTabReport.pdf,NA,NA,https://d25d2506sfb94s.cloudfront.net/cumulus_uploads/document/maf7idof71/econTabReport.pdf,Congress,11,70,0
51610,241,Ipsos,,Reuters,NA,NA,NA,Ipsos,Probability Panel,NA,2018-03-30T00:00:00Z,2018-04-03T00:00:00Z,FALSE,NA,84779,767,rv,NA,rv,TRUE,2025-04-28 19:33:25 UTC,2025-04-28 19:33:25 UTC,NA,http://polling.reuters.com/#!response/TM1178Y17/type/smallest/filters/PD1:1,NA,NA,NA,Congress,20.7,69.5,9.8
51609,241,Ipsos,,Reuters,NA,NA,NA,Ipsos,Probability Panel,NA,2018-03-31T00:00:00Z,2018-04-04T00:00:00Z,FALSE,NA,85275,875,a,NA,a,TRUE,2025-04-28 19:33:25 UTC,2025-04-28 19:33:25 UTC,NA,http://polling.reuters.com/#!response/TM1178Y17/type/smallest,NA,NA,NA,Congress,20,67.1,13
51609,241,Ipsos,,Reuters,NA,NA,NA,Ipsos,Probability Panel,NA,2018-03-31T00:00:00Z,2018-04-04T00:00:00Z,FALSE,NA,84778,727,rv,NA,rv,TRUE,2025-04-28 19:33:25 UTC,2025-04-28 19:33:25 UTC,NA,http://polling.reuters.com/#!response/TM1178Y17/type/smallest/filters/PD1:1,NA,NA,NA,Congress,18.9,72.7,8.4
51608,241,Ipsos,,Reuters,NA,NA,NA,Ipsos,Probability Panel,NA,2018-04-01T00:00:00Z,2018-04-05T00:00:00Z,FALSE,NA,85274,882,a,NA,a,TRUE,2025-04-28 19:33:40 UTC,2025-04-28 19:33:40 UTC,NA,http://polling.reuters.com/#!response/TM1178Y17/type/smallest,NA,NA,NA,Congress,18.7,68,13.3
51608,241,Ipsos,,Reuters,NA,NA,NA,Ipsos,Probability Panel,NA,2018-04-01T00:00:00Z,2018-04-05T00:00:00Z,FALSE,NA,84777,732,rv,NA,rv,TRUE,2025-04-28 19:33:40 UTC,2025-04-28 19:33:40 UTC,NA,http://polling.reuters.com/#!response/TM1178Y17/type/smallest/filters/PD1:1,NA,NA,NA,Congress,17.9,73.7,8.4
51623,241,Ipsos,,Reuters,NA,NA,NA,Ipsos,Probability Panel,NA,2018-04-02T00:00:00Z,2018-04-06T00:00:00Z,FALSE,NA,84776,728,rv,NA,rv,TRUE,2025-04-28 19:33:40 UTC,2025-04-28 19:33:40 UTC,NA,http://polling.reuters.com/#!response/TM1178Y17/type/smallest/filters/PD1:1,NA,NA,NA,Congress,18.1,73.4,8.5
51623,241,Ipsos,,Reuters,NA,NA,NA,Ipsos,Probability Panel,NA,2018-04-02T00:00:00Z,2018-04-06T00:00:00Z,FALSE,NA,85273,886,a,NA,a,TRUE,2025-04-28 19:33:40 UTC,2025-04-28 19:33:40 UTC,NA,http://polling.reuters.com/#!response/TM1178Y17/type/smallest,NA,NA,NA,Congress,19.3,67.4,13.4
51622,241,Ipsos,,Reuters,NA,NA,NA,Ipsos,Probability Panel,NA,2018-04-03T00:00:00Z,2018-04-07T00:00:00Z,FALSE,NA,84775,621,rv,NA,rv,TRUE,2025-04-28 19:33:25 UTC,2025-04-28 19:33:25 UTC,NA,http://polling.reuters.com/#!response/TM1178Y17/type/smallest/filters/PD1:1,NA,NA,NA,Congress,17.7,73.5,8.9
51622,241,Ipsos,,Reuters,NA,NA,NA,Ipsos,Probability Panel,NA,2018-04-03T00:00:00Z,2018-04-07T00:00:00Z,FALSE,NA,85272,756,a,NA,a,TRUE,2025-04-28 19:33:40 UTC,2025-04-28 19:33:40 UTC,NA,http://polling.reuters.com/#!response/TM1178Y17/type/smallest,NA,NA,NA,Congress,19.9,66.8,13.3
51621,241,Ipsos,,Reuters,NA,NA,NA,Ipsos,Probability Panel,NA,2018-04-04T00:00:00Z,2018-04-08T00:00:00Z,FALSE,NA,85271,761,a,NA,a,TRUE,2025-04-28 19:33:40 UTC,2025-04-28 19:33:40 UTC,NA,http://polling.reuters.com/#!response/TM1178Y17/type/smallest,NA,NA,NA,Congress,20.2,67.7,12.2
51621,241,Ipsos,,Reuters,NA,NA,NA,Ipsos,Probability Panel,NA,2018-04-04T00:00:00Z,2018-04-08T00:00:00Z,FALSE,NA,84774,621,rv,NA,rv,TRUE,2025-04-28 19:33:40 UTC,2025-04-28 19:33:40 UTC,NA,http://polling.reuters.com/#!response/TM1178Y17/type/smallest/filters/PD1:1,NA,NA,NA,Congress,18.4,74.2,7.5
51616,396,Quinnipiac,,NA,NA,NA,NA,Quinnipiac University,Live Phone,NA,2018-04-06T00:00:00Z,2018-04-09T00:00:00Z,FALSE,NA,85847,1181,rv,NA,rv,FALSE,2025-04-28 19:33:30 UTC,2025-04-28 19:33:30 UTC,NA,https://poll.qu.edu/poll-release-legacy?releaseid=2535,NA,NA,https://poll.qu.edu/poll-release-legacy?releaseid=2535,Congress,12,81,0
51620,241,Ipsos,,Reuters,NA,NA,NA,Ipsos,Probability Panel,NA,2018-04-05T00:00:00Z,2018-04-09T00:00:00Z,FALSE,NA,85270,743,a,NA,a,TRUE,2025-04-28 19:33:40 UTC,2025-04-28 19:33:40 UTC,NA,http://polling.reuters.com/#!response/TM1178Y17/type/smallest,NA,NA,NA,Congress,19.3,67.1,13.6
51620,241,Ipsos,,Reuters,NA,NA,NA,Ipsos,Probability Panel,NA,2018-04-05T00:00:00Z,2018-04-09T00:00:00Z,FALSE,NA,84773,608,rv,NA,rv,TRUE,2025-04-28 19:33:25 UTC,2025-04-28 19:33:25 UTC,NA,http://polling.reuters.com/#!response/TM1178Y17/type/smallest/filters/PD1:1,NA,NA,NA,Congress,18.6,72.9,8.5
51619,568,YouGov,,The Economist,NA,NA,NA,YouGov,Online Matched Sample,NA,2018-04-08T00:00:00Z,2018-04-10T00:00:00Z,FALSE,NA,85848,1292,rv,NA,rv,FALSE,2025-04-28 19:33:07 UTC,2025-04-28 19:33:07 UTC,NA,NA,NA,NA,NA,Congress,8,74,0
51633,241,Ipsos,,Reuters,NA,NA,NA,Ipsos,Probability Panel,NA,2018-04-06T00:00:00Z,2018-04-10T00:00:00Z,FALSE,NA,85269,738,a,NA,a,TRUE,2025-04-28 19:33:25 UTC,2025-04-28 19:33:25 UTC,NA,http://polling.reuters.com/#!response/TM1178Y17/type/smallest,NA,NA,NA,Congress,21,66.4,12.6
51633,241,Ipsos,,Reuters,NA,NA,NA,Ipsos,Probability Panel,NA,2018-04-06T00:00:00Z,2018-04-10T00:00:00Z,FALSE,NA,84772,600,rv,NA,rv,TRUE,2025-04-28 19:33:25 UTC,2025-04-28 19:33:25 UTC,NA,http://polling.reuters.com/#!response/TM1178Y17/type/smallest/filters/PD1:1,NA,NA,NA,Congress,19.4,72.3,8.2
53522,169,Gallup,,NA,NA,NA,NA,Gallup,NA,NA,2018-04-02T00:00:00Z,2018-04-11T00:00:00Z,FALSE,NA,85846,1015,a,NA,a,FALSE,2025-04-28 19:33:16 UTC,2025-04-28 19:33:16 UTC,NA,http://news.gallup.com/poll/232553/snapshot-congressional-job-approval.aspx,NA,NA,NA,Congress,18,78,0
51632,241,Ipsos,,Reuters,NA,NA,NA,Ipsos,Probability Panel,NA,2018-04-07T00:00:00Z,2018-04-11T00:00:00Z,FALSE,NA,84771,617,rv,NA,rv,TRUE,2025-04-28 19:33:29 UTC,2025-04-28 19:33:29 UTC,NA,http://polling.reuters.com/#!response/TM1178Y17/type/smallest/filters/PD1:1,NA,NA,NA,Congress,21,71.2,7.8
51632,241,Ipsos,,Reuters,NA,NA,NA,Ipsos,Probability Panel,NA,2018-04-07T00:00:00Z,2018-04-11T00:00:00Z,FALSE,NA,85268,754,a,NA,a,TRUE,2025-04-28 19:33:29 UTC,2025-04-28 19:33:29 UTC,NA,http://polling.reuters.com/#!response/TM1178Y17/type/smallest,NA,NA,NA,Congress,22.3,66.5,11.2
51631,241,Ipsos,,Reuters,NA,NA,NA,Ipsos,Probability Panel,NA,2018-04-08T00:00:00Z,2018-04-12T00:00:00Z,FALSE,NA,84770,624,rv,NA,rv,TRUE,2025-04-28 19:33:40 UTC,2025-04-28 19:33:40 UTC,NA,http://polling.reuters.com/#!response/TM1178Y17/type/smallest/filters/PD1:1,NA,NA,NA,Congress,21.1,72.5,6.4
51631,241,Ipsos,,Reuters,NA,NA,NA,Ipsos,Probability Panel,NA,2018-04-08T00:00:00Z,2018-04-12T00:00:00Z,FALSE,NA,85267,773,a,NA,a,TRUE,2025-04-28 19:33:40 UTC,2025-04-28 19:33:40 UTC,NA,http://polling.reuters.com/#!response/TM1178Y17/type/smallest,NA,NA,NA,Congress,22.2,68.5,9.3
52200,241,Ipsos,,Reuters,NA,NA,NA,Ipsos,Probability Panel,NA,2018-04-09T00:00:00Z,2018-04-13T00:00:00Z,FALSE,NA,84769,643,rv,NA,rv,TRUE,2025-04-28 19:33:26 UTC,2025-04-28 19:33:26 UTC,NA,http://polling.reuters.com/#!response/TM1178Y17/type/smallest/filters/PD1:1,NA,NA,NA,Congress,19.9,75,5.1
52200,241,Ipsos,,Reuters,NA,NA,NA,Ipsos,Probability Panel,NA,2018-04-09T00:00:00Z,2018-04-13T00:00:00Z,FALSE,NA,85266,790,a,NA,a,TRUE,2025-04-28 19:33:26 UTC,2025-04-28 19:33:26 UTC,NA,http://polling.reuters.com/#!response/TM1178Y17/type/smallest,NA,NA,NA,Congress,21.1,70.9,8
52199,241,Ipsos,,Reuters,NA,NA,NA,Ipsos,Probability Panel,NA,2018-04-10T00:00:00Z,2018-04-14T00:00:00Z,FALSE,NA,84768,636,rv,NA,rv,TRUE,2025-04-28 19:33:26 UTC,2025-04-28 19:33:26 UTC,NA,http://polling.reuters.com/#!response/TM1178Y17/type/smallest/filters/PD1:1,NA,NA,NA,Congress,19.7,75.9,4.4
52199,241,Ipsos,,Reuters,NA,NA,NA,Ipsos,Probability Panel,NA,2018-04-10T00:00:00Z,2018-04-14T00:00:00Z,FALSE,NA,85265,777,a,NA,a,TRUE,2025-04-28 19:33:26 UTC,2025-04-28 19:33:26 UTC,NA,http://polling.reuters.com/#!response/TM1178Y17/type/smallest,NA,NA,NA,Congress,21.1,71.6,7.3
52198,241,Ipsos,,Reuters,NA,NA,NA,Ipsos,Probability Panel,NA,2018-04-11T00:00:00Z,2018-04-15T00:00:00Z,FALSE,NA,85264,787,a,NA,a,TRUE,2025-04-28 19:33:26 UTC,2025-04-28 19:33:26 UTC,NA,http://polling.reuters.com/#!response/TM1178Y17/type/smallest,NA,NA,NA,Congress,21.3,70.9,7.8
52198,241,Ipsos,,Reuters,NA,NA,NA,Ipsos,Probability Panel,NA,2018-04-11T00:00:00Z,2018-04-15T00:00:00Z,FALSE,NA,84767,637,rv,NA,rv,TRUE,2025-04-28 19:33:26 UTC,2025-04-28 19:33:26 UTC,NA,http://polling.reuters.com/#!response/TM1178Y17/type/smallest/filters/PD1:1,NA,NA,NA,Congress,20.3,75.8,3.9
52197,241,Ipsos,,Reuters,NA,NA,NA,Ipsos,Probability Panel,NA,2018-04-12T00:00:00Z,2018-04-16T00:00:00Z,FALSE,NA,84766,633,rv,NA,rv,TRUE,2025-04-28 19:33:25 UTC,2025-04-28 19:33:25 UTC,NA,http://polling.reuters.com/#!response/TM1178Y17/type/smallest/filters/PD1:1,NA,NA,NA,Congress,19.8,76.3,3.9
52197,241,Ipsos,,Reuters,NA,NA,NA,Ipsos,Probability Panel,NA,2018-04-12T00:00:00Z,2018-04-16T00:00:00Z,FALSE,NA,85263,780,a,NA,a,TRUE,2025-04-28 19:33:26 UTC,2025-04-28 19:33:26 UTC,NA,http://polling.reuters.com/#!response/TM1178Y17/type/smallest,NA,NA,NA,Congress,19.4,72.1,8.5
52292,241,Ipsos,,Reuters,NA,NA,NA,Ipsos,Probability Panel,NA,2018-04-13T00:00:00Z,2018-04-17T00:00:00Z,FALSE,NA,84765,623,rv,NA,rv,TRUE,2025-04-28 19:33:26 UTC,2025-04-28 19:33:26 UTC,NA,http://polling.reuters.com/#!response/TM1178Y17/type/smallest/filters/PD1:1,NA,NA,NA,Congress,19.3,75.1,5.6
52205,568,YouGov,,The Economist,NA,NA,NA,YouGov,Online Matched Sample,NA,2018-04-15T00:00:00Z,2018-04-17T00:00:00Z,FALSE,NA,85849,1274,rv,NA,rv,FALSE,2025-04-28 19:33:16 UTC,2025-04-28 19:33:16 UTC,NA,https://d25d2506sfb94s.cloudfront.net/cumulus_uploads/document/4l31gznvf1/econTabReport.pdf,NA,NA,https://d25d2506sfb94s.cloudfront.net/cumulus_uploads/document/4l31gznvf1/econTabReport.pdf,Congress,11,67,0
52292,241,Ipsos,,Reuters,NA,NA,NA,Ipsos,Probability Panel,NA,2018-04-13T00:00:00Z,2018-04-17T00:00:00Z,FALSE,NA,85262,759,a,NA,a,TRUE,2025-04-28 19:33:40 UTC,2025-04-28 19:33:40 UTC,NA,http://polling.reuters.com/#!response/TM1178Y17/type/smallest,NA,NA,NA,Congress,19.8,69.5,10.6
52291,241,Ipsos,,Reuters,NA,NA,NA,Ipsos,Probability Panel,NA,2018-04-14T00:00:00Z,2018-04-18T00:00:00Z,FALSE,NA,85261,737,a,NA,a,TRUE,2025-04-28 19:33:26 UTC,2025-04-28 19:33:26 UTC,NA,http://polling.reuters.com/#!response/TM1178Y17/type/smallest,NA,NA,NA,Congress,20,67.4,12.6
52291,241,Ipsos,,Reuters,NA,NA,NA,Ipsos,Probability Panel,NA,2018-04-14T00:00:00Z,2018-04-18T00:00:00Z,FALSE,NA,84764,602,rv,NA,rv,TRUE,2025-04-28 19:33:26 UTC,2025-04-28 19:33:26 UTC,NA,http://polling.reuters.com/#!response/TM1178Y17/type/smallest/filters/PD1:1,NA,NA,NA,Congress,19.4,73.5,7.2
52290,241,Ipsos,,Reuters,NA,NA,NA,Ipsos,Probability Panel,NA,2018-04-15T00:00:00Z,2018-04-19T00:00:00Z,FALSE,NA,85260,762,a,NA,a,TRUE,2025-04-28 19:33:40 UTC,2025-04-28 19:33:40 UTC,NA,http://polling.reuters.com/#!response/TM1178Y17/type/smallest,NA,NA,NA,Congress,21.1,65,13.9
52290,241,Ipsos,,Reuters,NA,NA,NA,Ipsos,Probability Panel,NA,2018-04-15T00:00:00Z,2018-04-19T00:00:00Z,FALSE,NA,84763,631,rv,NA,rv,TRUE,2025-04-28 19:33:40 UTC,2025-04-28 19:33:40 UTC,NA,http://polling.reuters.com/#!response/TM1178Y17/type/smallest/filters/PD1:1,NA,NA,NA,Congress,20.2,70.9,9
52306,241,Ipsos,,Reuters,NA,NA,NA,Ipsos,Probability Panel,NA,2018-04-16T00:00:00Z,2018-04-20T00:00:00Z,FALSE,NA,85259,750,a,NA,a,TRUE,2025-04-28 19:33:26 UTC,2025-04-28 19:33:26 UTC,NA,http://polling.reuters.com/#!response/TM1178Y17/type/smallest,NA,NA,NA,Congress,21.1,65.3,13.6
52306,241,Ipsos,,Reuters,NA,NA,NA,Ipsos,Probability Panel,NA,2018-04-16T00:00:00Z,2018-04-20T00:00:00Z,FALSE,NA,84762,628,rv,NA,rv,TRUE,2025-04-28 19:33:26 UTC,2025-04-28 19:33:26 UTC,NA,http://polling.reuters.com/#!response/TM1178Y17/type/smallest/filters/PD1:1,NA,NA,NA,Congress,20.6,70.2,9.2
52305,241,Ipsos,,Reuters,NA,NA,NA,Ipsos,Probability Panel,NA,2018-04-17T00:00:00Z,2018-04-21T00:00:00Z,FALSE,NA,84761,605,rv,NA,rv,TRUE,2025-04-28 19:33:26 UTC,2025-04-28 19:33:26 UTC,NA,http://polling.reuters.com/#!response/TM1178Y17/type/smallest/filters/PD1:1,NA,NA,NA,Congress,21.9,69.3,8.7
52305,241,Ipsos,,Reuters,NA,NA,NA,Ipsos,Probability Panel,NA,2018-04-17T00:00:00Z,2018-04-21T00:00:00Z,FALSE,NA,85258,736,a,NA,a,TRUE,2025-04-28 19:33:40 UTC,2025-04-28 19:33:40 UTC,NA,http://polling.reuters.com/#!response/TM1178Y17/type/smallest,NA,NA,NA,Congress,22.2,64.7,13.2
52304,241,Ipsos,,Reuters,NA,NA,NA,Ipsos,Probability Panel,NA,2018-04-18T00:00:00Z,2018-04-22T00:00:00Z,FALSE,NA,84760,616,rv,NA,rv,TRUE,2025-04-28 19:33:26 UTC,2025-04-28 19:33:26 UTC,NA,http://polling.reuters.com/#!response/TM1178Y17/type/smallest/filters/PD1:1,NA,NA,NA,Congress,25.4,66.6,8
52304,241,Ipsos,,Reuters,NA,NA,NA,Ipsos,Probability Panel,NA,2018-04-18T00:00:00Z,2018-04-22T00:00:00Z,FALSE,NA,85257,752,a,NA,a,TRUE,2025-04-28 19:33:26 UTC,2025-04-28 19:33:26 UTC,NA,http://polling.reuters.com/#!response/TM1178Y17/type/smallest,NA,NA,NA,Congress,24.3,64,11.8
52303,241,Ipsos,,Reuters,NA,NA,NA,Ipsos,Probability Panel,NA,2018-04-19T00:00:00Z,2018-04-23T00:00:00Z,FALSE,NA,85256,778,a,NA,a,TRUE,2025-04-28 19:33:40 UTC,2025-04-28 19:33:40 UTC,NA,http://polling.reuters.com/#!response/TM1178Y17/type/smallest,NA,NA,NA,Congress,23.2,67.1,9.7
52303,241,Ipsos,,Reuters,NA,NA,NA,Ipsos,Probability Panel,NA,2018-04-19T00:00:00Z,2018-04-23T00:00:00Z,FALSE,NA,84759,644,rv,NA,rv,TRUE,2025-04-28 19:33:40 UTC,2025-04-28 19:33:40 UTC,NA,http://polling.reuters.com/#!response/TM1178Y17/type/smallest/filters/PD1:1,NA,NA,NA,Congress,24.7,68.5,6.8
52321,241,Ipsos,,Reuters,NA,NA,NA,Ipsos,Probability Panel,NA,2018-04-20T00:00:00Z,2018-04-24T00:00:00Z,FALSE,NA,84758,617,rv,NA,rv,TRUE,2025-04-28 19:33:26 UTC,2025-04-28 19:33:26 UTC,NA,http://polling.reuters.com/#!response/TM1178Y17/type/smallest/filters/PD1:1,NA,NA,NA,Congress,26.6,67,6.4
52312,1597,Beacon/Shaw,,Fox News,NA,NA,NA,Beacon Research/Shaw & Co. Research,Live Phone,NA,2018-04-22T00:00:00Z,2018-04-24T00:00:00Z,FALSE,NA,85851,1014,rv,NA,rv,FALSE,2025-04-28 19:33:16 UTC,2025-04-28 19:33:16 UTC,NA,http://www.foxnews.com/politics/2018/04/25/fox-news-poll-mueller-likely-to-find-trump-offenses-trump-likely-to-fire-him.html,NA,NA,NA,Congress,19,70,0
52321,241,Ipsos,,Reuters,NA,NA,NA,Ipsos,Probability Panel,NA,2018-04-20T00:00:00Z,2018-04-24T00:00:00Z,FALSE,NA,85255,760,a,NA,a,TRUE,2025-04-28 19:33:26 UTC,2025-04-28 19:33:26 UTC,NA,http://polling.reuters.com/#!response/TM1178Y17/type/smallest,NA,NA,NA,Congress,24,66.7,9.3
52311,568,YouGov,,The Economist,NA,NA,NA,YouGov,Online Matched Sample,NA,2018-04-22T00:00:00Z,2018-04-24T00:00:00Z,FALSE,NA,85850,1270,rv,NA,rv,FALSE,2025-04-28 19:33:16 UTC,2025-04-28 19:33:16 UTC,NA,https://d25d2506sfb94s.cloudfront.net/cumulus_uploads/document/a849k68e2i/econTabReport.pdf,NA,NA,https://d25d2506sfb94s.cloudfront.net/cumulus_uploads/document/a849k68e2i/econTabReport.pdf,Congress,10,68,0
52320,241,Ipsos,,Reuters,NA,NA,NA,Ipsos,Probability Panel,NA,2018-04-21T00:00:00Z,2018-04-25T00:00:00Z,FALSE,NA,85254,755,a,NA,a,TRUE,2025-04-28 19:33:40 UTC,2025-04-28 19:33:40 UTC,NA,http://polling.reuters.com/#!response/TM1178Y17/type/smallest,NA,NA,NA,Congress,24.9,65.2,9.9
52320,241,Ipsos,,Reuters,NA,NA,NA,Ipsos,Probability Panel,NA,2018-04-21T00:00:00Z,2018-04-25T00:00:00Z,FALSE,NA,84757,608,rv,NA,rv,TRUE,2025-04-28 19:33:40 UTC,2025-04-28 19:33:40 UTC,NA,http://polling.reuters.com/#!response/TM1178Y17/type/smallest/filters/PD1:1,NA,NA,NA,Congress,27.7,66,6.3
52319,241,Ipsos,,Reuters,NA,NA,NA,Ipsos,Probability Panel,NA,2018-04-22T00:00:00Z,2018-04-26T00:00:00Z,FALSE,NA,85253,1163,a,NA,a,TRUE,2025-04-28 19:33:40 UTC,2025-04-28 19:33:40 UTC,NA,http://polling.reuters.com/#!response/TM1178Y17/type/smallest,NA,NA,NA,Congress,23,65.7,11.3
52319,241,Ipsos,,Reuters,NA,NA,NA,Ipsos,Probability Panel,NA,2018-04-22T00:00:00Z,2018-04-26T00:00:00Z,FALSE,NA,84756,952,rv,NA,rv,TRUE,2025-04-28 19:33:40 UTC,2025-04-28 19:33:40 UTC,NA,http://polling.reuters.com/#!response/TM1178Y17/type/smallest/filters/PD1:1,NA,NA,NA,Congress,23.9,68,8
52329,241,Ipsos,,Reuters,NA,NA,NA,Ipsos,Probability Panel,NA,2018-04-23T00:00:00Z,2018-04-27T00:00:00Z,FALSE,NA,85252,1210,a,NA,a,TRUE,2025-04-28 19:33:40 UTC,2025-04-28 19:33:40 UTC,NA,http://polling.reuters.com/#!response/TM1178Y17/type/smallest,NA,NA,NA,Congress,23.8,65.4,10.8
52329,241,Ipsos,,Reuters,NA,NA,NA,Ipsos,Probability Panel,NA,2018-04-23T00:00:00Z,2018-04-27T00:00:00Z,FALSE,NA,84755,993,rv,NA,rv,TRUE,2025-04-28 19:33:26 UTC,2025-04-28 19:33:26 UTC,NA,http://polling.reuters.com/#!response/TM1178Y17/type/smallest/filters/PD1:1,NA,NA,NA,Congress,24.5,67.7,7.9
52328,241,Ipsos,,Reuters,NA,NA,NA,Ipsos,Probability Panel,NA,2018-04-24T00:00:00Z,2018-04-28T00:00:00Z,FALSE,NA,85251,1194,a,NA,a,TRUE,2025-04-28 19:33:26 UTC,2025-04-28 19:33:26 UTC,NA,http://polling.reuters.com/#!response/TM1178Y17/type/smallest,NA,NA,NA,Congress,25.2,64.3,10.5
52328,241,Ipsos,,Reuters,NA,NA,NA,Ipsos,Probability Panel,NA,2018-04-24T00:00:00Z,2018-04-28T00:00:00Z,FALSE,NA,84754,986,rv,NA,rv,TRUE,2025-04-28 19:33:26 UTC,2025-04-28 19:33:26 UTC,NA,http://polling.reuters.com/#!response/TM1178Y17/type/smallest/filters/PD1:1,NA,NA,NA,Congress,25.9,66,8.1
52327,241,Ipsos,,Reuters,NA,NA,NA,Ipsos,Probability Panel,NA,2018-04-25T00:00:00Z,2018-04-29T00:00:00Z,FALSE,NA,85250,1174,a,NA,a,TRUE,2025-04-28 19:33:40 UTC,2025-04-28 19:33:40 UTC,NA,http://polling.reuters.com/#!response/TM1178Y17/type/smallest,NA,NA,NA,Congress,24.8,65.3,10
52327,241,Ipsos,,Reuters,NA,NA,NA,Ipsos,Probability Panel,NA,2018-04-25T00:00:00Z,2018-04-29T00:00:00Z,FALSE,NA,84753,967,rv,NA,rv,TRUE,2025-04-28 19:33:40 UTC,2025-04-28 19:33:40 UTC,NA,http://polling.reuters.com/#!response/TM1178Y17/type/smallest/filters/PD1:1,NA,NA,NA,Congress,25.2,67.4,7.4
52325,320,Monmouth,,NA,NA,NA,NA,Monmouth University Polling Institute,Live Phone,NA,2018-04-26T00:00:00Z,2018-04-30T00:00:00Z,FALSE,NA,85852,681,rv,NA,rv,FALSE,2025-04-28 19:33:07 UTC,2025-04-28 19:33:07 UTC,NA,NA,NA,NA,NA,Congress,16,74,0
52326,241,Ipsos,,Reuters,NA,NA,NA,Ipsos,Probability Panel,NA,2018-04-26T00:00:00Z,2018-04-30T00:00:00Z,FALSE,NA,85249,1180,a,NA,a,TRUE,2025-04-28 19:33:26 UTC,2025-04-28 19:33:26 UTC,NA,http://polling.reuters.com/#!response/TM1178Y17/type/smallest,NA,NA,NA,Congress,26.2,64.1,9.7
66575,552,Winston,,Winning the Issues,NA,NA,NA,The Winston Group,Online Opt-In Panel,NA,2018-04-28T00:00:00Z,2018-04-30T00:00:00Z,FALSE,REP,124093,1000,rv,NA,rv,FALSE,2025-04-28 19:33:12 UTC,2025-04-28 19:33:12 UTC,NA,https://www.winningtheissues.org/wp-content/uploads/2018/05/APRIL-2018-WTI-Toplines.pdf,NA,https://www.winningtheissues.org/wp-content/uploads/2018/05/APRIL-2018-WTI-Toplines.pdf,NA,Congress,21,65,14
52326,241,Ipsos,,Reuters,NA,NA,NA,Ipsos,Probability Panel,NA,2018-04-26T00:00:00Z,2018-04-30T00:00:00Z,FALSE,NA,84752,977,rv,NA,rv,TRUE,2025-04-28 19:33:26 UTC,2025-04-28 19:33:26 UTC,NA,http://polling.reuters.com/#!response/TM1178Y17/type/smallest/filters/PD1:1,NA,NA,NA,Congress,26.7,66.3,7
52331,568,YouGov,,The Economist,NA,NA,NA,YouGov,Online Matched Sample,NA,2018-04-29T00:00:00Z,2018-05-01T00:00:00Z,FALSE,NA,85853,1273,rv,NA,rv,FALSE,2025-04-28 19:33:16 UTC,2025-04-28 19:33:16 UTC,NA,https://d25d2506sfb94s.cloudfront.net/cumulus_uploads/document/fojcpi55bv/econTabReport.pdf,NA,NA,https://d25d2506sfb94s.cloudfront.net/cumulus_uploads/document/fojcpi55bv/econTabReport.pdf,Congress,10,69,0
52357,241,Ipsos,,Reuters,NA,NA,NA,Ipsos,Probability Panel,NA,2018-04-27T00:00:00Z,2018-05-01T00:00:00Z,FALSE,NA,85248,771,a,NA,a,TRUE,2025-04-28 19:33:26 UTC,2025-04-28 19:33:26 UTC,NA,http://polling.reuters.com/#!response/TM1178Y17/type/smallest,NA,NA,NA,Congress,30.1,62.2,7.7
52357,241,Ipsos,,Reuters,NA,NA,NA,Ipsos,Probability Panel,NA,2018-04-27T00:00:00Z,2018-05-01T00:00:00Z,FALSE,NA,84751,651,rv,NA,rv,TRUE,2025-04-28 19:33:26 UTC,2025-04-28 19:33:26 UTC,NA,http://polling.reuters.com/#!response/TM1178Y17/type/smallest/filters/PD1:1,NA,NA,NA,Congress,30.9,63.3,5.8
52356,241,Ipsos,,Reuters,NA,NA,NA,Ipsos,Probability Panel,NA,2018-04-28T00:00:00Z,2018-05-02T00:00:00Z,FALSE,NA,84750,610,rv,NA,rv,TRUE,2025-04-28 19:33:40 UTC,2025-04-28 19:33:40 UTC,NA,http://polling.reuters.com/#!response/TM1178Y17/type/smallest/filters/PD1:1,NA,NA,NA,Congress,29.1,64.9,6.1
52356,241,Ipsos,,Reuters,NA,NA,NA,Ipsos,Probability Panel,NA,2018-04-28T00:00:00Z,2018-05-02T00:00:00Z,FALSE,NA,85247,710,a,NA,a,TRUE,2025-04-28 19:33:40 UTC,2025-04-28 19:33:40 UTC,NA,http://polling.reuters.com/#!response/TM1178Y17/type/smallest,NA,NA,NA,Congress,28.1,64.1,7.8
52355,241,Ipsos,,Reuters,NA,NA,NA,Ipsos,Probability Panel,NA,2018-04-29T00:00:00Z,2018-05-03T00:00:00Z,FALSE,NA,85246,708,a,NA,a,TRUE,2025-04-28 19:33:40 UTC,2025-04-28 19:33:40 UTC,NA,http://polling.reuters.com/#!response/TM1178Y17/type/smallest,NA,NA,NA,Congress,27.6,63.9,8.5
52355,241,Ipsos,,Reuters,NA,NA,NA,Ipsos,Probability Panel,NA,2018-04-29T00:00:00Z,2018-05-03T00:00:00Z,FALSE,NA,84749,616,rv,NA,rv,TRUE,2025-04-28 19:33:40 UTC,2025-04-28 19:33:40 UTC,NA,http://polling.reuters.com/#!response/TM1178Y17/type/smallest/filters/PD1:1,NA,NA,NA,Congress,28,65.8,6.2
52364,241,Ipsos,,Reuters,NA,NA,NA,Ipsos,Probability Panel,NA,2018-04-30T00:00:00Z,2018-05-04T00:00:00Z,FALSE,NA,84748,630,rv,NA,rv,TRUE,2025-04-28 19:33:26 UTC,2025-04-28 19:33:26 UTC,NA,http://polling.reuters.com/#!response/TM1178Y17/type/smallest/filters/PD1:1,NA,NA,NA,Congress,26.7,64.8,8.5
52364,241,Ipsos,,Reuters,NA,NA,NA,Ipsos,Probability Panel,NA,2018-04-30T00:00:00Z,2018-05-04T00:00:00Z,FALSE,NA,85245,708,a,NA,a,TRUE,2025-04-28 19:33:40 UTC,2025-04-28 19:33:40 UTC,NA,http://polling.reuters.com/#!response/TM1178Y17/type/smallest,NA,NA,NA,Congress,26.6,63.4,10
52363,241,Ipsos,,Reuters,NA,NA,NA,Ipsos,Probability Panel,NA,2018-05-01T00:00:00Z,2018-05-05T00:00:00Z,FALSE,NA,84747,601,rv,NA,rv,TRUE,2025-04-28 19:33:26 UTC,2025-04-28 19:33:26 UTC,NA,http://polling.reuters.com/#!response/TM1178Y17/type/smallest/filters/PD1:1,NA,NA,NA,Congress,23.3,68.4,8.4
52363,241,Ipsos,,Reuters,NA,NA,NA,Ipsos,Probability Panel,NA,2018-05-01T00:00:00Z,2018-05-05T00:00:00Z,FALSE,NA,85244,675,a,NA,a,TRUE,2025-04-28 19:33:26 UTC,2025-04-28 19:33:26 UTC,NA,http://polling.reuters.com/#!response/TM1178Y17/type/smallest,NA,NA,NA,Congress,23.4,67.3,9.3
52362,241,Ipsos,,Reuters,NA,NA,NA,Ipsos,Probability Panel,NA,2018-05-02T00:00:00Z,2018-05-06T00:00:00Z,FALSE,NA,84746,610,rv,NA,rv,TRUE,2025-04-28 19:33:40 UTC,2025-04-28 19:33:40 UTC,NA,http://polling.reuters.com/#!response/TM1178Y17/type/smallest/filters/PD1:1,NA,NA,NA,Congress,23.5,69.8,6.7
52362,241,Ipsos,,Reuters,NA,NA,NA,Ipsos,Probability Panel,NA,2018-05-02T00:00:00Z,2018-05-06T00:00:00Z,FALSE,NA,85243,686,a,NA,a,TRUE,2025-04-28 19:33:40 UTC,2025-04-28 19:33:40 UTC,NA,http://polling.reuters.com/#!response/TM1178Y17/type/smallest,NA,NA,NA,Congress,23.8,68.4,7.8
52361,241,Ipsos,,Reuters,NA,NA,NA,Ipsos,Probability Panel,NA,2018-05-03T00:00:00Z,2018-05-07T00:00:00Z,FALSE,NA,84745,609,rv,NA,rv,TRUE,2025-04-28 19:33:40 UTC,2025-04-28 19:33:40 UTC,NA,http://polling.reuters.com/#!response/TM1178Y17/type/smallest/filters/PD1:1,NA,NA,NA,Congress,22.9,70.6,6.5
52361,241,Ipsos,,Reuters,NA,NA,NA,Ipsos,Probability Panel,NA,2018-05-03T00:00:00Z,2018-05-07T00:00:00Z,FALSE,NA,85242,690,a,NA,a,TRUE,2025-04-28 19:33:40 UTC,2025-04-28 19:33:40 UTC,NA,http://polling.reuters.com/#!response/TM1178Y17/type/smallest,NA,NA,NA,Congress,24.6,67.7,7.7
52360,568,YouGov,,The Economist,NA,NA,NA,YouGov,Online Matched Sample,NA,2018-05-06T00:00:00Z,2018-05-08T00:00:00Z,FALSE,NA,85855,1232,rv,NA,rv,FALSE,2025-04-28 19:33:16 UTC,2025-04-28 19:33:16 UTC,NA,https://d25d2506sfb94s.cloudfront.net/cumulus_uploads/document/kwgrow0dna/econTabReport.pdf,NA,NA,https://d25d2506sfb94s.cloudfront.net/cumulus_uploads/document/kwgrow0dna/econTabReport.pdf,Congress,9,67,0
52393,241,Ipsos,,Reuters,NA,NA,NA,Ipsos,Probability Panel,NA,2018-05-04T00:00:00Z,2018-05-08T00:00:00Z,FALSE,NA,85241,682,a,NA,a,TRUE,2025-04-28 19:33:26 UTC,2025-04-28 19:33:26 UTC,NA,http://polling.reuters.com/#!response/TM1178Y17/type/smallest,NA,NA,NA,Congress,24.4,68.9,6.6
52393,241,Ipsos,,Reuters,NA,NA,NA,Ipsos,Probability Panel,NA,2018-05-04T00:00:00Z,2018-05-08T00:00:00Z,FALSE,NA,84744,594,rv,NA,rv,TRUE,2025-04-28 19:33:26 UTC,2025-04-28 19:33:26 UTC,NA,http://polling.reuters.com/#!response/TM1178Y17/type/smallest/filters/PD1:1,NA,NA,NA,Congress,22,72.2,5.8
52392,241,Ipsos,,Reuters,NA,NA,NA,Ipsos,Probability Panel,NA,2018-05-05T00:00:00Z,2018-05-09T00:00:00Z,FALSE,NA,85240,715,a,NA,a,TRUE,2025-04-28 19:33:26 UTC,2025-04-28 19:33:26 UTC,NA,http://polling.reuters.com/#!response/TM1178Y17/type/smallest,NA,NA,NA,Congress,23.9,69.4,6.7
52392,241,Ipsos,,Reuters,NA,NA,NA,Ipsos,Probability Panel,NA,2018-05-05T00:00:00Z,2018-05-09T00:00:00Z,FALSE,NA,84743,618,rv,NA,rv,TRUE,2025-04-28 19:33:26 UTC,2025-04-28 19:33:26 UTC,NA,http://polling.reuters.com/#!response/TM1178Y17/type/smallest/filters/PD1:1,NA,NA,NA,Congress,21.4,73.3,5.3
53523,169,Gallup,,NA,NA,NA,NA,Gallup,NA,NA,2018-05-01T00:00:00Z,2018-05-10T00:00:00Z,FALSE,NA,85854,1015,a,NA,a,FALSE,2025-04-28 19:33:24 UTC,2025-04-28 19:33:24 UTC,NA,http://news.gallup.com/poll/234380/snapshot-congressional-job-approval-may.aspx,NA,NA,NA,Congress,17,79,0
52391,241,Ipsos,,Reuters,NA,NA,NA,Ipsos,Probability Panel,NA,2018-05-06T00:00:00Z,2018-05-10T00:00:00Z,FALSE,NA,84742,671,rv,NA,rv,TRUE,2025-04-28 19:33:26 UTC,2025-04-28 19:33:26 UTC,NA,http://polling.reuters.com/#!response/TM1178Y17/type/smallest/filters/PD1:1,NA,NA,NA,Congress,21.8,72,6.2
52391,241,Ipsos,,Reuters,NA,NA,NA,Ipsos,Probability Panel,NA,2018-05-06T00:00:00Z,2018-05-10T00:00:00Z,FALSE,NA,85239,771,a,NA,a,TRUE,2025-04-28 19:33:40 UTC,2025-04-28 19:33:40 UTC,NA,http://polling.reuters.com/#!response/TM1178Y17/type/smallest,NA,NA,NA,Congress,24.1,68.9,7
52418,241,Ipsos,,Reuters,NA,NA,NA,Ipsos,Probability Panel,NA,2018-05-07T00:00:00Z,2018-05-11T00:00:00Z,FALSE,NA,85238,783,a,NA,a,TRUE,2025-04-28 19:33:26 UTC,2025-04-28 19:33:26 UTC,NA,http://polling.reuters.com/#!response/TM1178Y17/type/smallest,NA,NA,NA,Congress,24.6,67.9,7.4
52418,241,Ipsos,,Reuters,NA,NA,NA,Ipsos,Probability Panel,NA,2018-05-07T00:00:00Z,2018-05-11T00:00:00Z,FALSE,NA,84741,673,rv,NA,rv,TRUE,2025-04-28 19:33:26 UTC,2025-04-28 19:33:26 UTC,NA,http://polling.reuters.com/#!response/TM1178Y17/type/smallest/filters/PD1:1,NA,NA,NA,Congress,22.6,70.7,6.6
52417,241,Ipsos,,Reuters,NA,NA,NA,Ipsos,Probability Panel,NA,2018-05-08T00:00:00Z,2018-05-12T00:00:00Z,FALSE,NA,84740,640,rv,NA,rv,TRUE,2025-04-28 19:33:40 UTC,2025-04-28 19:33:40 UTC,NA,http://polling.reuters.com/#!response/TM1178Y17/type/smallest/filters/PD1:1,NA,NA,NA,Congress,22.6,70.7,6.7
52417,241,Ipsos,,Reuters,NA,NA,NA,Ipsos,Probability Panel,NA,2018-05-08T00:00:00Z,2018-05-12T00:00:00Z,FALSE,NA,85237,747,a,NA,a,TRUE,2025-04-28 19:33:40 UTC,2025-04-28 19:33:40 UTC,NA,http://polling.reuters.com/#!response/TM1178Y17/type/smallest,NA,NA,NA,Congress,23.7,68.4,7.9
52416,241,Ipsos,,Reuters,NA,NA,NA,Ipsos,Probability Panel,NA,2018-05-09T00:00:00Z,2018-05-13T00:00:00Z,FALSE,NA,85236,763,a,NA,a,TRUE,2025-04-28 19:33:26 UTC,2025-04-28 19:33:26 UTC,NA,http://polling.reuters.com/#!response/TM1178Y17/type/smallest,NA,NA,NA,Congress,25,67.6,7.5
52416,241,Ipsos,,Reuters,NA,NA,NA,Ipsos,Probability Panel,NA,2018-05-09T00:00:00Z,2018-05-13T00:00:00Z,FALSE,NA,84739,657,rv,NA,rv,TRUE,2025-04-28 19:33:26 UTC,2025-04-28 19:33:26 UTC,NA,http://polling.reuters.com/#!response/TM1178Y17/type/smallest/filters/PD1:1,NA,NA,NA,Congress,23.6,70.4,6.1
52415,241,Ipsos,,Reuters,NA,NA,NA,Ipsos,Probability Panel,NA,2018-05-10T00:00:00Z,2018-05-14T00:00:00Z,FALSE,NA,84738,660,rv,NA,rv,TRUE,2025-04-28 19:33:26 UTC,2025-04-28 19:33:26 UTC,NA,http://polling.reuters.com/#!response/TM1178Y17/type/smallest/filters/PD1:1,NA,NA,NA,Congress,24.3,69.2,6.4
52415,241,Ipsos,,Reuters,NA,NA,NA,Ipsos,Probability Panel,NA,2018-05-10T00:00:00Z,2018-05-14T00:00:00Z,FALSE,NA,85235,764,a,NA,a,TRUE,2025-04-28 19:33:40 UTC,2025-04-28 19:33:40 UTC,NA,http://polling.reuters.com/#!response/TM1178Y17/type/smallest,NA,NA,NA,Congress,26.1,66.5,7.4
52422,568,YouGov,,The Economist,NA,NA,NA,YouGov,Online Matched Sample,NA,2018-05-13T00:00:00Z,2018-05-15T00:00:00Z,FALSE,NA,85856,1231,rv,NA,rv,FALSE,2025-04-28 19:33:16 UTC,2025-04-28 19:33:16 UTC,NA,https://d25d2506sfb94s.cloudfront.net/cumulus_uploads/document/k7xf72pn0o/econTabReport.pdf,NA,NA,https://d25d2506sfb94s.cloudfront.net/cumulus_uploads/document/k7xf72pn0o/econTabReport.pdf,Congress,11,68,0
52431,241,Ipsos,,Reuters,NA,NA,NA,Ipsos,Probability Panel,NA,2018-05-11T00:00:00Z,2018-05-15T00:00:00Z,FALSE,NA,84737,631,rv,NA,rv,TRUE,2025-04-28 19:33:15 UTC,2025-04-28 19:33:15 UTC,NA,http://polling.reuters.com/#!response/TM1178Y17/type/smallest/filters/PD1:1,NA,NA,NA,Congress,24.8,69.3,5.9
52431,241,Ipsos,,Reuters,NA,NA,NA,Ipsos,Probability Panel,NA,2018-05-11T00:00:00Z,2018-05-15T00:00:00Z,FALSE,NA,85234,737,a,NA,a,TRUE,2025-04-28 19:33:26 UTC,2025-04-28 19:33:26 UTC,NA,http://polling.reuters.com/#!response/TM1178Y17/type/smallest,NA,NA,NA,Congress,26.2,66.6,7.2
52430,241,Ipsos,,Reuters,NA,NA,NA,Ipsos,Probability Panel,NA,2018-05-12T00:00:00Z,2018-05-16T00:00:00Z,FALSE,NA,84736,605,rv,NA,rv,TRUE,2025-04-28 19:33:40 UTC,2025-04-28 19:33:40 UTC,NA,http://polling.reuters.com/#!response/TM1178Y17/type/smallest/filters/PD1:1,NA,NA,NA,Congress,22.7,71.8,5.5
52430,241,Ipsos,,Reuters,NA,NA,NA,Ipsos,Probability Panel,NA,2018-05-12T00:00:00Z,2018-05-16T00:00:00Z,FALSE,NA,85233,701,a,NA,a,TRUE,2025-04-28 19:33:26 UTC,2025-04-28 19:33:26 UTC,NA,http://polling.reuters.com/#!response/TM1178Y17/type/smallest,NA,NA,NA,Congress,24.7,68.3,7
52429,241,Ipsos,,Reuters,NA,NA,NA,Ipsos,Probability Panel,NA,2018-05-13T00:00:00Z,2018-05-17T00:00:00Z,FALSE,NA,84735,660,rv,NA,rv,TRUE,2025-04-28 19:33:26 UTC,2025-04-28 19:33:26 UTC,NA,http://polling.reuters.com/#!response/TM1178Y17/type/smallest/filters/PD1:1,NA,NA,NA,Congress,24.5,69.4,6.1
52429,241,Ipsos,,Reuters,NA,NA,NA,Ipsos,Probability Panel,NA,2018-05-13T00:00:00Z,2018-05-17T00:00:00Z,FALSE,NA,85232,769,a,NA,a,TRUE,2025-04-28 19:33:26 UTC,2025-04-28 19:33:26 UTC,NA,http://polling.reuters.com/#!response/TM1178Y17/type/smallest,NA,NA,NA,Congress,25.2,66.4,8.4
52441,241,Ipsos,,Reuters,NA,NA,NA,Ipsos,Probability Panel,NA,2018-05-14T00:00:00Z,2018-05-18T00:00:00Z,FALSE,NA,85231,729,a,NA,a,TRUE,2025-04-28 19:33:26 UTC,2025-04-28 19:33:26 UTC,NA,http://polling.reuters.com/#!response/TM1178Y17/type/smallest,NA,NA,NA,Congress,24.6,66.1,9.2
52441,241,Ipsos,,Reuters,NA,NA,NA,Ipsos,Probability Panel,NA,2018-05-14T00:00:00Z,2018-05-18T00:00:00Z,FALSE,NA,84734,613,rv,NA,rv,TRUE,2025-04-28 19:33:26 UTC,2025-04-28 19:33:26 UTC,NA,http://polling.reuters.com/#!response/TM1178Y17/type/smallest/filters/PD1:1,NA,NA,NA,Congress,24.6,68.6,6.8
52440,241,Ipsos,,Reuters,NA,NA,NA,Ipsos,Probability Panel,NA,2018-05-15T00:00:00Z,2018-05-19T00:00:00Z,FALSE,NA,85230,673,a,NA,a,TRUE,2025-04-28 19:33:26 UTC,2025-04-28 19:33:26 UTC,NA,http://polling.reuters.com/#!response/TM1178Y17/type/smallest,NA,NA,NA,Congress,25.3,66.7,8
52440,241,Ipsos,,Reuters,NA,NA,NA,Ipsos,Probability Panel,NA,2018-05-15T00:00:00Z,2018-05-19T00:00:00Z,FALSE,NA,84733,555,rv,NA,rv,TRUE,2025-04-28 19:33:26 UTC,2025-04-28 19:33:26 UTC,NA,http://polling.reuters.com/#!response/TM1178Y17/type/smallest/filters/PD1:1,NA,NA,NA,Congress,25.4,69,5.5
52439,241,Ipsos,,Reuters,NA,NA,NA,Ipsos,Probability Panel,NA,2018-05-16T00:00:00Z,2018-05-20T00:00:00Z,FALSE,NA,84732,556,rv,NA,rv,TRUE,2025-04-28 19:33:40 UTC,2025-04-28 19:33:40 UTC,NA,http://polling.reuters.com/#!response/TM1178Y17/type/smallest/filters/PD1:1,NA,NA,NA,Congress,23.9,69.2,6.9
52439,241,Ipsos,,Reuters,NA,NA,NA,Ipsos,Probability Panel,NA,2018-05-16T00:00:00Z,2018-05-20T00:00:00Z,FALSE,NA,85229,671,a,NA,a,TRUE,2025-04-28 19:33:40 UTC,2025-04-28 19:33:40 UTC,NA,http://polling.reuters.com/#!response/TM1178Y17/type/smallest,NA,NA,NA,Congress,23.9,66.8,9.3
52438,241,Ipsos,,Reuters,NA,NA,NA,Ipsos,Probability Panel,NA,2018-05-17T00:00:00Z,2018-05-21T00:00:00Z,FALSE,NA,84731,514,rv,NA,rv,TRUE,2025-04-28 19:33:26 UTC,2025-04-28 19:33:26 UTC,NA,http://polling.reuters.com/#!response/TM1178Y17/type/smallest/filters/PD1:1,NA,NA,NA,Congress,24,69.4,6.6
52438,241,Ipsos,,Reuters,NA,NA,NA,Ipsos,Probability Panel,NA,2018-05-17T00:00:00Z,2018-05-21T00:00:00Z,FALSE,NA,85228,626,a,NA,a,TRUE,2025-04-28 19:33:26 UTC,2025-04-28 19:33:26 UTC,NA,http://polling.reuters.com/#!response/TM1178Y17/type/smallest,NA,NA,NA,Congress,25,66,9
52461,241,Ipsos,,Reuters,NA,NA,NA,Ipsos,Probability Panel,NA,2018-05-18T00:00:00Z,2018-05-22T00:00:00Z,FALSE,NA,84730,533,rv,NA,rv,TRUE,2025-04-28 19:33:40 UTC,2025-04-28 19:33:40 UTC,NA,http://polling.reuters.com/#!response/TM1178Y17/type/smallest/filters/PD1:1,NA,NA,NA,Congress,22.3,71,6.7
52444,568,YouGov,,The Economist,NA,NA,NA,YouGov,Online Matched Sample,NA,2018-05-20T00:00:00Z,2018-05-22T00:00:00Z,FALSE,NA,85857,1263,rv,NA,rv,FALSE,2025-04-28 19:33:07 UTC,2025-04-28 19:33:07 UTC,NA,NA,NA,NA,NA,Congress,9,68,0
52461,241,Ipsos,,Reuters,NA,NA,NA,Ipsos,Probability Panel,NA,2018-05-18T00:00:00Z,2018-05-22T00:00:00Z,FALSE,NA,85227,643,a,NA,a,TRUE,2025-04-28 19:33:40 UTC,2025-04-28 19:33:40 UTC,NA,http://polling.reuters.com/#!response/TM1178Y17/type/smallest,NA,NA,NA,Congress,23.9,68.1,8
52460,241,Ipsos,,Reuters,NA,NA,NA,Ipsos,Probability Panel,NA,2018-05-19T00:00:00Z,2018-05-23T00:00:00Z,FALSE,NA,84729,570,rv,NA,rv,TRUE,2025-04-28 19:33:40 UTC,2025-04-28 19:33:40 UTC,NA,http://polling.reuters.com/#!response/TM1178Y17/type/smallest/filters/PD1:1,NA,NA,NA,Congress,24.2,69.1,6.8
52460,241,Ipsos,,Reuters,NA,NA,NA,Ipsos,Probability Panel,NA,2018-05-19T00:00:00Z,2018-05-23T00:00:00Z,FALSE,NA,85226,692,a,NA,a,TRUE,2025-04-28 19:33:26 UTC,2025-04-28 19:33:26 UTC,NA,http://polling.reuters.com/#!response/TM1178Y17/type/smallest,NA,NA,NA,Congress,24.5,67.4,8.2
52459,241,Ipsos,,Reuters,NA,NA,NA,Ipsos,Probability Panel,NA,2018-05-20T00:00:00Z,2018-05-24T00:00:00Z,FALSE,NA,84728,595,rv,NA,rv,TRUE,2025-04-28 19:33:26 UTC,2025-04-28 19:33:26 UTC,NA,http://polling.reuters.com/#!response/TM1178Y17/type/smallest/filters/PD1:1,NA,NA,NA,Congress,24.1,68.5,7.4
52459,241,Ipsos,,Reuters,NA,NA,NA,Ipsos,Probability Panel,NA,2018-05-20T00:00:00Z,2018-05-24T00:00:00Z,FALSE,NA,85225,722,a,NA,a,TRUE,2025-04-28 19:33:26 UTC,2025-04-28 19:33:26 UTC,NA,http://polling.reuters.com/#!response/TM1178Y17/type/smallest,NA,NA,NA,Congress,23.8,67.1,9.2
52477,241,Ipsos,,Reuters,NA,NA,NA,Ipsos,Probability Panel,NA,2018-05-21T00:00:00Z,2018-05-25T00:00:00Z,FALSE,NA,85224,853,a,NA,a,TRUE,2025-04-28 19:33:26 UTC,2025-04-28 19:33:26 UTC,NA,http://polling.reuters.com/#!response/TM1178Y17/type/smallest,NA,NA,NA,Congress,24.8,65,10.2
52477,241,Ipsos,,Reuters,NA,NA,NA,Ipsos,Probability Panel,NA,2018-05-21T00:00:00Z,2018-05-25T00:00:00Z,FALSE,NA,84727,710,rv,NA,rv,TRUE,2025-04-28 19:33:26 UTC,2025-04-28 19:33:26 UTC,NA,http://polling.reuters.com/#!response/TM1178Y17/type/smallest/filters/PD1:1,NA,NA,NA,Congress,24.9,66.5,8.6
52476,241,Ipsos,,Reuters,NA,NA,NA,Ipsos,Probability Panel,NA,2018-05-22T00:00:00Z,2018-05-26T00:00:00Z,FALSE,NA,84726,779,rv,NA,rv,TRUE,2025-04-28 19:33:26 UTC,2025-04-28 19:33:26 UTC,NA,http://polling.reuters.com/#!response/TM1178Y17/type/smallest/filters/PD1:1,NA,NA,NA,Congress,24.6,67.2,8.1
52476,241,Ipsos,,Reuters,NA,NA,NA,Ipsos,Probability Panel,NA,2018-05-22T00:00:00Z,2018-05-26T00:00:00Z,FALSE,NA,85223,944,a,NA,a,TRUE,2025-04-28 19:33:40 UTC,2025-04-28 19:33:40 UTC,NA,http://polling.reuters.com/#!response/TM1178Y17/type/smallest,NA,NA,NA,Congress,24.2,65.6,10.2
52475,241,Ipsos,,Reuters,NA,NA,NA,Ipsos,Probability Panel,NA,2018-05-23T00:00:00Z,2018-05-27T00:00:00Z,FALSE,NA,85222,951,a,NA,a,TRUE,2025-04-28 19:33:26 UTC,2025-04-28 19:33:26 UTC,NA,http://polling.reuters.com/#!response/TM1178Y17/type/smallest,NA,NA,NA,Congress,24.4,65.4,10.3
52475,241,Ipsos,,Reuters,NA,NA,NA,Ipsos,Probability Panel,NA,2018-05-23T00:00:00Z,2018-05-27T00:00:00Z,FALSE,NA,84725,778,rv,NA,rv,TRUE,2025-04-28 19:33:26 UTC,2025-04-28 19:33:26 UTC,NA,http://polling.reuters.com/#!response/TM1178Y17/type/smallest/filters/PD1:1,NA,NA,NA,Congress,25.1,67.1,7.8
52474,241,Ipsos,,Reuters,NA,NA,NA,Ipsos,Probability Panel,NA,2018-05-24T00:00:00Z,2018-05-28T00:00:00Z,FALSE,NA,85221,944,a,NA,a,TRUE,2025-04-28 19:33:26 UTC,2025-04-28 19:33:26 UTC,NA,http://polling.reuters.com/#!response/TM1178Y17/type/smallest,NA,NA,NA,Congress,22.8,66.2,11
52474,241,Ipsos,,Reuters,NA,NA,NA,Ipsos,Probability Panel,NA,2018-05-24T00:00:00Z,2018-05-28T00:00:00Z,FALSE,NA,84724,779,rv,NA,rv,TRUE,2025-04-28 19:33:26 UTC,2025-04-28 19:33:26 UTC,NA,http://polling.reuters.com/#!response/TM1178Y17/type/smallest/filters/PD1:1,NA,NA,NA,Congress,23.8,68,8.2
52472,568,YouGov,,The Economist,NA,NA,NA,YouGov,Online Matched Sample,NA,2018-05-27T00:00:00Z,2018-05-29T00:00:00Z,FALSE,NA,85858,1279,rv,NA,rv,FALSE,2025-04-28 19:33:16 UTC,2025-04-28 19:33:16 UTC,NA,https://d25d2506sfb94s.cloudfront.net/cumulus_uploads/document/v00h5ts0qm/econTabReport.pdf,NA,NA,https://d25d2506sfb94s.cloudfront.net/cumulus_uploads/document/v00h5ts0qm/econTabReport.pdf,Congress,9,70,0
52484,241,Ipsos,,Reuters,NA,NA,NA,Ipsos,Probability Panel,NA,2018-05-25T00:00:00Z,2018-05-29T00:00:00Z,FALSE,NA,84723,963,rv,NA,rv,TRUE,2025-04-28 19:33:40 UTC,2025-04-28 19:33:40 UTC,NA,http://polling.reuters.com/#!response/TM1178Y17/type/smallest/filters/PD1:1,NA,NA,NA,Congress,22.1,68.3,9.6
52484,241,Ipsos,,Reuters,NA,NA,NA,Ipsos,Probability Panel,NA,2018-05-25T00:00:00Z,2018-05-29T00:00:00Z,FALSE,NA,85220,1173,a,NA,a,TRUE,2025-04-28 19:33:26 UTC,2025-04-28 19:33:26 UTC,NA,http://polling.reuters.com/#!response/TM1178Y17/type/smallest,NA,NA,NA,Congress,21.4,65.5,13.1
52483,241,Ipsos,,Reuters,NA,NA,NA,Ipsos,Probability Panel,NA,2018-05-26T00:00:00Z,2018-05-30T00:00:00Z,FALSE,NA,85219,1070,a,NA,a,TRUE,2025-04-28 19:33:40 UTC,2025-04-28 19:33:40 UTC,NA,http://polling.reuters.com/#!response/TM1178Y17/type/smallest,NA,NA,NA,Congress,22.1,64.9,13
52483,241,Ipsos,,Reuters,NA,NA,NA,Ipsos,Probability Panel,NA,2018-05-26T00:00:00Z,2018-05-30T00:00:00Z,FALSE,NA,84722,863,rv,NA,rv,TRUE,2025-04-28 19:33:40 UTC,2025-04-28 19:33:40 UTC,NA,http://polling.reuters.com/#!response/TM1178Y17/type/smallest/filters/PD1:1,NA,NA,NA,Congress,22.7,69,8.3
52551,568,YouGov,,The George Washington University,NA,NA,NA,YouGov,Online Matched Sample,NA,2018-05-14T00:00:00Z,2018-05-30T00:00:00Z,FALSE,NA,91509,3150,rv,NA,rv,FALSE,2025-04-28 19:33:19 UTC,2025-04-28 19:33:19 UTC,NA,https://smpa.gwu.edu/sites/g/files/zaxdzs2046/f/downloads/Toplines%20GW%20Politics%20Poll%20Wave%201.pdf,NA,https://smpa.gwu.edu/sites/g/files/zaxdzs2046/f/downloads/Toplines%20GW%20Politics%20Poll%20Wave%201.pdf,NA,Congress,18,75,8
52482,241,Ipsos,,Reuters,NA,NA,NA,Ipsos,Probability Panel,NA,2018-05-27T00:00:00Z,2018-05-31T00:00:00Z,FALSE,NA,84721,875,rv,NA,rv,TRUE,2025-04-28 19:33:40 UTC,2025-04-28 19:33:40 UTC,NA,http://polling.reuters.com/#!response/TM1178Y17/type/smallest/filters/PD1:1,NA,NA,NA,Congress,22.2,69,8.8
52482,241,Ipsos,,Reuters,NA,NA,NA,Ipsos,Probability Panel,NA,2018-05-27T00:00:00Z,2018-05-31T00:00:00Z,FALSE,NA,85218,1079,a,NA,a,TRUE,2025-04-28 19:33:40 UTC,2025-04-28 19:33:40 UTC,NA,http://polling.reuters.com/#!response/TM1178Y17/type/smallest,NA,NA,NA,Congress,21.8,64.8,13.3
52507,241,Ipsos,,Reuters,NA,NA,NA,Ipsos,Probability Panel,NA,2018-05-28T00:00:00Z,2018-06-01T00:00:00Z,FALSE,NA,84720,856,rv,NA,rv,TRUE,2025-04-28 19:33:26 UTC,2025-04-28 19:33:26 UTC,NA,http://polling.reuters.com/#!response/TM1178Y17/type/smallest/filters/PD1:1,NA,NA,NA,Congress,20.9,69.1,9.9
52507,241,Ipsos,,Reuters,NA,NA,NA,Ipsos,Probability Panel,NA,2018-05-28T00:00:00Z,2018-06-01T00:00:00Z,FALSE,NA,85217,1047,a,NA,a,TRUE,2025-04-28 19:33:26 UTC,2025-04-28 19:33:26 UTC,NA,http://polling.reuters.com/#!response/TM1178Y17/type/smallest,NA,NA,NA,Congress,20.5,65,14.6
66576,552,Winston,,Winning the Issues,NA,NA,NA,The Winston Group,Online Opt-In Panel,NA,2018-05-31T00:00:00Z,2018-06-01T00:00:00Z,FALSE,REP,124094,1000,rv,NA,rv,FALSE,2025-04-28 19:33:12 UTC,2025-04-28 19:33:12 UTC,NA,https://www.winningtheissues.org/wp-content/uploads/2018/06/MAY-2018-WTI-Aggs-.pdf,NA,NA,NA,Congress,20,62,18
52506,241,Ipsos,,Reuters,NA,NA,NA,Ipsos,Probability Panel,NA,2018-05-29T00:00:00Z,2018-06-02T00:00:00Z,FALSE,NA,84719,831,rv,NA,rv,TRUE,2025-04-28 19:33:26 UTC,2025-04-28 19:33:26 UTC,NA,http://polling.reuters.com/#!response/TM1178Y17/type/smallest/filters/PD1:1,NA,NA,NA,Congress,21.1,68.5,10.4
52506,241,Ipsos,,Reuters,NA,NA,NA,Ipsos,Probability Panel,NA,2018-05-29T00:00:00Z,2018-06-02T00:00:00Z,FALSE,NA,85216,1026,a,NA,a,TRUE,2025-04-28 19:33:26 UTC,2025-04-28 19:33:26 UTC,NA,http://polling.reuters.com/#!response/TM1178Y17/type/smallest,NA,NA,NA,Congress,20.9,64.6,14.5
52505,241,Ipsos,,Reuters,NA,NA,NA,Ipsos,Probability Panel,NA,2018-05-30T00:00:00Z,2018-06-03T00:00:00Z,FALSE,NA,84718,668,rv,NA,rv,TRUE,2025-04-28 19:33:40 UTC,2025-04-28 19:33:40 UTC,NA,http://polling.reuters.com/#!response/TM1178Y17/type/smallest/filters/PD1:1,NA,NA,NA,Congress,22.4,66.3,11.3
52505,241,Ipsos,,Reuters,NA,NA,NA,Ipsos,Probability Panel,NA,2018-05-30T00:00:00Z,2018-06-03T00:00:00Z,FALSE,NA,85215,816,a,NA,a,TRUE,2025-04-28 19:33:40 UTC,2025-04-28 19:33:40 UTC,NA,http://polling.reuters.com/#!response/TM1178Y17/type/smallest,NA,NA,NA,Congress,21.6,63.9,14.5
52504,241,Ipsos,,Reuters,NA,NA,NA,Ipsos,Probability Panel,NA,2018-05-31T00:00:00Z,2018-06-04T00:00:00Z,FALSE,NA,85214,800,a,NA,a,TRUE,2025-04-28 19:33:26 UTC,2025-04-28 19:33:26 UTC,NA,http://polling.reuters.com/#!response/TM1178Y17/type/smallest,NA,NA,NA,Congress,22.2,63.3,14.5
52504,241,Ipsos,,Reuters,NA,NA,NA,Ipsos,Probability Panel,NA,2018-05-31T00:00:00Z,2018-06-04T00:00:00Z,FALSE,NA,84717,654,rv,NA,rv,TRUE,2025-04-28 19:33:15 UTC,2025-04-28 19:33:15 UTC,NA,http://polling.reuters.com/#!response/TM1178Y17/type/smallest/filters/PD1:1,NA,NA,NA,Congress,24.2,63.9,11.9
52514,568,YouGov,,The Economist,NA,NA,NA,YouGov,Online Matched Sample,NA,2018-06-03T00:00:00Z,2018-06-05T00:00:00Z,FALSE,NA,85861,1292,rv,NA,rv,FALSE,2025-04-28 19:33:16 UTC,2025-04-28 19:33:16 UTC,NA,https://d25d2506sfb94s.cloudfront.net/cumulus_uploads/document/dtt00zl5up/econTabReport.pdf,NA,NA,https://d25d2506sfb94s.cloudfront.net/cumulus_uploads/document/dtt00zl5up/econTabReport.pdf,Congress,11,69,0
52535,241,Ipsos,,Reuters,NA,NA,NA,Ipsos,Probability Panel,NA,2018-06-01T00:00:00Z,2018-06-05T00:00:00Z,FALSE,NA,85213,774,a,NA,a,TRUE,2025-04-28 19:33:22 UTC,2025-04-28 19:33:22 UTC,NA,http://polling.reuters.com/#!response/TM1178Y17/type/smallest,NA,NA,NA,Congress,22,62.2,15.8
52535,241,Ipsos,,Reuters,NA,NA,NA,Ipsos,Probability Panel,NA,2018-06-01T00:00:00Z,2018-06-05T00:00:00Z,FALSE,NA,84716,637,rv,NA,rv,TRUE,2025-04-28 19:33:15 UTC,2025-04-28 19:33:15 UTC,NA,http://polling.reuters.com/#!response/TM1178Y17/type/smallest/filters/PD1:1,NA,NA,NA,Congress,23.8,61.9,14.4
52523,396,Quinnipiac,,NA,NA,NA,NA,Quinnipiac University,Live Phone,NA,2018-05-31T00:00:00Z,2018-06-05T00:00:00Z,FALSE,NA,85859,1223,rv,NA,rv,FALSE,2025-04-28 19:33:30 UTC,2025-04-28 19:33:30 UTC,NA,https://poll.qu.edu/poll-release-legacy?releaseid=2544,NA,NA,https://poll.qu.edu/poll-release-legacy?releaseid=2544,Congress,13,78,0
52534,241,Ipsos,,Reuters,NA,NA,NA,Ipsos,Probability Panel,NA,2018-06-02T00:00:00Z,2018-06-06T00:00:00Z,FALSE,NA,85212,761,a,NA,a,TRUE,2025-04-28 19:33:26 UTC,2025-04-28 19:33:26 UTC,NA,http://polling.reuters.com/#!response/TM1178Y17/type/smallest,NA,NA,NA,Congress,23.5,63.1,13.4
52534,241,Ipsos,,Reuters,NA,NA,NA,Ipsos,Probability Panel,NA,2018-06-02T00:00:00Z,2018-06-06T00:00:00Z,FALSE,NA,84715,620,rv,NA,rv,TRUE,2025-04-28 19:33:15 UTC,2025-04-28 19:33:15 UTC,NA,http://polling.reuters.com/#!response/TM1178Y17/type/smallest/filters/PD1:1,NA,NA,NA,Congress,24.4,63,12.6
52533,241,Ipsos,,Reuters,NA,NA,NA,Ipsos,Probability Panel,NA,2018-06-03T00:00:00Z,2018-06-07T00:00:00Z,FALSE,NA,85211,794,a,NA,a,TRUE,2025-04-28 19:33:40 UTC,2025-04-28 19:33:40 UTC,NA,http://polling.reuters.com/#!response/TM1178Y17/type/smallest,NA,NA,NA,Congress,22,64.2,13.8
52533,241,Ipsos,,Reuters,NA,NA,NA,Ipsos,Probability Panel,NA,2018-06-03T00:00:00Z,2018-06-07T00:00:00Z,FALSE,NA,84714,658,rv,NA,rv,TRUE,2025-04-28 19:33:40 UTC,2025-04-28 19:33:40 UTC,NA,http://polling.reuters.com/#!response/TM1178Y17/type/smallest/filters/PD1:1,NA,NA,NA,Congress,23,64.6,12.5
52546,241,Ipsos,,Reuters,NA,NA,NA,Ipsos,Probability Panel,NA,2018-06-04T00:00:00Z,2018-06-08T00:00:00Z,FALSE,NA,85210,783,a,NA,a,TRUE,2025-04-28 19:33:40 UTC,2025-04-28 19:33:40 UTC,NA,http://polling.reuters.com/#!response/TM1178Y17/type/smallest,NA,NA,NA,Congress,24,63.3,12.7
52546,241,Ipsos,,Reuters,NA,NA,NA,Ipsos,Probability Panel,NA,2018-06-04T00:00:00Z,2018-06-08T00:00:00Z,FALSE,NA,84713,660,rv,NA,rv,TRUE,2025-04-28 19:33:15 UTC,2025-04-28 19:33:15 UTC,NA,http://polling.reuters.com/#!response/TM1178Y17/type/smallest/filters/PD1:1,NA,NA,NA,Congress,25.1,64.3,10.6
52545,241,Ipsos,,Reuters,NA,NA,NA,Ipsos,Probability Panel,NA,2018-06-05T00:00:00Z,2018-06-09T00:00:00Z,FALSE,NA,84712,657,rv,NA,rv,TRUE,2025-04-28 19:33:15 UTC,2025-04-28 19:33:15 UTC,NA,http://polling.reuters.com/#!response/TM1178Y17/type/smallest/filters/PD1:1,NA,NA,NA,Congress,24,66.5,9.5
52545,241,Ipsos,,Reuters,NA,NA,NA,Ipsos,Probability Panel,NA,2018-06-05T00:00:00Z,2018-06-09T00:00:00Z,FALSE,NA,85209,770,a,NA,a,TRUE,2025-04-28 19:33:26 UTC,2025-04-28 19:33:26 UTC,NA,http://polling.reuters.com/#!response/TM1178Y17/type/smallest,NA,NA,NA,Congress,23.7,64.8,11.5
52544,241,Ipsos,,Reuters,NA,NA,NA,Ipsos,Probability Panel,NA,2018-06-06T00:00:00Z,2018-06-10T00:00:00Z,FALSE,NA,85208,742,a,NA,a,TRUE,2025-04-28 19:33:40 UTC,2025-04-28 19:33:40 UTC,NA,http://polling.reuters.com/#!response/TM1178Y17/type/smallest,NA,NA,NA,Congress,24.2,64.9,10.9
52544,241,Ipsos,,Reuters,NA,NA,NA,Ipsos,Probability Panel,NA,2018-06-06T00:00:00Z,2018-06-10T00:00:00Z,FALSE,NA,84711,642,rv,NA,rv,TRUE,2025-04-28 19:33:26 UTC,2025-04-28 19:33:26 UTC,NA,http://polling.reuters.com/#!response/TM1178Y17/type/smallest/filters/PD1:1,NA,NA,NA,Congress,25,66,8.9
52549,383,PPP,,NA,NA,NA,NA,Public Policy Polling,NA,NA,2018-06-08T00:00:00Z,2018-06-10T00:00:00Z,FALSE,DEM,85862,679,rv,NA,rv,FALSE,2025-04-28 19:33:16 UTC,2025-04-28 19:33:16 UTC,NA,https://www.publicpolicypolling.com/wp-content/uploads/2018/06/PPP_Release_National_61318.pdf,NA,NA,NA,Congress,6,75,0
52543,241,Ipsos,,Reuters,NA,NA,NA,Ipsos,Probability Panel,NA,2018-06-07T00:00:00Z,2018-06-11T00:00:00Z,FALSE,NA,84710,669,rv,NA,rv,TRUE,2025-04-28 19:33:26 UTC,2025-04-28 19:33:26 UTC,NA,http://polling.reuters.com/#!response/TM1178Y17/type/smallest/filters/PD1:1,NA,NA,NA,Congress,23.5,67.5,9
52543,241,Ipsos,,Reuters,NA,NA,NA,Ipsos,Probability Panel,NA,2018-06-07T00:00:00Z,2018-06-11T00:00:00Z,FALSE,NA,85207,773,a,NA,a,TRUE,2025-04-28 19:33:40 UTC,2025-04-28 19:33:40 UTC,NA,http://polling.reuters.com/#!response/TM1178Y17/type/smallest,NA,NA,NA,Congress,22,64.7,13.3
52563,241,Ipsos,,Reuters,NA,NA,NA,Ipsos,Probability Panel,NA,2018-06-08T00:00:00Z,2018-06-12T00:00:00Z,FALSE,NA,84709,1020,rv,NA,rv,TRUE,2025-04-28 19:33:26 UTC,2025-04-28 19:33:26 UTC,NA,http://polling.reuters.com/#!response/TM1178Y17/type/smallest/filters/PD1:1,NA,NA,NA,Congress,26.1,65.8,8.1
52563,241,Ipsos,,Reuters,NA,NA,NA,Ipsos,Probability Panel,NA,2018-06-08T00:00:00Z,2018-06-12T00:00:00Z,FALSE,NA,85206,1188,a,NA,a,TRUE,2025-04-28 19:33:26 UTC,2025-04-28 19:33:26 UTC,NA,http://polling.reuters.com/#!response/TM1178Y17/type/smallest,NA,NA,NA,Congress,24.9,63.8,11.2
52548,568,YouGov,,The Economist,NA,NA,NA,YouGov,Online Matched Sample,NA,2018-06-10T00:00:00Z,2018-06-12T00:00:00Z,FALSE,NA,85863,1308,rv,NA,rv,FALSE,2025-04-28 19:33:16 UTC,2025-04-28 19:33:16 UTC,NA,https://d25d2506sfb94s.cloudfront.net/cumulus_uploads/document/0kj6rhpqso/econTabReport.pdf,NA,NA,https://d25d2506sfb94s.cloudfront.net/cumulus_uploads/document/0kj6rhpqso/econTabReport.pdf,Congress,13,66,0
52562,241,Ipsos,,Reuters,NA,NA,NA,Ipsos,Probability Panel,NA,2018-06-09T00:00:00Z,2018-06-13T00:00:00Z,FALSE,NA,85205,1240,a,NA,a,TRUE,2025-04-28 19:33:15 UTC,2025-04-28 19:33:15 UTC,NA,http://polling.reuters.com/#!response/TM1178Y17/type/smallest,NA,NA,NA,Congress,24.5,64,11.5
53524,169,Gallup,,NA,NA,NA,NA,Gallup,NA,NA,2018-06-01T00:00:00Z,2018-06-13T00:00:00Z,FALSE,NA,85860,1520,a,NA,a,FALSE,2025-04-28 19:33:16 UTC,2025-04-28 19:33:16 UTC,NA,https://news.gallup.com/poll/235733/june-approve-congress.aspx,NA,NA,NA,Congress,19,76,0
52555,320,Monmouth,,NA,NA,NA,NA,Monmouth University Polling Institute,Live Phone,NA,2018-06-12T00:00:00Z,2018-06-13T00:00:00Z,FALSE,NA,85864,711,rv,NA,rv,FALSE,2025-04-28 19:33:07 UTC,2025-04-28 19:33:07 UTC,NA,NA,NA,NA,NA,Congress,19,69,0
52562,241,Ipsos,,Reuters,NA,NA,NA,Ipsos,Probability Panel,NA,2018-06-09T00:00:00Z,2018-06-13T00:00:00Z,FALSE,NA,84708,1044,rv,NA,rv,TRUE,2025-04-28 19:33:26 UTC,2025-04-28 19:33:26 UTC,NA,http://polling.reuters.com/#!response/TM1178Y17/type/smallest/filters/PD1:1,NA,NA,NA,Congress,25.2,66.5,8.2
52561,241,Ipsos,,Reuters,NA,NA,NA,Ipsos,Probability Panel,NA,2018-06-10T00:00:00Z,2018-06-14T00:00:00Z,FALSE,NA,85204,1256,a,NA,a,TRUE,2025-04-28 19:33:15 UTC,2025-04-28 19:33:15 UTC,NA,http://polling.reuters.com/#!response/TM1178Y17/type/smallest,NA,NA,NA,Congress,24.5,63.7,11.8
52561,241,Ipsos,,Reuters,NA,NA,NA,Ipsos,Probability Panel,NA,2018-06-10T00:00:00Z,2018-06-14T00:00:00Z,FALSE,NA,84707,1054,rv,NA,rv,TRUE,2025-04-28 19:33:15 UTC,2025-04-28 19:33:15 UTC,NA,http://polling.reuters.com/#!response/TM1178Y17/type/smallest/filters/PD1:1,NA,NA,NA,Congress,25.7,65.7,8.6
52576,241,Ipsos,,Reuters,NA,NA,NA,Ipsos,Probability Panel,NA,2018-06-11T00:00:00Z,2018-06-15T00:00:00Z,FALSE,NA,85203,1296,a,NA,a,TRUE,2025-04-28 19:33:15 UTC,2025-04-28 19:33:15 UTC,NA,http://polling.reuters.com/#!response/TM1178Y17/type/smallest,NA,NA,NA,Congress,24.5,63.8,11.7
52576,241,Ipsos,,Reuters,NA,NA,NA,Ipsos,Probability Panel,NA,2018-06-11T00:00:00Z,2018-06-15T00:00:00Z,FALSE,NA,84706,1084,rv,NA,rv,TRUE,2025-04-28 19:33:15 UTC,2025-04-28 19:33:15 UTC,NA,http://polling.reuters.com/#!response/TM1178Y17/type/smallest/filters/PD1:1,NA,NA,NA,Congress,25.9,66,8.1
52579,241,Ipsos,,Reuters,NA,NA,NA,Ipsos,Probability Panel,NA,2018-06-12T00:00:00Z,2018-06-16T00:00:00Z,FALSE,NA,85202,1256,a,NA,a,TRUE,2025-04-28 19:33:15 UTC,2025-04-28 19:33:15 UTC,NA,http://polling.reuters.com/#!response/TM1178Y17/type/smallest,NA,NA,NA,Congress,26.2,63.3,10.5
52579,241,Ipsos,,Reuters,NA,NA,NA,Ipsos,Probability Panel,NA,2018-06-12T00:00:00Z,2018-06-16T00:00:00Z,FALSE,NA,84705,1062,rv,NA,rv,TRUE,2025-04-28 19:33:15 UTC,2025-04-28 19:33:15 UTC,NA,http://polling.reuters.com/#!response/TM1178Y17/type/smallest/filters/PD1:1,NA,NA,NA,Congress,27.6,64.9,7.5
52578,241,Ipsos,,Reuters,NA,NA,NA,Ipsos,Probability Panel,NA,2018-06-13T00:00:00Z,2018-06-17T00:00:00Z,FALSE,NA,84704,712,rv,NA,rv,TRUE,2025-04-28 19:33:15 UTC,2025-04-28 19:33:15 UTC,NA,http://polling.reuters.com/#!response/TM1178Y17/type/smallest/filters/PD1:1,NA,NA,NA,Congress,25.6,66.8,7.6
52578,241,Ipsos,,Reuters,NA,NA,NA,Ipsos,Probability Panel,NA,2018-06-13T00:00:00Z,2018-06-17T00:00:00Z,FALSE,NA,85201,842,a,NA,a,TRUE,2025-04-28 19:33:15 UTC,2025-04-28 19:33:15 UTC,NA,http://polling.reuters.com/#!response/TM1178Y17/type/smallest,NA,NA,NA,Congress,24.2,64.3,11.5
52577,241,Ipsos,,Reuters,NA,NA,NA,Ipsos,Probability Panel,NA,2018-06-14T00:00:00Z,2018-06-18T00:00:00Z,FALSE,NA,85200,948,a,NA,a,TRUE,2025-04-28 19:33:26 UTC,2025-04-28 19:33:26 UTC,NA,http://polling.reuters.com/#!response/TM1178Y17/type/smallest,NA,NA,NA,Congress,24.5,63.7,11.8
52577,241,Ipsos,,Reuters,NA,NA,NA,Ipsos,Probability Panel,NA,2018-06-14T00:00:00Z,2018-06-18T00:00:00Z,FALSE,NA,84703,801,rv,NA,rv,TRUE,2025-04-28 19:33:26 UTC,2025-04-28 19:33:26 UTC,NA,http://polling.reuters.com/#!response/TM1178Y17/type/smallest/filters/PD1:1,NA,NA,NA,Congress,25.1,67,7.9
52581,568,YouGov,,The Economist,NA,NA,NA,YouGov,Online Matched Sample,NA,2018-06-17T00:00:00Z,2018-06-19T00:00:00Z,FALSE,NA,85865,1272,rv,NA,rv,FALSE,2025-04-28 19:33:16 UTC,2025-04-28 19:33:16 UTC,NA,https://d25d2506sfb94s.cloudfront.net/cumulus_uploads/document/rbrysksiud/econTabReport.pdf,NA,NA,https://d25d2506sfb94s.cloudfront.net/cumulus_uploads/document/rbrysksiud/econTabReport.pdf,Congress,10,66,0
52595,241,Ipsos,,Reuters,NA,NA,NA,Ipsos,Probability Panel,NA,2018-06-15T00:00:00Z,2018-06-19T00:00:00Z,FALSE,NA,85199,947,a,NA,a,TRUE,2025-04-28 19:33:26 UTC,2025-04-28 19:33:26 UTC,NA,http://polling.reuters.com/#!response/TM1178Y17/type/smallest,NA,NA,NA,Congress,24.1,64.8,11.1
52595,241,Ipsos,,Reuters,NA,NA,NA,Ipsos,Probability Panel,NA,2018-06-15T00:00:00Z,2018-06-19T00:00:00Z,FALSE,NA,84702,803,rv,NA,rv,TRUE,2025-04-28 19:33:26 UTC,2025-04-28 19:33:26 UTC,NA,http://polling.reuters.com/#!response/TM1178Y17/type/smallest/filters/PD1:1,NA,NA,NA,Congress,24.3,68,7.7
52594,241,Ipsos,,Reuters,NA,NA,NA,Ipsos,Probability Panel,NA,2018-06-16T00:00:00Z,2018-06-20T00:00:00Z,FALSE,NA,85198,953,a,NA,a,TRUE,2025-04-28 19:33:07 UTC,2025-04-28 19:33:07 UTC,NA,http://polling.reuters.com/#!response/TM1178Y17/type/smallest,NA,NA,NA,Congress,22.6,65.3,12.1
52594,241,Ipsos,,Reuters,NA,NA,NA,Ipsos,Probability Panel,NA,2018-06-16T00:00:00Z,2018-06-20T00:00:00Z,FALSE,NA,84701,794,rv,NA,rv,TRUE,2025-04-28 19:33:07 UTC,2025-04-28 19:33:07 UTC,NA,http://polling.reuters.com/#!response/TM1178Y17/type/smallest/filters/PD1:1,NA,NA,NA,Congress,22.9,68.8,8.3
52593,241,Ipsos,,Reuters,NA,NA,NA,Ipsos,Probability Panel,NA,2018-06-17T00:00:00Z,2018-06-21T00:00:00Z,FALSE,NA,84700,786,rv,NA,rv,TRUE,2025-04-28 19:33:26 UTC,2025-04-28 19:33:26 UTC,NA,http://polling.reuters.com/#!response/TM1178Y17/type/smallest/filters/PD1:1,NA,NA,NA,Congress,20.9,70.3,8.7
52593,241,Ipsos,,Reuters,NA,NA,NA,Ipsos,Probability Panel,NA,2018-06-17T00:00:00Z,2018-06-21T00:00:00Z,FALSE,NA,85197,962,a,NA,a,TRUE,2025-04-28 19:33:07 UTC,2025-04-28 19:33:07 UTC,NA,http://polling.reuters.com/#!response/TM1178Y17/type/smallest,NA,NA,NA,Congress,21,66.4,12.6
52689,241,Ipsos,,Reuters,NA,NA,NA,Ipsos,Probability Panel,NA,2018-06-18T00:00:00Z,2018-06-22T00:00:00Z,FALSE,NA,84699,771,rv,NA,rv,TRUE,2025-04-28 19:33:26 UTC,2025-04-28 19:33:26 UTC,NA,http://polling.reuters.com/#!response/TM1178Y17/type/smallest/filters/PD1:1,NA,NA,NA,Congress,21.4,69.9,8.7
52689,241,Ipsos,,Reuters,NA,NA,NA,Ipsos,Probability Panel,NA,2018-06-18T00:00:00Z,2018-06-22T00:00:00Z,FALSE,NA,85196,950,a,NA,a,TRUE,2025-04-28 19:33:26 UTC,2025-04-28 19:33:26 UTC,NA,http://polling.reuters.com/#!response/TM1178Y17/type/smallest,NA,NA,NA,Congress,21.3,66.3,12.4
52688,241,Ipsos,,Reuters,NA,NA,NA,Ipsos,Probability Panel,NA,2018-06-19T00:00:00Z,2018-06-23T00:00:00Z,FALSE,NA,84698,598,rv,NA,rv,TRUE,2025-04-28 19:33:26 UTC,2025-04-28 19:33:26 UTC,NA,http://polling.reuters.com/#!response/TM1178Y17/type/smallest/filters/PD1:1,NA,NA,NA,Congress,20.9,70.9,8.2
52688,241,Ipsos,,Reuters,NA,NA,NA,Ipsos,Probability Panel,NA,2018-06-19T00:00:00Z,2018-06-23T00:00:00Z,FALSE,NA,85195,739,a,NA,a,TRUE,2025-04-28 19:33:26 UTC,2025-04-28 19:33:26 UTC,NA,http://polling.reuters.com/#!response/TM1178Y17/type/smallest,NA,NA,NA,Congress,19.3,68.9,11.8
52687,241,Ipsos,,Reuters,NA,NA,NA,Ipsos,Probability Panel,NA,2018-06-20T00:00:00Z,2018-06-24T00:00:00Z,FALSE,NA,85194,734,a,NA,a,TRUE,2025-04-28 19:33:07 UTC,2025-04-28 19:33:07 UTC,NA,http://polling.reuters.com/#!response/TM1178Y17/type/smallest,NA,NA,NA,Congress,19.3,65.8,14.8
52687,241,Ipsos,,Reuters,NA,NA,NA,Ipsos,Probability Panel,NA,2018-06-20T00:00:00Z,2018-06-24T00:00:00Z,FALSE,NA,84697,592,rv,NA,rv,TRUE,2025-04-28 19:33:26 UTC,2025-04-28 19:33:26 UTC,NA,http://polling.reuters.com/#!response/TM1178Y17/type/smallest/filters/PD1:1,NA,NA,NA,Congress,20.7,68.7,10.6
52686,241,Ipsos,,Reuters,NA,NA,NA,Ipsos,Probability Panel,NA,2018-06-21T00:00:00Z,2018-06-25T00:00:00Z,FALSE,NA,85193,735,a,NA,a,TRUE,2025-04-28 19:33:26 UTC,2025-04-28 19:33:26 UTC,NA,http://polling.reuters.com/#!response/TM1178Y17/type/smallest,NA,NA,NA,Congress,21.2,65.1,13.8
52686,241,Ipsos,,Reuters,NA,NA,NA,Ipsos,Probability Panel,NA,2018-06-21T00:00:00Z,2018-06-25T00:00:00Z,FALSE,NA,84696,591,rv,NA,rv,TRUE,2025-04-28 19:33:26 UTC,2025-04-28 19:33:26 UTC,NA,http://polling.reuters.com/#!response/TM1178Y17/type/smallest/filters/PD1:1,NA,NA,NA,Congress,22,68.3,9.6
52763,241,Ipsos,,Reuters,NA,NA,NA,Ipsos,Probability Panel,NA,2018-06-22T00:00:00Z,2018-06-26T00:00:00Z,FALSE,NA,84695,594,rv,NA,rv,TRUE,2025-04-28 19:33:26 UTC,2025-04-28 19:33:26 UTC,NA,http://polling.reuters.com/#!response/TM1178Y17/type/smallest/filters/PD1:1,NA,NA,NA,Congress,23.5,66.8,9.7
52715,568,YouGov,,The Economist,NA,NA,NA,YouGov,Online Matched Sample,NA,2018-06-24T00:00:00Z,2018-06-26T00:00:00Z,FALSE,NA,85866,1278,rv,NA,rv,FALSE,2025-04-28 19:33:23 UTC,2025-04-28 19:33:23 UTC,NA,https://d25d2506sfb94s.cloudfront.net/cumulus_uploads/document/9gtye70ttc/econTabReport.pdf,NA,NA,https://d25d2506sfb94s.cloudfront.net/cumulus_uploads/document/9gtye70ttc/econTabReport.pdf,Congress,9,71,0
52763,241,Ipsos,,Reuters,NA,NA,NA,Ipsos,Probability Panel,NA,2018-06-22T00:00:00Z,2018-06-26T00:00:00Z,FALSE,NA,85192,733,a,NA,a,TRUE,2025-04-28 19:33:26 UTC,2025-04-28 19:33:26 UTC,NA,http://polling.reuters.com/#!response/TM1178Y17/type/smallest,NA,NA,NA,Congress,21.9,63.4,14.7
52762,241,Ipsos,,Reuters,NA,NA,NA,Ipsos,Probability Panel,NA,2018-06-23T00:00:00Z,2018-06-27T00:00:00Z,FALSE,NA,85191,752,a,NA,a,TRUE,2025-04-28 19:33:07 UTC,2025-04-28 19:33:07 UTC,NA,http://polling.reuters.com/#!response/TM1178Y17/type/smallest,NA,NA,NA,Congress,21.9,63.4,14.7
52762,241,Ipsos,,Reuters,NA,NA,NA,Ipsos,Probability Panel,NA,2018-06-23T00:00:00Z,2018-06-27T00:00:00Z,FALSE,NA,84694,610,rv,NA,rv,TRUE,2025-04-28 19:33:26 UTC,2025-04-28 19:33:26 UTC,NA,http://polling.reuters.com/#!response/TM1178Y17/type/smallest/filters/PD1:1,NA,NA,NA,Congress,22.6,67.6,9.8
52761,241,Ipsos,,Reuters,NA,NA,NA,Ipsos,Probability Panel,NA,2018-06-24T00:00:00Z,2018-06-28T00:00:00Z,FALSE,NA,85190,1135,a,NA,a,TRUE,2025-04-28 19:33:26 UTC,2025-04-28 19:33:26 UTC,NA,http://polling.reuters.com/#!response/TM1178Y17/type/smallest,NA,NA,NA,Congress,22.7,62.5,14.8
52761,241,Ipsos,,Reuters,NA,NA,NA,Ipsos,Probability Panel,NA,2018-06-24T00:00:00Z,2018-06-28T00:00:00Z,FALSE,NA,84693,912,rv,NA,rv,TRUE,2025-04-28 19:33:26 UTC,2025-04-28 19:33:26 UTC,NA,http://polling.reuters.com/#!response/TM1178Y17/type/smallest/filters/PD1:1,NA,NA,NA,Congress,24,66.4,9.5
52782,241,Ipsos,,Reuters,NA,NA,NA,Ipsos,Probability Panel,NA,2018-06-25T00:00:00Z,2018-06-29T00:00:00Z,FALSE,NA,85189,1337,a,NA,a,TRUE,2025-04-28 19:33:07 UTC,2025-04-28 19:33:07 UTC,NA,http://polling.reuters.com/#!response/TM1178Y17/type/smallest,NA,NA,NA,Congress,25,61.1,13.9
52782,241,Ipsos,,Reuters,NA,NA,NA,Ipsos,Probability Panel,NA,2018-06-25T00:00:00Z,2018-06-29T00:00:00Z,FALSE,NA,84692,1084,rv,NA,rv,TRUE,2025-04-28 19:33:26 UTC,2025-04-28 19:33:26 UTC,NA,http://polling.reuters.com/#!response/TM1178Y17/type/smallest/filters/PD1:1,NA,NA,NA,Congress,25.9,65.6,8.5
66577,552,Winston,,Winning the Issues,NA,NA,NA,The Winston Group,Online Opt-In Panel,NA,2018-06-28T00:00:00Z,2018-06-29T00:00:00Z,FALSE,REP,124095,1000,rv,NA,rv,FALSE,2025-04-28 19:33:12 UTC,2025-04-28 19:33:12 UTC,NA,https://www.winningtheissues.org/wp-content/uploads/2018/07/Winning-the-Issues-June-2018-Toplines.pdf,NA,https://www.winningtheissues.org/wp-content/uploads/2018/07/Winning-the-Issues-June-2018-Toplines.pdf,NA,Congress,18,66,16
52781,241,Ipsos,,Reuters,NA,NA,NA,Ipsos,Probability Panel,NA,2018-06-26T00:00:00Z,2018-06-30T00:00:00Z,FALSE,NA,85188,1348,a,NA,a,TRUE,2025-04-28 19:33:26 UTC,2025-04-28 19:33:26 UTC,NA,http://polling.reuters.com/#!response/TM1178Y17/type/smallest,NA,NA,NA,Congress,24.8,60.9,14.4
52781,241,Ipsos,,Reuters,NA,NA,NA,Ipsos,Probability Panel,NA,2018-06-26T00:00:00Z,2018-06-30T00:00:00Z,FALSE,NA,84691,1106,rv,NA,rv,TRUE,2025-04-28 19:33:26 UTC,2025-04-28 19:33:26 UTC,NA,http://polling.reuters.com/#!response/TM1178Y17/type/smallest/filters/PD1:1,NA,NA,NA,Congress,25.7,65.1,9.2
52780,241,Ipsos,,Reuters,NA,NA,NA,Ipsos,Probability Panel,NA,2018-06-27T00:00:00Z,2018-07-01T00:00:00Z,FALSE,NA,85187,1345,a,NA,a,TRUE,2025-04-28 19:33:07 UTC,2025-04-28 19:33:07 UTC,NA,http://polling.reuters.com/#!response/TM1178Y17/type/smallest,NA,NA,NA,Congress,24.4,61.3,14.3
52780,241,Ipsos,,Reuters,NA,NA,NA,Ipsos,Probability Panel,NA,2018-06-27T00:00:00Z,2018-07-01T00:00:00Z,FALSE,NA,84690,1102,rv,NA,rv,TRUE,2025-04-28 19:33:07 UTC,2025-04-28 19:33:07 UTC,NA,http://polling.reuters.com/#!response/TM1178Y17/type/smallest/filters/PD1:1,NA,NA,NA,Congress,24.8,66,9.2
52770,396,Quinnipiac,,NA,NA,NA,NA,Quinnipiac University,Live Phone,NA,2018-06-27T00:00:00Z,2018-07-01T00:00:00Z,FALSE,NA,85867,1020,rv,NA,rv,FALSE,2025-04-28 19:33:30 UTC,2025-04-28 19:33:30 UTC,NA,https://poll.qu.edu/poll-release-legacy?releaseid=2553,NA,NA,https://poll.qu.edu/poll-release-legacy?releaseid=2553,Congress,15,78,0
52779,241,Ipsos,,Reuters,NA,NA,NA,Ipsos,Probability Panel,NA,2018-06-28T00:00:00Z,2018-07-02T00:00:00Z,FALSE,NA,85186,1355,a,NA,a,TRUE,2025-04-28 19:33:27 UTC,2025-04-28 19:33:27 UTC,NA,http://polling.reuters.com/#!response/TM1178Y17/type/smallest,NA,NA,NA,Congress,25.2,61,13.8
52779,241,Ipsos,,Reuters,NA,NA,NA,Ipsos,Probability Panel,NA,2018-06-28T00:00:00Z,2018-07-02T00:00:00Z,FALSE,NA,84689,1123,rv,NA,rv,TRUE,2025-04-28 19:33:27 UTC,2025-04-28 19:33:27 UTC,NA,http://polling.reuters.com/#!response/TM1178Y17/type/smallest/filters/PD1:1,NA,NA,NA,Congress,26,65.1,8.9
52793,241,Ipsos,,Reuters,NA,NA,NA,Ipsos,Probability Panel,NA,2018-06-29T00:00:00Z,2018-07-03T00:00:00Z,FALSE,NA,85185,1001,a,NA,a,TRUE,2025-04-28 19:33:27 UTC,2025-04-28 19:33:27 UTC,NA,http://polling.reuters.com/#!response/TM1178Y17/type/smallest,NA,NA,NA,Congress,26.3,61.4,12.3
52787,568,YouGov,,The Economist,NA,NA,NA,YouGov,Online Matched Sample,NA,2018-07-01T00:00:00Z,2018-07-03T00:00:00Z,FALSE,NA,85868,1263,rv,NA,rv,FALSE,2025-04-28 19:33:07 UTC,2025-04-28 19:33:07 UTC,NA,NA,NA,NA,NA,Congress,11,66,0
52793,241,Ipsos,,Reuters,NA,NA,NA,Ipsos,Probability Panel,NA,2018-06-29T00:00:00Z,2018-07-03T00:00:00Z,FALSE,NA,84688,845,rv,NA,rv,TRUE,2025-04-28 19:33:27 UTC,2025-04-28 19:33:27 UTC,NA,http://polling.reuters.com/#!response/TM1178Y17/type/smallest/filters/PD1:1,NA,NA,NA,Congress,26.6,64.8,8.6
52792,241,Ipsos,,Reuters,NA,NA,NA,Ipsos,Probability Panel,NA,2018-06-30T00:00:00Z,2018-07-04T00:00:00Z,FALSE,NA,85184,822,a,NA,a,TRUE,2025-04-28 19:33:26 UTC,2025-04-28 19:33:26 UTC,NA,http://polling.reuters.com/#!response/TM1178Y17/type/smallest,NA,NA,NA,Congress,23.9,65.1,11
52792,241,Ipsos,,Reuters,NA,NA,NA,Ipsos,Probability Panel,NA,2018-06-30T00:00:00Z,2018-07-04T00:00:00Z,FALSE,NA,84687,693,rv,NA,rv,TRUE,2025-04-28 19:33:15 UTC,2025-04-28 19:33:15 UTC,NA,http://polling.reuters.com/#!response/TM1178Y17/type/smallest/filters/PD1:1,NA,NA,NA,Congress,24.6,67.8,7.6
52791,241,Ipsos,,Reuters,NA,NA,NA,Ipsos,Probability Panel,NA,2018-07-01T00:00:00Z,2018-07-05T00:00:00Z,FALSE,NA,84686,690,rv,NA,rv,TRUE,2025-04-28 19:33:07 UTC,2025-04-28 19:33:07 UTC,NA,http://polling.reuters.com/#!response/TM1178Y17/type/smallest/filters/PD1:1,NA,NA,NA,Congress,23.9,69.1,7
52791,241,Ipsos,,Reuters,NA,NA,NA,Ipsos,Probability Panel,NA,2018-07-01T00:00:00Z,2018-07-05T00:00:00Z,FALSE,NA,85183,821,a,NA,a,TRUE,2025-04-28 19:33:07 UTC,2025-04-28 19:33:07 UTC,NA,http://polling.reuters.com/#!response/TM1178Y17/type/smallest,NA,NA,NA,Congress,23.1,66.3,10.6
52815,241,Ipsos,,Reuters,NA,NA,NA,Ipsos,Probability Panel,NA,2018-07-02T00:00:00Z,2018-07-06T00:00:00Z,FALSE,NA,84685,707,rv,NA,rv,TRUE,2025-04-28 19:33:07 UTC,2025-04-28 19:33:07 UTC,NA,http://polling.reuters.com/#!response/TM1178Y17/type/smallest/filters/PD1:1,NA,NA,NA,Congress,23.6,69.1,7.3
52815,241,Ipsos,,Reuters,NA,NA,NA,Ipsos,Probability Panel,NA,2018-07-02T00:00:00Z,2018-07-06T00:00:00Z,FALSE,NA,85182,829,a,NA,a,TRUE,2025-04-28 19:33:07 UTC,2025-04-28 19:33:07 UTC,NA,http://polling.reuters.com/#!response/TM1178Y17/type/smallest,NA,NA,NA,Congress,22.2,67.1,10.7
52814,241,Ipsos,,Reuters,NA,NA,NA,Ipsos,Probability Panel,NA,2018-07-03T00:00:00Z,2018-07-07T00:00:00Z,FALSE,NA,84684,674,rv,NA,rv,TRUE,2025-04-28 19:33:07 UTC,2025-04-28 19:33:07 UTC,NA,http://polling.reuters.com/#!response/TM1178Y17/type/smallest/filters/PD1:1,NA,NA,NA,Congress,22.2,69.4,8.4
52814,241,Ipsos,,Reuters,NA,NA,NA,Ipsos,Probability Panel,NA,2018-07-03T00:00:00Z,2018-07-07T00:00:00Z,FALSE,NA,85181,804,a,NA,a,TRUE,2025-04-28 19:33:07 UTC,2025-04-28 19:33:07 UTC,NA,http://polling.reuters.com/#!response/TM1178Y17/type/smallest,NA,NA,NA,Congress,20.5,67.3,12.2
52813,241,Ipsos,,Reuters,NA,NA,NA,Ipsos,Probability Panel,NA,2018-07-04T00:00:00Z,2018-07-08T00:00:00Z,FALSE,NA,85180,808,a,NA,a,TRUE,2025-04-28 19:33:27 UTC,2025-04-28 19:33:27 UTC,NA,http://polling.reuters.com/#!response/TM1178Y17/type/smallest,NA,NA,NA,Congress,17.4,69.5,13.1
52813,241,Ipsos,,Reuters,NA,NA,NA,Ipsos,Probability Panel,NA,2018-07-04T00:00:00Z,2018-07-08T00:00:00Z,FALSE,NA,84683,676,rv,NA,rv,TRUE,2025-04-28 19:33:27 UTC,2025-04-28 19:33:27 UTC,NA,http://polling.reuters.com/#!response/TM1178Y17/type/smallest/filters/PD1:1,NA,NA,NA,Congress,18.5,72.1,9.4
52812,241,Ipsos,,Reuters,NA,NA,NA,Ipsos,Probability Panel,NA,2018-07-05T00:00:00Z,2018-07-09T00:00:00Z,FALSE,NA,84682,660,rv,NA,rv,TRUE,2025-04-28 19:33:27 UTC,2025-04-28 19:33:27 UTC,NA,http://polling.reuters.com/#!response/TM1178Y17/type/smallest/filters/PD1:1,NA,NA,NA,Congress,20,70.9,9.1
52812,241,Ipsos,,Reuters,NA,NA,NA,Ipsos,Probability Panel,NA,2018-07-05T00:00:00Z,2018-07-09T00:00:00Z,FALSE,NA,85179,794,a,NA,a,TRUE,2025-04-28 19:33:27 UTC,2025-04-28 19:33:27 UTC,NA,http://polling.reuters.com/#!response/TM1178Y17/type/smallest,NA,NA,NA,Congress,18.5,69,12.5
52831,241,Ipsos,,Reuters,NA,NA,NA,Ipsos,Probability Panel,NA,2018-07-06T00:00:00Z,2018-07-10T00:00:00Z,FALSE,NA,84681,650,rv,NA,rv,TRUE,2025-04-28 19:33:27 UTC,2025-04-28 19:33:27 UTC,NA,http://polling.reuters.com/#!response/TM1178Y17/type/smallest/filters/PD1:1,NA,NA,NA,Congress,23.5,67.3,9.2
52819,568,YouGov,,The Economist,NA,NA,NA,YouGov,Online Matched Sample,NA,2018-07-08T00:00:00Z,2018-07-10T00:00:00Z,FALSE,NA,85870,1246,rv,NA,rv,FALSE,2025-04-28 19:33:16 UTC,2025-04-28 19:33:16 UTC,NA,https://d25d2506sfb94s.cloudfront.net/cumulus_uploads/document/j4bk4qaafk/econTabReport.pdf,NA,NA,https://d25d2506sfb94s.cloudfront.net/cumulus_uploads/document/j4bk4qaafk/econTabReport.pdf,Congress,10,68,0
52831,241,Ipsos,,Reuters,NA,NA,NA,Ipsos,Probability Panel,NA,2018-07-06T00:00:00Z,2018-07-10T00:00:00Z,FALSE,NA,85178,779,a,NA,a,TRUE,2025-04-28 19:33:07 UTC,2025-04-28 19:33:07 UTC,NA,http://polling.reuters.com/#!response/TM1178Y17/type/smallest,NA,NA,NA,Congress,21.9,66,12.2
52830,241,Ipsos,,Reuters,NA,NA,NA,Ipsos,Probability Panel,NA,2018-07-07T00:00:00Z,2018-07-11T00:00:00Z,FALSE,NA,85177,756,a,NA,a,TRUE,2025-04-28 19:33:07 UTC,2025-04-28 19:33:07 UTC,NA,http://polling.reuters.com/#!response/TM1178Y17/type/smallest,NA,NA,NA,Congress,22.2,65.5,12.3
53525,169,Gallup,,NA,NA,NA,NA,Gallup,NA,NA,2018-07-01T00:00:00Z,2018-07-11T00:00:00Z,FALSE,NA,85869,1033,a,NA,a,FALSE,2025-04-28 19:33:07 UTC,2025-04-28 19:33:07 UTC,NA,NA,NA,NA,NA,Congress,17,77,0
52830,241,Ipsos,,Reuters,NA,NA,NA,Ipsos,Probability Panel,NA,2018-07-07T00:00:00Z,2018-07-11T00:00:00Z,FALSE,NA,84680,622,rv,NA,rv,TRUE,2025-04-28 19:33:27 UTC,2025-04-28 19:33:27 UTC,NA,http://polling.reuters.com/#!response/TM1178Y17/type/smallest/filters/PD1:1,NA,NA,NA,Congress,23.6,68.1,8.3
52829,241,Ipsos,,Reuters,NA,NA,NA,Ipsos,Probability Panel,NA,2018-07-08T00:00:00Z,2018-07-12T00:00:00Z,FALSE,NA,85176,753,a,NA,a,TRUE,2025-04-28 19:33:07 UTC,2025-04-28 19:33:07 UTC,NA,http://polling.reuters.com/#!response/TM1178Y17/type/smallest,NA,NA,NA,Congress,24.1,64.4,11.5
52829,241,Ipsos,,Reuters,NA,NA,NA,Ipsos,Probability Panel,NA,2018-07-08T00:00:00Z,2018-07-12T00:00:00Z,FALSE,NA,84679,622,rv,NA,rv,TRUE,2025-04-28 19:33:27 UTC,2025-04-28 19:33:27 UTC,NA,http://polling.reuters.com/#!response/TM1178Y17/type/smallest/filters/PD1:1,NA,NA,NA,Congress,24.8,67.2,8
53360,241,Ipsos,,Reuters,NA,NA,NA,Ipsos,Probability Panel,NA,2018-07-09T00:00:00Z,2018-07-13T00:00:00Z,FALSE,NA,84678,640,rv,NA,rv,TRUE,2025-04-28 19:33:27 UTC,2025-04-28 19:33:27 UTC,NA,http://polling.reuters.com/#!response/TM1178Y17/type/smallest/filters/PD1:1,NA,NA,NA,Congress,26,65.7,8.3
53360,241,Ipsos,,Reuters,NA,NA,NA,Ipsos,Probability Panel,NA,2018-07-09T00:00:00Z,2018-07-13T00:00:00Z,FALSE,NA,85175,774,a,NA,a,TRUE,2025-04-28 19:33:27 UTC,2025-04-28 19:33:27 UTC,NA,http://polling.reuters.com/#!response/TM1178Y17/type/smallest,NA,NA,NA,Congress,25,63,11.9
53359,241,Ipsos,,Reuters,NA,NA,NA,Ipsos,Probability Panel,NA,2018-07-10T00:00:00Z,2018-07-14T00:00:00Z,FALSE,NA,85174,806,a,NA,a,TRUE,2025-04-28 19:33:27 UTC,2025-04-28 19:33:27 UTC,NA,http://polling.reuters.com/#!response/TM1178Y17/type/smallest,NA,NA,NA,Congress,25.6,61.1,13.3
53359,241,Ipsos,,Reuters,NA,NA,NA,Ipsos,Probability Panel,NA,2018-07-10T00:00:00Z,2018-07-14T00:00:00Z,FALSE,NA,84677,673,rv,NA,rv,TRUE,2025-04-28 19:33:27 UTC,2025-04-28 19:33:27 UTC,NA,http://polling.reuters.com/#!response/TM1178Y17/type/smallest/filters/PD1:1,NA,NA,NA,Congress,25,65.4,9.6
53358,241,Ipsos,,Reuters,NA,NA,NA,Ipsos,Probability Panel,NA,2018-07-11T00:00:00Z,2018-07-15T00:00:00Z,FALSE,NA,84676,637,rv,NA,rv,TRUE,2025-04-28 19:33:27 UTC,2025-04-28 19:33:27 UTC,NA,http://polling.reuters.com/#!response/TM1178Y17/type/smallest/filters/PD1:1,NA,NA,NA,Congress,23.9,66.8,9.3
53358,241,Ipsos,,Reuters,NA,NA,NA,Ipsos,Probability Panel,NA,2018-07-11T00:00:00Z,2018-07-15T00:00:00Z,FALSE,NA,85173,766,a,NA,a,TRUE,2025-04-28 19:33:27 UTC,2025-04-28 19:33:27 UTC,NA,http://polling.reuters.com/#!response/TM1178Y17/type/smallest,NA,NA,NA,Congress,24.1,62.3,13.6
53357,241,Ipsos,,Reuters,NA,NA,NA,Ipsos,Probability Panel,NA,2018-07-12T00:00:00Z,2018-07-16T00:00:00Z,FALSE,NA,85172,1137,a,NA,a,TRUE,2025-04-28 19:33:07 UTC,2025-04-28 19:33:07 UTC,NA,http://polling.reuters.com/#!response/TM1178Y17/type/smallest,NA,NA,NA,Congress,24.4,61.6,14
53357,241,Ipsos,,Reuters,NA,NA,NA,Ipsos,Probability Panel,NA,2018-07-12T00:00:00Z,2018-07-16T00:00:00Z,FALSE,NA,84675,950,rv,NA,rv,TRUE,2025-04-28 19:33:07 UTC,2025-04-28 19:33:07 UTC,NA,http://polling.reuters.com/#!response/TM1178Y17/type/smallest/filters/PD1:1,NA,NA,NA,Congress,24.6,65.1,10.3
53389,241,Ipsos,,Reuters,NA,NA,NA,Ipsos,Probability Panel,NA,2018-07-13T00:00:00Z,2018-07-17T00:00:00Z,FALSE,NA,84674,1190,rv,NA,rv,TRUE,2025-04-28 19:33:27 UTC,2025-04-28 19:33:27 UTC,NA,http://polling.reuters.com/#!response/TM1178Y17/type/smallest/filters/PD1:1,NA,NA,NA,Congress,23.8,66.5,9.6
53389,241,Ipsos,,Reuters,NA,NA,NA,Ipsos,Probability Panel,NA,2018-07-13T00:00:00Z,2018-07-17T00:00:00Z,FALSE,NA,85171,1426,a,NA,a,TRUE,2025-04-28 19:33:07 UTC,2025-04-28 19:33:07 UTC,NA,http://polling.reuters.com/#!response/TM1178Y17/type/smallest,NA,NA,NA,Congress,23.4,63.7,12.9
53366,568,YouGov,,The Economist,NA,NA,NA,YouGov,Online Matched Sample,NA,2018-07-15T00:00:00Z,2018-07-17T00:00:00Z,FALSE,NA,85871,1272,rv,NA,rv,FALSE,2025-04-28 19:33:16 UTC,2025-04-28 19:33:16 UTC,NA,https://d25d2506sfb94s.cloudfront.net/cumulus_uploads/document/7hxorevceh/econTabReport.pdf,NA,NA,https://d25d2506sfb94s.cloudfront.net/cumulus_uploads/document/7hxorevceh/econTabReport.pdf,Congress,11,67,0
53388,241,Ipsos,,Reuters,NA,NA,NA,Ipsos,Probability Panel,NA,2018-07-14T00:00:00Z,2018-07-18T00:00:00Z,FALSE,NA,85170,1438,a,NA,a,TRUE,2025-04-28 19:33:27 UTC,2025-04-28 19:33:27 UTC,NA,http://polling.reuters.com/#!response/TM1178Y17/type/smallest,NA,NA,NA,Congress,22.1,65.1,12.8
53388,241,Ipsos,,Reuters,NA,NA,NA,Ipsos,Probability Panel,NA,2018-07-14T00:00:00Z,2018-07-18T00:00:00Z,FALSE,NA,84673,1204,rv,NA,rv,TRUE,2025-04-28 19:33:27 UTC,2025-04-28 19:33:27 UTC,NA,http://polling.reuters.com/#!response/TM1178Y17/type/smallest/filters/PD1:1,NA,NA,NA,Congress,22.6,68.6,8.9
53387,241,Ipsos,,Reuters,NA,NA,NA,Ipsos,Probability Panel,NA,2018-07-15T00:00:00Z,2018-07-19T00:00:00Z,FALSE,NA,84672,1239,rv,NA,rv,TRUE,2025-04-28 19:33:27 UTC,2025-04-28 19:33:27 UTC,NA,http://polling.reuters.com/#!response/TM1178Y17/type/smallest/filters/PD1:1,NA,NA,NA,Congress,22.7,67.8,9.5
53387,241,Ipsos,,Reuters,NA,NA,NA,Ipsos,Probability Panel,NA,2018-07-15T00:00:00Z,2018-07-19T00:00:00Z,FALSE,NA,85169,1488,a,NA,a,TRUE,2025-04-28 19:33:07 UTC,2025-04-28 19:33:07 UTC,NA,http://polling.reuters.com/#!response/TM1178Y17/type/smallest,NA,NA,NA,Congress,22,64.9,13.1
53412,241,Ipsos,,Reuters,NA,NA,NA,Ipsos,Probability Panel,NA,2018-07-16T00:00:00Z,2018-07-20T00:00:00Z,FALSE,NA,84671,1257,rv,NA,rv,TRUE,2025-04-28 19:33:07 UTC,2025-04-28 19:33:07 UTC,NA,http://polling.reuters.com/#!response/TM1178Y17/type/smallest/filters/PD1:1,NA,NA,NA,Congress,22.4,68.5,9.1
53412,241,Ipsos,,Reuters,NA,NA,NA,Ipsos,Probability Panel,NA,2018-07-16T00:00:00Z,2018-07-20T00:00:00Z,FALSE,NA,85168,1517,a,NA,a,TRUE,2025-04-28 19:33:27 UTC,2025-04-28 19:33:27 UTC,NA,http://polling.reuters.com/#!response/TM1178Y17/type/smallest,NA,NA,NA,Congress,21.7,65.4,12.9
53411,241,Ipsos,,Reuters,NA,NA,NA,Ipsos,Probability Panel,NA,2018-07-17T00:00:00Z,2018-07-21T00:00:00Z,FALSE,NA,85167,1157,a,NA,a,TRUE,2025-04-28 19:33:27 UTC,2025-04-28 19:33:27 UTC,NA,http://polling.reuters.com/#!response/TM1178Y17/type/smallest,NA,NA,NA,Congress,21.1,66.8,12.1
53411,241,Ipsos,,Reuters,NA,NA,NA,Ipsos,Probability Panel,NA,2018-07-17T00:00:00Z,2018-07-21T00:00:00Z,FALSE,NA,84670,952,rv,NA,rv,TRUE,2025-04-28 19:33:27 UTC,2025-04-28 19:33:27 UTC,NA,http://polling.reuters.com/#!response/TM1178Y17/type/smallest/filters/PD1:1,NA,NA,NA,Congress,21.7,69.8,8.4
53410,241,Ipsos,,Reuters,NA,NA,NA,Ipsos,Probability Panel,NA,2018-07-18T00:00:00Z,2018-07-22T00:00:00Z,FALSE,NA,84669,632,rv,NA,rv,TRUE,2025-04-28 19:33:07 UTC,2025-04-28 19:33:07 UTC,NA,http://polling.reuters.com/#!response/TM1178Y17/type/smallest/filters/PD1:1,NA,NA,NA,Congress,21.6,69.9,8.5
53410,241,Ipsos,,Reuters,NA,NA,NA,Ipsos,Probability Panel,NA,2018-07-18T00:00:00Z,2018-07-22T00:00:00Z,FALSE,NA,85166,768,a,NA,a,TRUE,2025-04-28 19:33:07 UTC,2025-04-28 19:33:07 UTC,NA,http://polling.reuters.com/#!response/TM1178Y17/type/smallest,NA,NA,NA,Congress,20.4,66.4,13.2
53409,241,Ipsos,,Reuters,NA,NA,NA,Ipsos,Probability Panel,NA,2018-07-19T00:00:00Z,2018-07-23T00:00:00Z,FALSE,NA,84668,642,rv,NA,rv,TRUE,2025-04-28 19:33:27 UTC,2025-04-28 19:33:27 UTC,NA,http://polling.reuters.com/#!response/TM1178Y17/type/smallest/filters/PD1:1,NA,NA,NA,Congress,23.3,67.7,9
53409,241,Ipsos,,Reuters,NA,NA,NA,Ipsos,Probability Panel,NA,2018-07-19T00:00:00Z,2018-07-23T00:00:00Z,FALSE,NA,85165,779,a,NA,a,TRUE,2025-04-28 19:33:27 UTC,2025-04-28 19:33:27 UTC,NA,http://polling.reuters.com/#!response/TM1178Y17/type/smallest,NA,NA,NA,Congress,22,65.4,12.6
53416,568,YouGov,,The Economist,NA,NA,NA,YouGov,Online Matched Sample,NA,2018-07-22T00:00:00Z,2018-07-24T00:00:00Z,FALSE,NA,85872,1203,rv,NA,rv,FALSE,2025-04-28 19:33:16 UTC,2025-04-28 19:33:16 UTC,NA,https://d25d2506sfb94s.cloudfront.net/cumulus_uploads/document/wa3gpxn761/econTabReport.pdf,NA,NA,https://d25d2506sfb94s.cloudfront.net/cumulus_uploads/document/wa3gpxn761/econTabReport.pdf,Congress,9,71,0
53434,241,Ipsos,,Reuters,NA,NA,NA,Ipsos,Probability Panel,NA,2018-07-20T00:00:00Z,2018-07-24T00:00:00Z,FALSE,NA,84667,580,rv,NA,rv,TRUE,2025-04-28 19:33:29 UTC,2025-04-28 19:33:29 UTC,NA,http://polling.reuters.com/#!response/TM1178Y17/type/smallest/filters/PD1:1,NA,NA,NA,Congress,23.2,70,6.8
53434,241,Ipsos,,Reuters,NA,NA,NA,Ipsos,Probability Panel,NA,2018-07-20T00:00:00Z,2018-07-24T00:00:00Z,FALSE,NA,85164,704,a,NA,a,TRUE,2025-04-28 19:33:07 UTC,2025-04-28 19:33:07 UTC,NA,http://polling.reuters.com/#!response/TM1178Y17/type/smallest,NA,NA,NA,Congress,21.4,68.1,10.6
53433,241,Ipsos,,Reuters,NA,NA,NA,Ipsos,Probability Panel,NA,2018-07-21T00:00:00Z,2018-07-25T00:00:00Z,FALSE,NA,85163,719,a,NA,a,TRUE,2025-04-28 19:33:29 UTC,2025-04-28 19:33:29 UTC,NA,http://polling.reuters.com/#!response/TM1178Y17/type/smallest,NA,NA,NA,Congress,21.4,67.7,10.9
53433,241,Ipsos,,Reuters,NA,NA,NA,Ipsos,Probability Panel,NA,2018-07-21T00:00:00Z,2018-07-25T00:00:00Z,FALSE,NA,84666,588,rv,NA,rv,TRUE,2025-04-28 19:33:29 UTC,2025-04-28 19:33:29 UTC,NA,http://polling.reuters.com/#!response/TM1178Y17/type/smallest/filters/PD1:1,NA,NA,NA,Congress,22.9,70.6,6.5
53432,241,Ipsos,,Reuters,NA,NA,NA,Ipsos,Probability Panel,NA,2018-07-22T00:00:00Z,2018-07-26T00:00:00Z,FALSE,NA,84665,598,rv,NA,rv,TRUE,2025-04-28 19:33:29 UTC,2025-04-28 19:33:29 UTC,NA,http://polling.reuters.com/#!response/TM1178Y17/type/smallest/filters/PD1:1,NA,NA,NA,Congress,26.8,67.1,6.1
53432,241,Ipsos,,Reuters,NA,NA,NA,Ipsos,Probability Panel,NA,2018-07-22T00:00:00Z,2018-07-26T00:00:00Z,FALSE,NA,85162,723,a,NA,a,TRUE,2025-04-28 19:33:29 UTC,2025-04-28 19:33:29 UTC,NA,http://polling.reuters.com/#!response/TM1178Y17/type/smallest,NA,NA,NA,Congress,24.9,64.5,10.6
53457,241,Ipsos,,Reuters,NA,NA,NA,Ipsos,Probability Panel,NA,2018-07-23T00:00:00Z,2018-07-27T00:00:00Z,FALSE,NA,84664,781,rv,NA,rv,TRUE,2025-04-28 19:33:29 UTC,2025-04-28 19:33:29 UTC,NA,http://polling.reuters.com/#!response/TM1178Y17/type/smallest/filters/PD1:1,NA,NA,NA,Congress,25.4,67.6,7
53457,241,Ipsos,,Reuters,NA,NA,NA,Ipsos,Probability Panel,NA,2018-07-23T00:00:00Z,2018-07-27T00:00:00Z,FALSE,NA,85161,972,a,NA,a,TRUE,2025-04-28 19:33:29 UTC,2025-04-28 19:33:29 UTC,NA,http://polling.reuters.com/#!response/TM1178Y17/type/smallest,NA,NA,NA,Congress,24,64,12
53456,241,Ipsos,,Reuters,NA,NA,NA,Ipsos,Probability Panel,NA,2018-07-24T00:00:00Z,2018-07-28T00:00:00Z,FALSE,NA,84663,766,rv,NA,rv,TRUE,2025-04-28 19:33:24 UTC,2025-04-28 19:33:24 UTC,NA,http://polling.reuters.com/#!response/TM1178Y17/type/smallest/filters/PD1:1,NA,NA,NA,Congress,25.3,67.2,7.5
53456,241,Ipsos,,Reuters,NA,NA,NA,Ipsos,Probability Panel,NA,2018-07-24T00:00:00Z,2018-07-28T00:00:00Z,FALSE,NA,85160,955,a,NA,a,TRUE,2025-04-28 19:33:29 UTC,2025-04-28 19:33:29 UTC,NA,http://polling.reuters.com/#!response/TM1178Y17/type/smallest,NA,NA,NA,Congress,24,62.3,13.7
53455,241,Ipsos,,Reuters,NA,NA,NA,Ipsos,Probability Panel,NA,2018-07-25T00:00:00Z,2018-07-29T00:00:00Z,FALSE,NA,84662,760,rv,NA,rv,TRUE,2025-04-28 19:33:15 UTC,2025-04-28 19:33:15 UTC,NA,http://polling.reuters.com/#!response/TM1178Y17/type/smallest/filters/PD1:1,NA,NA,NA,Congress,24,68.4,7.6
53455,241,Ipsos,,Reuters,NA,NA,NA,Ipsos,Probability Panel,NA,2018-07-25T00:00:00Z,2018-07-29T00:00:00Z,FALSE,NA,85159,938,a,NA,a,TRUE,2025-04-28 19:33:27 UTC,2025-04-28 19:33:27 UTC,NA,http://polling.reuters.com/#!response/TM1178Y17/type/smallest,NA,NA,NA,Congress,22.6,63.3,14
53454,241,Ipsos,,Reuters,NA,NA,NA,Ipsos,Probability Panel,NA,2018-07-26T00:00:00Z,2018-07-30T00:00:00Z,FALSE,NA,84661,759,rv,NA,rv,TRUE,2025-04-28 19:33:07 UTC,2025-04-28 19:33:07 UTC,NA,http://polling.reuters.com/#!response/TM1178Y17/type/smallest/filters/PD1:1,NA,NA,NA,Congress,24.2,67.6,8.2
53454,241,Ipsos,,Reuters,NA,NA,NA,Ipsos,Probability Panel,NA,2018-07-26T00:00:00Z,2018-07-30T00:00:00Z,FALSE,NA,85158,936,a,NA,a,TRUE,2025-04-28 19:33:29 UTC,2025-04-28 19:33:29 UTC,NA,http://polling.reuters.com/#!response/TM1178Y17/type/smallest,NA,NA,NA,Congress,22.3,64.1,13.6
53494,241,Ipsos,,Reuters,NA,NA,NA,Ipsos,Probability Panel,NA,2018-07-27T00:00:00Z,2018-07-31T00:00:00Z,FALSE,NA,85694,951,a,NA,a,TRUE,2025-04-28 19:33:27 UTC,2025-04-28 19:33:27 UTC,NA,http://polling.reuters.com/#!response/TM1178Y17/type/smallest,NA,NA,NA,Congress,18.8,67.6,13.6
53464,568,YouGov,,The Economist,NA,NA,NA,YouGov,Online Matched Sample,NA,2018-07-29T00:00:00Z,2018-07-31T00:00:00Z,FALSE,NA,85656,1489,a,NA,a,FALSE,2025-04-28 19:33:24 UTC,2025-04-28 19:33:24 UTC,NA,https://d25d2506sfb94s.cloudfront.net/cumulus_uploads/document/fw0vfdqfpc/econTabReport.pdf,NA,NA,https://d25d2506sfb94s.cloudfront.net/cumulus_uploads/document/fw0vfdqfpc/econTabReport.pdf,Congress,11,60,28
53464,568,YouGov,,The Economist,NA,NA,NA,YouGov,Online Matched Sample,NA,2018-07-29T00:00:00Z,2018-07-31T00:00:00Z,FALSE,NA,85873,1222,rv,NA,rv,FALSE,2025-04-28 19:33:16 UTC,2025-04-28 19:33:16 UTC,NA,https://d25d2506sfb94s.cloudfront.net/cumulus_uploads/document/fw0vfdqfpc/econTabReport.pdf,NA,NA,https://d25d2506sfb94s.cloudfront.net/cumulus_uploads/document/fw0vfdqfpc/econTabReport.pdf,Congress,12,70,0
53494,241,Ipsos,,Reuters,NA,NA,NA,Ipsos,Probability Panel,NA,2018-07-27T00:00:00Z,2018-07-31T00:00:00Z,FALSE,NA,85691,768,rv,NA,rv,TRUE,2025-04-28 19:33:27 UTC,2025-04-28 19:33:27 UTC,NA,http://polling.reuters.com/#!response/TM1178Y17/type/smallest/filters/PD1:1,NA,NA,NA,Congress,20.1,71.8,8
53493,241,Ipsos,,Reuters,NA,NA,NA,Ipsos,Probability Panel,NA,2018-07-28T00:00:00Z,2018-08-01T00:00:00Z,FALSE,NA,85693,796,a,NA,a,TRUE,2025-04-28 19:33:27 UTC,2025-04-28 19:33:27 UTC,NA,http://polling.reuters.com/#!response/TM1178Y17/type/smallest,NA,NA,NA,Congress,17.9,67.8,14.3
53493,241,Ipsos,,Reuters,NA,NA,NA,Ipsos,Probability Panel,NA,2018-07-28T00:00:00Z,2018-08-01T00:00:00Z,FALSE,NA,85690,668,rv,NA,rv,TRUE,2025-04-28 19:33:27 UTC,2025-04-28 19:33:27 UTC,NA,http://polling.reuters.com/#!response/TM1178Y17/type/smallest/filters/PD1:1,NA,NA,NA,Congress,19.3,71.1,9.6
53492,241,Ipsos,,Reuters,NA,NA,NA,Ipsos,Probability Panel,NA,2018-07-29T00:00:00Z,2018-08-02T00:00:00Z,FALSE,NA,85689,672,rv,NA,rv,TRUE,2025-04-28 19:33:27 UTC,2025-04-28 19:33:27 UTC,NA,http://polling.reuters.com/#!response/TM1178Y17/type/smallest/filters/PD1:1,NA,NA,NA,Congress,18.2,72.3,9.5
53492,241,Ipsos,,Reuters,NA,NA,NA,Ipsos,Probability Panel,NA,2018-07-29T00:00:00Z,2018-08-02T00:00:00Z,FALSE,NA,85692,790,a,NA,a,TRUE,2025-04-28 19:33:27 UTC,2025-04-28 19:33:27 UTC,NA,http://polling.reuters.com/#!response/TM1178Y17/type/smallest,NA,NA,NA,Congress,17.4,69.8,12.8
53536,241,Ipsos,,Reuters,NA,NA,NA,Ipsos,Probability Panel,NA,2018-07-30T00:00:00Z,2018-08-03T00:00:00Z,FALSE,NA,85911,677,rv,NA,rv,TRUE,2025-04-28 19:33:27 UTC,2025-04-28 19:33:27 UTC,NA,http://polling.reuters.com/#!response/TM1178Y17/type/smallest/filters/PD1:1,NA,NA,NA,Congress,20.1,70.5,9.4
53536,241,Ipsos,,Reuters,NA,NA,NA,Ipsos,Probability Panel,NA,2018-07-30T00:00:00Z,2018-08-03T00:00:00Z,FALSE,NA,85915,804,a,NA,a,TRUE,2025-04-28 19:33:27 UTC,2025-04-28 19:33:27 UTC,NA,http://polling.reuters.com/#!response/TM1178Y17/type/smallest,NA,NA,NA,Congress,18.6,67.1,14.2
53535,241,Ipsos,,Reuters,NA,NA,NA,Ipsos,Probability Panel,NA,2018-07-31T00:00:00Z,2018-08-04T00:00:00Z,FALSE,NA,85910,723,rv,NA,rv,TRUE,2025-04-28 19:33:27 UTC,2025-04-28 19:33:27 UTC,NA,http://polling.reuters.com/#!response/TM1178Y17/type/smallest/filters/PD1:1,NA,NA,NA,Congress,20.7,70.1,9.2
53535,241,Ipsos,,Reuters,NA,NA,NA,Ipsos,Probability Panel,NA,2018-07-31T00:00:00Z,2018-08-04T00:00:00Z,FALSE,NA,85914,854,a,NA,a,TRUE,2025-04-28 19:33:07 UTC,2025-04-28 19:33:07 UTC,NA,http://polling.reuters.com/#!response/TM1178Y17/type/smallest,NA,NA,NA,Congress,19.1,66.2,14.7
53534,241,Ipsos,,Reuters,NA,NA,NA,Ipsos,Probability Panel,NA,2018-08-01T00:00:00Z,2018-08-05T00:00:00Z,FALSE,NA,85913,871,a,NA,a,TRUE,2025-04-28 19:33:27 UTC,2025-04-28 19:33:27 UTC,NA,http://polling.reuters.com/#!response/TM1178Y17/type/smallest,NA,NA,NA,Congress,20.2,66.1,13.7
53534,241,Ipsos,,Reuters,NA,NA,NA,Ipsos,Probability Panel,NA,2018-08-01T00:00:00Z,2018-08-05T00:00:00Z,FALSE,NA,85909,741,rv,NA,rv,TRUE,2025-04-28 19:33:27 UTC,2025-04-28 19:33:27 UTC,NA,http://polling.reuters.com/#!response/TM1178Y17/type/smallest/filters/PD1:1,NA,NA,NA,Congress,22.4,69,8.6
53533,241,Ipsos,,Reuters,NA,NA,NA,Ipsos,Probability Panel,NA,2018-08-02T00:00:00Z,2018-08-06T00:00:00Z,FALSE,NA,85912,886,a,NA,a,TRUE,2025-04-28 19:33:27 UTC,2025-04-28 19:33:27 UTC,NA,http://polling.reuters.com/#!response/TM1178Y17/type/smallest,NA,NA,NA,Congress,21.8,65.4,12.8
53533,241,Ipsos,,Reuters,NA,NA,NA,Ipsos,Probability Panel,NA,2018-08-02T00:00:00Z,2018-08-06T00:00:00Z,FALSE,NA,85908,738,rv,NA,rv,TRUE,2025-04-28 19:33:16 UTC,2025-04-28 19:33:16 UTC,NA,http://polling.reuters.com/#!response/TM1178Y17/type/smallest/filters/PD1:1,NA,NA,NA,Congress,24.2,69.2,6.7
53588,241,Ipsos,,Reuters,NA,NA,NA,Ipsos,Probability Panel,NA,2018-08-03T00:00:00Z,2018-08-07T00:00:00Z,FALSE,NA,86000,734,rv,NA,rv,TRUE,2025-04-28 19:33:28 UTC,2025-04-28 19:33:28 UTC,NA,http://polling.reuters.com/#!response/TM1178Y17/type/smallest/filters/PD1:1,NA,NA,NA,Congress,24,68.8,7.2
53588,241,Ipsos,,Reuters,NA,NA,NA,Ipsos,Probability Panel,NA,2018-08-03T00:00:00Z,2018-08-07T00:00:00Z,FALSE,NA,85997,891,a,NA,a,TRUE,2025-04-28 19:33:28 UTC,2025-04-28 19:33:28 UTC,NA,http://polling.reuters.com/#!response/TM1178Y17/type/smallest,NA,NA,NA,Congress,21.7,65.2,13.1
53544,568,YouGov,,The Economist,NA,NA,NA,YouGov,Online Matched Sample,NA,2018-08-05T00:00:00Z,2018-08-07T00:00:00Z,FALSE,NA,85921,1491,a,NA,a,FALSE,2025-04-28 19:33:16 UTC,2025-04-28 19:33:16 UTC,NA,https://d25d2506sfb94s.cloudfront.net/cumulus_uploads/document/q6cfmfwwh4/econTabReport.pdf,NA,NA,https://d25d2506sfb94s.cloudfront.net/cumulus_uploads/document/q6cfmfwwh4/econTabReport.pdf,Congress,13,59,28
53544,568,YouGov,,The Economist,NA,NA,NA,YouGov,Online Matched Sample,NA,2018-08-05T00:00:00Z,2018-08-07T00:00:00Z,FALSE,NA,85922,1283,rv,NA,rv,FALSE,2025-04-28 19:33:16 UTC,2025-04-28 19:33:16 UTC,NA,https://d25d2506sfb94s.cloudfront.net/cumulus_uploads/document/q6cfmfwwh4/econTabReport.pdf,NA,NA,https://d25d2506sfb94s.cloudfront.net/cumulus_uploads/document/q6cfmfwwh4/econTabReport.pdf,Congress,12,68,19
53587,241,Ipsos,,Reuters,NA,NA,NA,Ipsos,Probability Panel,NA,2018-08-04T00:00:00Z,2018-08-08T00:00:00Z,FALSE,NA,85996,883,a,NA,a,TRUE,2025-04-28 19:33:27 UTC,2025-04-28 19:33:27 UTC,NA,http://polling.reuters.com/#!response/TM1178Y17/type/smallest,NA,NA,NA,Congress,21.9,66.8,11.3
53587,241,Ipsos,,Reuters,NA,NA,NA,Ipsos,Probability Panel,NA,2018-08-04T00:00:00Z,2018-08-08T00:00:00Z,FALSE,NA,85999,730,rv,NA,rv,TRUE,2025-04-28 19:33:27 UTC,2025-04-28 19:33:27 UTC,NA,http://polling.reuters.com/#!response/TM1178Y17/type/smallest/filters/PD1:1,NA,NA,NA,Congress,23.2,69.7,7.1
53586,241,Ipsos,,Reuters,NA,NA,NA,Ipsos,Probability Panel,NA,2018-08-05T00:00:00Z,2018-08-09T00:00:00Z,FALSE,NA,85995,833,a,NA,a,TRUE,2025-04-28 19:33:27 UTC,2025-04-28 19:33:27 UTC,NA,http://polling.reuters.com/#!response/TM1178Y17/type/smallest,NA,NA,NA,Congress,24.3,64.8,10.9
53761,568,YouGov,,The George Washington University,NA,NA,NA,YouGov,Online Matched Sample,NA,2018-07-23T00:00:00Z,2018-08-09T00:00:00Z,FALSE,NA,86312,2716,rv,NA,rv,FALSE,2025-04-28 19:33:18 UTC,2025-04-28 19:33:18 UTC,NA,https://smpa.gwu.edu/sites/g/files/zaxdzs2046/f/Toplines%20GW%20Politics%20Poll%20Wave%202.pdf,NA,https://smpa.gwu.edu/sites/g/files/zaxdzs2046/f/Toplines%20GW%20Politics%20Poll%20Wave%202.pdf,NA,Congress,19,75,7
53586,241,Ipsos,,Reuters,NA,NA,NA,Ipsos,Probability Panel,NA,2018-08-05T00:00:00Z,2018-08-09T00:00:00Z,FALSE,NA,85998,691,rv,NA,rv,TRUE,2025-04-28 19:33:27 UTC,2025-04-28 19:33:27 UTC,NA,http://polling.reuters.com/#!response/TM1178Y17/type/smallest/filters/PD1:1,NA,NA,NA,Congress,25.3,68.3,6.5
53644,241,Ipsos,,Reuters,NA,NA,NA,Ipsos,Probability Panel,NA,2018-08-06T00:00:00Z,2018-08-10T00:00:00Z,FALSE,NA,86094,603,rv,NA,rv,TRUE,2025-04-28 19:33:35 UTC,2025-04-28 19:33:35 UTC,NA,http://polling.reuters.com/#!response/TM1178Y17/type/smallest/filters/PD1:1,NA,NA,NA,Congress,24.4,69,6.6
53644,241,Ipsos,,Reuters,NA,NA,NA,Ipsos,Probability Panel,NA,2018-08-06T00:00:00Z,2018-08-10T00:00:00Z,FALSE,NA,86095,728,a,NA,a,TRUE,2025-04-28 19:33:16 UTC,2025-04-28 19:33:16 UTC,NA,http://polling.reuters.com/#!response/TM1178Y17/type/smallest,NA,NA,NA,Congress,23.9,64.8,11.3
55859,169,Gallup,,NA,NA,NA,NA,Gallup,Live Phone,NA,2018-08-01T00:00:00Z,2018-08-12T00:00:00Z,FALSE,NA,89440,1024,a,NA,a,FALSE,2025-04-28 19:33:19 UTC,2025-04-28 19:33:19 UTC,NA,https://news.gallup.com/poll/240896/congressional-approval-steady-low-august.aspx,NA,NA,NA,Congress,17,78,5
53633,568,YouGov,,The Economist,NA,NA,NA,YouGov,Online Matched Sample,NA,2018-08-12T00:00:00Z,2018-08-14T00:00:00Z,FALSE,NA,86064,1494,a,NA,a,FALSE,2025-04-28 19:33:16 UTC,2025-04-28 19:33:16 UTC,NA,https://d25d2506sfb94s.cloudfront.net/cumulus_uploads/document/6ote18t1hm/econTabReport.pdf,NA,NA,https://d25d2506sfb94s.cloudfront.net/cumulus_uploads/document/6ote18t1hm/econTabReport.pdf,Congress,13,59,28
53745,241,Ipsos,,Reuters,NA,NA,NA,Ipsos,Probability Panel,NA,2018-08-08T00:00:00Z,2018-08-14T00:00:00Z,FALSE,NA,86278,929,rv,NA,rv,TRUE,2025-04-28 19:33:12 UTC,2025-04-28 19:33:12 UTC,NA,http://polling.reuters.com/#!response/TM1178Y17/type/smallest/filters/PD1:1,NA,NA,NA,Congress,26.9,65.2,8
53633,568,YouGov,,The Economist,NA,NA,NA,YouGov,Online Matched Sample,NA,2018-08-12T00:00:00Z,2018-08-14T00:00:00Z,FALSE,NA,86065,1246,rv,NA,rv,FALSE,2025-04-28 19:33:07 UTC,2025-04-28 19:33:07 UTC,NA,https://d25d2506sfb94s.cloudfront.net/cumulus_uploads/document/6ote18t1hm/econTabReport.pdf,NA,NA,https://d25d2506sfb94s.cloudfront.net/cumulus_uploads/document/6ote18t1hm/econTabReport.pdf,Congress,11,70,19
53745,241,Ipsos,,Reuters,NA,NA,NA,Ipsos,Probability Panel,NA,2018-08-08T00:00:00Z,2018-08-14T00:00:00Z,FALSE,NA,86285,1114,a,NA,a,TRUE,2025-04-28 19:33:07 UTC,2025-04-28 19:33:07 UTC,NA,http://polling.reuters.com/#!response/TM1178Y17/type/smallest,NA,NA,NA,Congress,25.7,61.9,12.4
53744,241,Ipsos,,Reuters,NA,NA,NA,Ipsos,Probability Panel,NA,2018-08-09T00:00:00Z,2018-08-15T00:00:00Z,FALSE,NA,86277,927,rv,NA,rv,TRUE,2025-04-28 19:33:11 UTC,2025-04-28 19:33:11 UTC,NA,http://polling.reuters.com/#!response/TM1178Y17/type/smallest/filters/PD1:1,NA,NA,NA,Congress,27.2,65.1,7.7
53744,241,Ipsos,,Reuters,NA,NA,NA,Ipsos,Probability Panel,NA,2018-08-09T00:00:00Z,2018-08-15T00:00:00Z,FALSE,NA,86284,1111,a,NA,a,TRUE,2025-04-28 19:33:11 UTC,2025-04-28 19:33:11 UTC,NA,http://polling.reuters.com/#!response/TM1178Y17/type/smallest,NA,NA,NA,Congress,26.1,61.9,12
53743,241,Ipsos,,Reuters,NA,NA,NA,Ipsos,Probability Panel,NA,2018-08-10T00:00:00Z,2018-08-16T00:00:00Z,FALSE,NA,86273,927,rv,NA,rv,TRUE,2025-04-28 19:33:10 UTC,2025-04-28 19:33:10 UTC,NA,http://polling.reuters.com/#!response/TM1178Y17/type/smallest/filters/PD1:1,NA,NA,NA,Congress,26.3,65.4,8.3
53743,241,Ipsos,,Reuters,NA,NA,NA,Ipsos,Probability Panel,NA,2018-08-10T00:00:00Z,2018-08-16T00:00:00Z,FALSE,NA,86283,1112,a,NA,a,TRUE,2025-04-28 19:33:07 UTC,2025-04-28 19:33:07 UTC,NA,http://polling.reuters.com/#!response/TM1178Y17/type/smallest,NA,NA,NA,Congress,25.3,62.6,12.1
53742,241,Ipsos,,Reuters,NA,NA,NA,Ipsos,Probability Panel,NA,2018-08-11T00:00:00Z,2018-08-17T00:00:00Z,FALSE,NA,87325,427,lv,NA,lv,TRUE,2025-04-28 19:33:07 UTC,2025-04-28 19:33:07 UTC,NA,http://polling.reuters.com/#!response/TM1178Y17/type/smallest/filters/LIKELY:1,NA,NA,NA,Congress,23.5,70.1,6.4
53742,241,Ipsos,,Reuters,NA,NA,NA,Ipsos,Probability Panel,NA,2018-08-11T00:00:00Z,2018-08-17T00:00:00Z,FALSE,NA,86272,916,rv,NA,rv,TRUE,2025-04-28 19:33:07 UTC,2025-04-28 19:33:07 UTC,NA,http://polling.reuters.com/#!response/TM1178Y17/type/smallest/filters/PD1:1,NA,NA,NA,Congress,25.9,65.4,8.7
53742,241,Ipsos,,Reuters,NA,NA,NA,Ipsos,Probability Panel,NA,2018-08-11T00:00:00Z,2018-08-17T00:00:00Z,FALSE,NA,86282,1107,a,NA,a,TRUE,2025-04-28 19:33:07 UTC,2025-04-28 19:33:07 UTC,NA,http://polling.reuters.com/#!response/TM1178Y17/type/smallest,NA,NA,NA,Congress,25.1,62.7,12.2
53741,241,Ipsos,,Reuters,NA,NA,NA,Ipsos,Probability Panel,NA,2018-08-12T00:00:00Z,2018-08-18T00:00:00Z,FALSE,NA,87324,514,lv,NA,lv,TRUE,2025-04-28 19:33:35 UTC,2025-04-28 19:33:35 UTC,NA,http://polling.reuters.com/#!response/TM1178Y17/type/smallest/filters/LIKELY:1,NA,NA,NA,Congress,21.8,72.4,5.8
53741,241,Ipsos,,Reuters,NA,NA,NA,Ipsos,Probability Panel,NA,2018-08-12T00:00:00Z,2018-08-18T00:00:00Z,FALSE,NA,86281,1102,a,NA,a,TRUE,2025-04-28 19:33:07 UTC,2025-04-28 19:33:07 UTC,NA,http://polling.reuters.com/#!response/TM1178Y17/type/smallest,NA,NA,NA,Congress,25.9,63,11.1
53741,241,Ipsos,,Reuters,NA,NA,NA,Ipsos,Probability Panel,NA,2018-08-12T00:00:00Z,2018-08-18T00:00:00Z,FALSE,NA,86276,915,rv,NA,rv,TRUE,2025-04-28 19:33:35 UTC,2025-04-28 19:33:35 UTC,NA,http://polling.reuters.com/#!response/TM1178Y17/type/smallest/filters/PD1:1,NA,NA,NA,Congress,26.7,65.5,7.7
53740,241,Ipsos,,Reuters,NA,NA,NA,Ipsos,Probability Panel,NA,2018-08-13T00:00:00Z,2018-08-19T00:00:00Z,FALSE,NA,87323,599,lv,NA,lv,TRUE,2025-04-28 19:33:16 UTC,2025-04-28 19:33:16 UTC,NA,http://polling.reuters.com/#!response/TM1178Y17/type/smallest/filters/LIKELY:1,NA,NA,NA,Congress,21.9,71.9,6.1
53740,241,Ipsos,,Reuters,NA,NA,NA,Ipsos,Probability Panel,NA,2018-08-13T00:00:00Z,2018-08-19T00:00:00Z,FALSE,NA,86280,1097,a,NA,a,TRUE,2025-04-28 19:33:11 UTC,2025-04-28 19:33:11 UTC,NA,http://polling.reuters.com/#!response/TM1178Y17/type/smallest,NA,NA,NA,Congress,24.4,63.8,11.9
53658,320,Monmouth,,NA,NA,NA,NA,Monmouth University Polling Institute,Live Phone,NA,2018-08-15T00:00:00Z,2018-08-19T00:00:00Z,FALSE,NA,86213,805,a,NA,a,FALSE,2025-04-28 19:33:18 UTC,2025-04-28 19:33:18 UTC,NA,https://www.monmouth.edu/polling-institute/reports/monmouthpoll_us_082218/,NA,NA,NA,Congress,17,69,14
53658,320,Monmouth,,NA,NA,NA,NA,Monmouth University Polling Institute,Live Phone,NA,2018-08-15T00:00:00Z,2018-08-19T00:00:00Z,FALSE,NA,86214,725,rv,NA,rv,FALSE,2025-04-28 19:33:29 UTC,2025-04-28 19:33:29 UTC,NA,https://www.monmouth.edu/polling-institute/reports/monmouthpoll_us_082218/,NA,NA,NA,Congress,16,71,13
53740,241,Ipsos,,Reuters,NA,NA,NA,Ipsos,Probability Panel,NA,2018-08-13T00:00:00Z,2018-08-19T00:00:00Z,FALSE,NA,86275,918,rv,NA,rv,TRUE,2025-04-28 19:33:07 UTC,2025-04-28 19:33:07 UTC,NA,http://polling.reuters.com/#!response/TM1178Y17/type/smallest/filters/PD1:1,NA,NA,NA,Congress,25.7,66.1,8.2
53739,241,Ipsos,,Reuters,NA,NA,NA,Ipsos,Probability Panel,NA,2018-08-14T00:00:00Z,2018-08-20T00:00:00Z,FALSE,NA,86274,925,rv,NA,rv,TRUE,2025-04-28 19:33:07 UTC,2025-04-28 19:33:07 UTC,NA,http://polling.reuters.com/#!response/TM1178Y17/type/smallest/filters/PD1:1,NA,NA,NA,Congress,26.4,65.5,8.1
53739,241,Ipsos,,Reuters,NA,NA,NA,Ipsos,Probability Panel,NA,2018-08-14T00:00:00Z,2018-08-20T00:00:00Z,FALSE,NA,87322,605,lv,NA,lv,TRUE,2025-04-28 19:33:16 UTC,2025-04-28 19:33:16 UTC,NA,http://polling.reuters.com/#!response/TM1178Y17/type/smallest/filters/LIKELY:1,NA,NA,NA,Congress,22.1,71.5,6.5
53739,241,Ipsos,,Reuters,NA,NA,NA,Ipsos,Probability Panel,NA,2018-08-14T00:00:00Z,2018-08-20T00:00:00Z,FALSE,NA,86279,1105,a,NA,a,TRUE,2025-04-28 19:33:07 UTC,2025-04-28 19:33:07 UTC,NA,http://polling.reuters.com/#!response/TM1178Y17/type/smallest,NA,NA,NA,Congress,25,63,12
53721,568,YouGov,,The Economist,NA,NA,NA,YouGov,Online Matched Sample,NA,2018-08-19T00:00:00Z,2018-08-21T00:00:00Z,FALSE,NA,86215,1500,a,NA,a,FALSE,2025-04-28 19:33:07 UTC,2025-04-28 19:33:07 UTC,NA,https://d25d2506sfb94s.cloudfront.net/cumulus_uploads/document/iqa9xbuq8j/econTabReport.pdf,NA,NA,https://d25d2506sfb94s.cloudfront.net/cumulus_uploads/document/iqa9xbuq8j/econTabReport.pdf,Congress,11,57,32
53798,241,Ipsos,,Reuters,NA,NA,NA,Ipsos,Probability Panel,NA,2018-08-15T00:00:00Z,2018-08-21T00:00:00Z,FALSE,NA,87321,560,lv,NA,lv,TRUE,2025-04-28 19:33:16 UTC,2025-04-28 19:33:16 UTC,NA,http://polling.reuters.com/#!response/TM1178Y17/type/smallest/filters/LIKELY:1,NA,NA,NA,Congress,19.5,74.4,6.1
53721,568,YouGov,,The Economist,NA,NA,NA,YouGov,Online Matched Sample,NA,2018-08-19T00:00:00Z,2018-08-21T00:00:00Z,FALSE,NA,86216,1242,rv,NA,rv,FALSE,2025-04-28 19:33:07 UTC,2025-04-28 19:33:07 UTC,NA,https://d25d2506sfb94s.cloudfront.net/cumulus_uploads/document/iqa9xbuq8j/econTabReport.pdf,NA,NA,https://d25d2506sfb94s.cloudfront.net/cumulus_uploads/document/iqa9xbuq8j/econTabReport.pdf,Congress,12,66,23
53798,241,Ipsos,,Reuters,NA,NA,NA,Ipsos,Probability Panel,NA,2018-08-15T00:00:00Z,2018-08-21T00:00:00Z,FALSE,NA,86470,942,rv,NA,rv,TRUE,2025-04-28 19:33:13 UTC,2025-04-28 19:33:13 UTC,NA,http://polling.reuters.com/#!response/TM1178Y17/type/smallest/filters/PD1:1,NA,NA,NA,Congress,24.4,67.9,7.6
53798,241,Ipsos,,Reuters,NA,NA,NA,Ipsos,Probability Panel,NA,2018-08-15T00:00:00Z,2018-08-21T00:00:00Z,FALSE,NA,86477,1122,a,NA,a,TRUE,2025-04-28 19:33:07 UTC,2025-04-28 19:33:07 UTC,NA,http://polling.reuters.com/#!response/TM1178Y17/type/smallest,NA,NA,NA,Congress,23.5,65.9,10.6
53738,1597,Beacon/Shaw,,Fox News,NA,NA,NA,Beacon Research/Shaw & Co. Research,Live Phone,NA,2018-08-19T00:00:00Z,2018-08-21T00:00:00Z,FALSE,NA,86239,1009,rv,NA,rv,FALSE,2025-04-28 19:33:07 UTC,2025-04-28 19:33:07 UTC,NA,NA,NA,NA,NA,Congress,23,68,9
53773,1292,Hart/POS,,"The Wall Street Journal, NBC News",NA,NA,NA,Hart Research Associates/Public Opinion Strategies,Live Phone,NA,2018-08-18T00:00:00Z,2018-08-22T00:00:00Z,FALSE,NA,86409,900,rv,NA,rv,FALSE,2025-04-28 19:33:18 UTC,2025-04-28 19:33:18 UTC,NA,http://media1.s-nbcnews.com/i/today/z_creative/18798NBCWSJAugustPoll.pdf,NA,NA,NA,Congress,20,75,5
53797,241,Ipsos,,Reuters,NA,NA,NA,Ipsos,Probability Panel,NA,2018-08-16T00:00:00Z,2018-08-22T00:00:00Z,FALSE,NA,86469,1347,rv,NA,rv,TRUE,2025-04-28 19:33:07 UTC,2025-04-28 19:33:07 UTC,NA,http://polling.reuters.com/#!response/TM1178Y17/type/smallest/filters/PD1:1,NA,NA,NA,Congress,23.5,68.2,8.3
53797,241,Ipsos,,Reuters,NA,NA,NA,Ipsos,Probability Panel,NA,2018-08-16T00:00:00Z,2018-08-22T00:00:00Z,FALSE,NA,87320,469,lv,NA,lv,TRUE,2025-04-28 19:33:28 UTC,2025-04-28 19:33:28 UTC,NA,http://polling.reuters.com/#!response/TM1178Y17/type/smallest/filters/LIKELY:1,NA,NA,NA,Congress,20.4,73.8,5.8
53797,241,Ipsos,,Reuters,NA,NA,NA,Ipsos,Probability Panel,NA,2018-08-16T00:00:00Z,2018-08-22T00:00:00Z,FALSE,NA,86476,1632,a,NA,a,TRUE,2025-04-28 19:33:07 UTC,2025-04-28 19:33:07 UTC,NA,http://polling.reuters.com/#!response/TM1178Y17/type/smallest,NA,NA,NA,Congress,22.5,64.5,13
53796,241,Ipsos,,Reuters,NA,NA,NA,Ipsos,Probability Panel,NA,2018-08-17T00:00:00Z,2018-08-23T00:00:00Z,FALSE,NA,87319,384,lv,NA,lv,TRUE,2025-04-28 19:33:16 UTC,2025-04-28 19:33:16 UTC,NA,http://polling.reuters.com/#!response/TM1178Y17/type/smallest/filters/LIKELY:1,NA,NA,NA,Congress,19.6,74.1,6.4
53796,241,Ipsos,,Reuters,NA,NA,NA,Ipsos,Probability Panel,NA,2018-08-17T00:00:00Z,2018-08-23T00:00:00Z,FALSE,NA,86475,1789,a,NA,a,TRUE,2025-04-28 19:33:07 UTC,2025-04-28 19:33:07 UTC,NA,http://polling.reuters.com/#!response/TM1178Y17/type/smallest,NA,NA,NA,Congress,22,65.2,12.8
53796,241,Ipsos,,Reuters,NA,NA,NA,Ipsos,Probability Panel,NA,2018-08-17T00:00:00Z,2018-08-23T00:00:00Z,FALSE,NA,86468,1475,rv,NA,rv,TRUE,2025-04-28 19:33:13 UTC,2025-04-28 19:33:13 UTC,NA,http://polling.reuters.com/#!response/TM1178Y17/type/smallest/filters/PD1:1,NA,NA,NA,Congress,22.6,69.1,8.3
53795,241,Ipsos,,Reuters,NA,NA,NA,Ipsos,Probability Panel,NA,2018-08-18T00:00:00Z,2018-08-24T00:00:00Z,FALSE,NA,86474,1786,a,NA,a,TRUE,2025-04-28 19:33:12 UTC,2025-04-28 19:33:12 UTC,NA,http://polling.reuters.com/#!response/TM1178Y17/type/smallest,NA,NA,NA,Congress,22,65,13
53795,241,Ipsos,,Reuters,NA,NA,NA,Ipsos,Probability Panel,NA,2018-08-18T00:00:00Z,2018-08-24T00:00:00Z,FALSE,NA,86467,1474,rv,NA,rv,TRUE,2025-04-28 19:33:12 UTC,2025-04-28 19:33:12 UTC,NA,http://polling.reuters.com/#!response/TM1178Y17/type/smallest/filters/PD1:1,NA,NA,NA,Congress,22.6,69.2,8.2
53794,241,Ipsos,,Reuters,NA,NA,NA,Ipsos,Probability Panel,NA,2018-08-19T00:00:00Z,2018-08-25T00:00:00Z,FALSE,NA,86473,1790,a,NA,a,TRUE,2025-04-28 19:33:07 UTC,2025-04-28 19:33:07 UTC,NA,http://polling.reuters.com/#!response/TM1178Y17/type/smallest,NA,NA,NA,Congress,22.1,65,12.9
53794,241,Ipsos,,Reuters,NA,NA,NA,Ipsos,Probability Panel,NA,2018-08-19T00:00:00Z,2018-08-25T00:00:00Z,FALSE,NA,86466,1474,rv,NA,rv,TRUE,2025-04-28 19:33:07 UTC,2025-04-28 19:33:07 UTC,NA,http://polling.reuters.com/#!response/TM1178Y17/type/smallest/filters/PD1:1,NA,NA,NA,Congress,22.4,69,8.6
53793,241,Ipsos,,Reuters,NA,NA,NA,Ipsos,Probability Panel,NA,2018-08-20T00:00:00Z,2018-08-26T00:00:00Z,FALSE,NA,86465,1467,rv,NA,rv,TRUE,2025-04-28 19:33:07 UTC,2025-04-28 19:33:07 UTC,NA,http://polling.reuters.com/#!response/TM1178Y17/type/smallest/filters/PD1:1,NA,NA,NA,Congress,22.7,68.6,8.7
53793,241,Ipsos,,Reuters,NA,NA,NA,Ipsos,Probability Panel,NA,2018-08-20T00:00:00Z,2018-08-26T00:00:00Z,FALSE,NA,86472,1789,a,NA,a,TRUE,2025-04-28 19:33:07 UTC,2025-04-28 19:33:07 UTC,NA,http://polling.reuters.com/#!response/TM1178Y17/type/smallest,NA,NA,NA,Congress,22.3,64.9,12.9
53792,241,Ipsos,,Reuters,NA,NA,NA,Ipsos,Probability Panel,NA,2018-08-21T00:00:00Z,2018-08-27T00:00:00Z,FALSE,NA,86464,1461,rv,NA,rv,TRUE,2025-04-28 19:33:29 UTC,2025-04-28 19:33:29 UTC,NA,http://polling.reuters.com/#!response/TM1178Y17/type/smallest/filters/PD1:1,NA,NA,NA,Congress,22.4,69.1,8.5
53792,241,Ipsos,,Reuters,NA,NA,NA,Ipsos,Probability Panel,NA,2018-08-21T00:00:00Z,2018-08-27T00:00:00Z,FALSE,NA,86471,1779,a,NA,a,TRUE,2025-04-28 19:33:12 UTC,2025-04-28 19:33:12 UTC,NA,http://polling.reuters.com/#!response/TM1178Y17/type/smallest,NA,NA,NA,Congress,22.1,64.9,13.1
53802,568,YouGov,,The Economist,NA,NA,NA,YouGov,Online Matched Sample,NA,2018-08-26T00:00:00Z,2018-08-28T00:00:00Z,FALSE,NA,86487,1494,a,NA,a,FALSE,2025-04-28 19:33:07 UTC,2025-04-28 19:33:07 UTC,NA,https://d25d2506sfb94s.cloudfront.net/cumulus_uploads/document/krhk8brhhw/econTabReport.pdf,NA,NA,https://d25d2506sfb94s.cloudfront.net/cumulus_uploads/document/krhk8brhhw/econTabReport.pdf,Congress,15,57,29
53842,241,Ipsos,,Reuters,NA,NA,NA,Ipsos,Probability Panel,NA,2018-08-22T00:00:00Z,2018-08-28T00:00:00Z,FALSE,NA,86558,1684,a,NA,a,TRUE,2025-04-28 19:33:07 UTC,2025-04-28 19:33:07 UTC,NA,http://polling.reuters.com/#!response/TM1178Y17/type/smallest,NA,NA,NA,Congress,22.3,64.3,13.4
53802,568,YouGov,,The Economist,NA,NA,NA,YouGov,Online Matched Sample,NA,2018-08-26T00:00:00Z,2018-08-28T00:00:00Z,FALSE,NA,86488,1246,rv,NA,rv,FALSE,2025-04-28 19:33:07 UTC,2025-04-28 19:33:07 UTC,NA,https://d25d2506sfb94s.cloudfront.net/cumulus_uploads/document/krhk8brhhw/econTabReport.pdf,NA,NA,https://d25d2506sfb94s.cloudfront.net/cumulus_uploads/document/krhk8brhhw/econTabReport.pdf,Congress,14,67,20
53842,241,Ipsos,,Reuters,NA,NA,NA,Ipsos,Probability Panel,NA,2018-08-22T00:00:00Z,2018-08-28T00:00:00Z,FALSE,NA,86557,1378,rv,NA,rv,TRUE,2025-04-28 19:33:28 UTC,2025-04-28 19:33:28 UTC,NA,http://polling.reuters.com/#!response/TM1178Y17/type/smallest/filters/PD1:1,NA,NA,NA,Congress,22.4,68.8,8.8
53852,241,Ipsos,,Reuters,NA,NA,NA,Ipsos,Probability Panel,NA,2018-08-23T00:00:00Z,2018-08-29T00:00:00Z,FALSE,NA,86603,1248,a,NA,a,TRUE,2025-04-28 19:33:28 UTC,2025-04-28 19:33:28 UTC,NA,http://polling.reuters.com/#!response/TM1178Y17/type/smallest,NA,NA,NA,Congress,25,63,11.9
53852,241,Ipsos,,Reuters,NA,NA,NA,Ipsos,Probability Panel,NA,2018-08-23T00:00:00Z,2018-08-29T00:00:00Z,FALSE,NA,86599,1033,rv,NA,rv,TRUE,2025-04-28 19:33:07 UTC,2025-04-28 19:33:07 UTC,NA,http://polling.reuters.com/#!response/TM1178Y17/type/smallest/filters/PD1:1,NA,NA,NA,Congress,25.8,64.6,9.5
53851,241,Ipsos,,Reuters,NA,NA,NA,Ipsos,Probability Panel,NA,2018-08-24T00:00:00Z,2018-08-30T00:00:00Z,FALSE,NA,86602,1030,a,NA,a,TRUE,2025-04-28 19:33:28 UTC,2025-04-28 19:33:28 UTC,NA,http://polling.reuters.com/#!response/TM1178Y17/type/smallest,NA,NA,NA,Congress,27.1,60.9,11.9
53851,241,Ipsos,,Reuters,NA,NA,NA,Ipsos,Probability Panel,NA,2018-08-24T00:00:00Z,2018-08-30T00:00:00Z,FALSE,NA,86598,861,rv,NA,rv,TRUE,2025-04-28 19:33:07 UTC,2025-04-28 19:33:07 UTC,NA,http://polling.reuters.com/#!response/TM1178Y17/type/smallest/filters/PD1:1,NA,NA,NA,Congress,28.5,62.1,9.4
53850,241,Ipsos,,Reuters,NA,NA,NA,Ipsos,Probability Panel,NA,2018-08-25T00:00:00Z,2018-08-31T00:00:00Z,FALSE,NA,86601,1161,a,NA,a,TRUE,2025-04-28 19:33:07 UTC,2025-04-28 19:33:07 UTC,NA,http://polling.reuters.com/#!response/TM1178Y17/type/smallest,NA,NA,NA,Congress,25.5,62.3,12.2
53850,241,Ipsos,,Reuters,NA,NA,NA,Ipsos,Probability Panel,NA,2018-08-25T00:00:00Z,2018-08-31T00:00:00Z,FALSE,NA,86597,970,rv,NA,rv,TRUE,2025-04-28 19:33:28 UTC,2025-04-28 19:33:28 UTC,NA,http://polling.reuters.com/#!response/TM1178Y17/type/smallest/filters/PD1:1,NA,NA,NA,Congress,27.2,63.6,9.1
53849,241,Ipsos,,Reuters,NA,NA,NA,Ipsos,Probability Panel,NA,2018-08-26T00:00:00Z,2018-09-01T00:00:00Z,FALSE,NA,86600,1169,a,NA,a,TRUE,2025-04-28 19:33:28 UTC,2025-04-28 19:33:28 UTC,NA,http://polling.reuters.com/#!response/TM1178Y17/type/smallest,NA,NA,NA,Congress,24.5,63.3,12.1
53849,241,Ipsos,,Reuters,NA,NA,NA,Ipsos,Probability Panel,NA,2018-08-26T00:00:00Z,2018-09-01T00:00:00Z,FALSE,NA,86596,979,rv,NA,rv,TRUE,2025-04-28 19:33:28 UTC,2025-04-28 19:33:28 UTC,NA,http://polling.reuters.com/#!response/TM1178Y17/type/smallest/filters/PD1:1,NA,NA,NA,Congress,26,64.8,9.2
53848,241,Ipsos,,Reuters,NA,NA,NA,Ipsos,Probability Panel,NA,2018-08-27T00:00:00Z,2018-09-02T00:00:00Z,FALSE,NA,86593,1173,a,NA,a,TRUE,2025-04-28 19:33:28 UTC,2025-04-28 19:33:28 UTC,NA,http://polling.reuters.com/#!response/TM1178Y17/type/smallest,NA,NA,NA,Congress,24.3,63.8,11.9
53848,241,Ipsos,,Reuters,NA,NA,NA,Ipsos,Probability Panel,NA,2018-08-27T00:00:00Z,2018-09-02T00:00:00Z,FALSE,NA,86595,995,rv,NA,rv,TRUE,2025-04-28 19:33:28 UTC,2025-04-28 19:33:28 UTC,NA,http://polling.reuters.com/#!response/TM1178Y17/type/smallest/filters/PD1:1,NA,NA,NA,Congress,25.5,65.8,8.7
53847,241,Ipsos,,Reuters,NA,NA,NA,Ipsos,Probability Panel,NA,2018-08-28T00:00:00Z,2018-09-03T00:00:00Z,FALSE,NA,86592,1184,a,NA,a,TRUE,2025-04-28 19:33:28 UTC,2025-04-28 19:33:28 UTC,NA,http://polling.reuters.com/#!response/TM1178Y17/type/smallest,NA,NA,NA,Congress,23.6,64.4,12
53847,241,Ipsos,,Reuters,NA,NA,NA,Ipsos,Probability Panel,NA,2018-08-28T00:00:00Z,2018-09-03T00:00:00Z,FALSE,NA,86594,1012,rv,NA,rv,TRUE,2025-04-28 19:33:28 UTC,2025-04-28 19:33:28 UTC,NA,http://polling.reuters.com/#!response/TM1178Y17/type/smallest/filters/PD1:1,NA,NA,NA,Congress,24.9,65.9,9.2
53940,241,Ipsos,,Reuters,NA,NA,NA,Ipsos,Probability Panel,NA,2018-08-29T00:00:00Z,2018-09-04T00:00:00Z,FALSE,NA,86762,1100,a,NA,a,TRUE,2025-04-28 19:33:28 UTC,2025-04-28 19:33:28 UTC,NA,http://polling.reuters.com/#!response/TM1178Y17/type/smallest,NA,NA,NA,Congress,23.2,64.8,12
53940,241,Ipsos,,Reuters,NA,NA,NA,Ipsos,Probability Panel,NA,2018-08-29T00:00:00Z,2018-09-04T00:00:00Z,FALSE,NA,86761,944,rv,NA,rv,TRUE,2025-04-28 19:33:28 UTC,2025-04-28 19:33:28 UTC,NA,http://polling.reuters.com/#!response/TM1178Y17/type/smallest/filters/PD1:1,NA,NA,NA,Congress,24.5,66.8,8.7
53860,568,YouGov,,The Economist,NA,NA,NA,YouGov,Online Matched Sample,NA,2018-09-02T00:00:00Z,2018-09-04T00:00:00Z,FALSE,NA,86619,1500,a,NA,a,FALSE,2025-04-28 19:33:07 UTC,2025-04-28 19:33:07 UTC,NA,https://d25d2506sfb94s.cloudfront.net/cumulus_uploads/document/22joa4cprz/econTabReport.pdf,NA,NA,https://d25d2506sfb94s.cloudfront.net/cumulus_uploads/document/22joa4cprz/econTabReport.pdf,Congress,11,60,30
53860,568,YouGov,,The Economist,NA,NA,NA,YouGov,Online Matched Sample,NA,2018-09-02T00:00:00Z,2018-09-04T00:00:00Z,FALSE,NA,86620,1252,rv,NA,rv,FALSE,2025-04-28 19:33:07 UTC,2025-04-28 19:33:07 UTC,NA,https://d25d2506sfb94s.cloudfront.net/cumulus_uploads/document/22joa4cprz/econTabReport.pdf,NA,NA,https://d25d2506sfb94s.cloudfront.net/cumulus_uploads/document/22joa4cprz/econTabReport.pdf,Congress,11,69,20
53955,241,Ipsos,,Reuters,NA,NA,NA,Ipsos,Probability Panel,NA,2018-08-30T00:00:00Z,2018-09-05T00:00:00Z,FALSE,NA,86801,1032,rv,NA,rv,TRUE,2025-04-28 19:33:28 UTC,2025-04-28 19:33:28 UTC,NA,http://polling.reuters.com/#!response/TM1178Y17/type/smallest/filters/PD1:1,NA,NA,NA,Congress,22.5,68.9,8.6
53955,241,Ipsos,,Reuters,NA,NA,NA,Ipsos,Probability Panel,NA,2018-08-30T00:00:00Z,2018-09-05T00:00:00Z,FALSE,NA,86807,1199,a,NA,a,TRUE,2025-04-28 19:33:28 UTC,2025-04-28 19:33:28 UTC,NA,http://polling.reuters.com/#!response/TM1178Y17/type/smallest,NA,NA,NA,Congress,21.3,65.8,13
53954,241,Ipsos,,Reuters,NA,NA,NA,Ipsos,Probability Panel,NA,2018-08-31T00:00:00Z,2018-09-06T00:00:00Z,FALSE,NA,86800,1082,rv,NA,rv,TRUE,2025-04-28 19:33:28 UTC,2025-04-28 19:33:28 UTC,NA,http://polling.reuters.com/#!response/TM1178Y17/type/smallest/filters/PD1:1,NA,NA,NA,Congress,22.7,68.5,8.8
53954,241,Ipsos,,Reuters,NA,NA,NA,Ipsos,Probability Panel,NA,2018-08-31T00:00:00Z,2018-09-06T00:00:00Z,FALSE,NA,86806,1257,a,NA,a,TRUE,2025-04-28 19:33:08 UTC,2025-04-28 19:33:08 UTC,NA,http://polling.reuters.com/#!response/TM1178Y17/type/smallest,NA,NA,NA,Congress,21.4,65.9,12.6
53954,241,Ipsos,,Reuters,NA,NA,NA,Ipsos,Probability Panel,NA,2018-08-31T00:00:00Z,2018-09-06T00:00:00Z,FALSE,NA,87318,374,lv,NA,lv,TRUE,2025-04-28 19:33:16 UTC,2025-04-28 19:33:16 UTC,NA,http://polling.reuters.com/#!response/TM1178Y17/type/smallest/filters/LIKELY:1,NA,NA,NA,Congress,24.1,71.8,4.1
53953,241,Ipsos,,Reuters,NA,NA,NA,Ipsos,Probability Panel,NA,2018-09-01T00:00:00Z,2018-09-07T00:00:00Z,FALSE,NA,86805,1131,a,NA,a,TRUE,2025-04-28 19:33:28 UTC,2025-04-28 19:33:28 UTC,NA,http://polling.reuters.com/#!response/TM1178Y17/type/smallest,NA,NA,NA,Congress,23,64.3,12.6
53953,241,Ipsos,,Reuters,NA,NA,NA,Ipsos,Probability Panel,NA,2018-09-01T00:00:00Z,2018-09-07T00:00:00Z,FALSE,NA,86799,979,rv,NA,rv,TRUE,2025-04-28 19:33:28 UTC,2025-04-28 19:33:28 UTC,NA,http://polling.reuters.com/#!response/TM1178Y17/type/smallest/filters/PD1:1,NA,NA,NA,Congress,24.4,66.5,9.1
53953,241,Ipsos,,Reuters,NA,NA,NA,Ipsos,Probability Panel,NA,2018-09-01T00:00:00Z,2018-09-07T00:00:00Z,FALSE,NA,87317,456,lv,NA,lv,TRUE,2025-04-28 19:33:16 UTC,2025-04-28 19:33:16 UTC,NA,http://polling.reuters.com/#!response/TM1178Y17/type/smallest/filters/LIKELY:1,NA,NA,NA,Congress,25.2,70.8,3.9
53952,241,Ipsos,,Reuters,NA,NA,NA,Ipsos,Probability Panel,NA,2018-09-02T00:00:00Z,2018-09-08T00:00:00Z,FALSE,NA,87316,551,lv,NA,lv,TRUE,2025-04-28 19:33:08 UTC,2025-04-28 19:33:08 UTC,NA,http://polling.reuters.com/#!response/TM1178Y17/type/smallest/filters/LIKELY:1,NA,NA,NA,Congress,22.8,73.4,3.9
53952,241,Ipsos,,Reuters,NA,NA,NA,Ipsos,Probability Panel,NA,2018-09-02T00:00:00Z,2018-09-08T00:00:00Z,FALSE,NA,86804,1135,a,NA,a,TRUE,2025-04-28 19:33:28 UTC,2025-04-28 19:33:28 UTC,NA,http://polling.reuters.com/#!response/TM1178Y17/type/smallest,NA,NA,NA,Congress,22.8,64,13.2
53952,241,Ipsos,,Reuters,NA,NA,NA,Ipsos,Probability Panel,NA,2018-09-02T00:00:00Z,2018-09-08T00:00:00Z,FALSE,NA,86798,979,rv,NA,rv,TRUE,2025-04-28 19:33:28 UTC,2025-04-28 19:33:28 UTC,NA,http://polling.reuters.com/#!response/TM1178Y17/type/smallest/filters/PD1:1,NA,NA,NA,Congress,24.8,66.6,8.7
53951,241,Ipsos,,Reuters,NA,NA,NA,Ipsos,Probability Panel,NA,2018-09-03T00:00:00Z,2018-09-09T00:00:00Z,FALSE,NA,86797,974,rv,NA,rv,TRUE,2025-04-28 19:33:07 UTC,2025-04-28 19:33:07 UTC,NA,http://polling.reuters.com/#!response/TM1178Y17/type/smallest/filters/PD1:1,NA,NA,NA,Congress,25,66.8,8.2
53951,241,Ipsos,,Reuters,NA,NA,NA,Ipsos,Probability Panel,NA,2018-09-03T00:00:00Z,2018-09-09T00:00:00Z,FALSE,NA,87315,645,lv,NA,lv,TRUE,2025-04-28 19:33:08 UTC,2025-04-28 19:33:08 UTC,NA,http://polling.reuters.com/#!response/TM1178Y17/type/smallest/filters/LIKELY:1,NA,NA,NA,Congress,22.2,74.5,3.3
53951,241,Ipsos,,Reuters,NA,NA,NA,Ipsos,Probability Panel,NA,2018-09-03T00:00:00Z,2018-09-09T00:00:00Z,FALSE,NA,86803,1149,a,NA,a,TRUE,2025-04-28 19:33:08 UTC,2025-04-28 19:33:08 UTC,NA,http://polling.reuters.com/#!response/TM1178Y17/type/smallest,NA,NA,NA,Congress,22.7,64.6,12.7
53925,396,Quinnipiac,,NA,NA,NA,NA,Quinnipiac University,Live Phone,NA,2018-09-06T00:00:00Z,2018-09-09T00:00:00Z,FALSE,NA,86838,1038,rv,NA,rv,FALSE,2025-04-28 19:33:18 UTC,2025-04-28 19:33:18 UTC,NA,https://poll.qu.edu/poll-release-legacy?releaseid=2568,NA,NA,https://poll.qu.edu/poll-release-legacy?releaseid=2568,Congress,18,72,10
53950,241,Ipsos,,Reuters,NA,NA,NA,Ipsos,Probability Panel,NA,2018-09-04T00:00:00Z,2018-09-10T00:00:00Z,FALSE,NA,86802,1139,a,NA,a,TRUE,2025-04-28 19:33:28 UTC,2025-04-28 19:33:28 UTC,NA,http://polling.reuters.com/#!response/TM1178Y17/type/smallest,NA,NA,NA,Congress,23.1,64.8,12.1
53950,241,Ipsos,,Reuters,NA,NA,NA,Ipsos,Probability Panel,NA,2018-09-04T00:00:00Z,2018-09-10T00:00:00Z,FALSE,NA,87314,615,lv,NA,lv,TRUE,2025-04-28 19:33:23 UTC,2025-04-28 19:33:23 UTC,NA,http://polling.reuters.com/#!response/TM1178Y17/type/smallest/filters/LIKELY:1,NA,NA,NA,Congress,22.6,74.8,2.6
53950,241,Ipsos,,Reuters,NA,NA,NA,Ipsos,Probability Panel,NA,2018-09-04T00:00:00Z,2018-09-10T00:00:00Z,FALSE,NA,86796,953,rv,NA,rv,TRUE,2025-04-28 19:33:23 UTC,2025-04-28 19:33:23 UTC,NA,http://polling.reuters.com/#!response/TM1178Y17/type/smallest/filters/PD1:1,NA,NA,NA,Congress,25.6,66.9,7.5
53964,568,YouGov,,The Economist,NA,NA,NA,YouGov,Online Matched Sample,NA,2018-09-09T00:00:00Z,2018-09-11T00:00:00Z,FALSE,NA,86845,1215,rv,NA,rv,FALSE,2025-04-28 19:33:29 UTC,2025-04-28 19:33:29 UTC,NA,https://d25d2506sfb94s.cloudfront.net/cumulus_uploads/document/sc59yl78f2/econTabReport.pdf,NA,NA,https://d25d2506sfb94s.cloudfront.net/cumulus_uploads/document/sc59yl78f2/econTabReport.pdf,Congress,13,66,21
54081,241,Ipsos,,Reuters,NA,NA,NA,Ipsos,Probability Panel,NA,2018-09-05T00:00:00Z,2018-09-11T00:00:00Z,FALSE,NA,87313,608,lv,NA,lv,TRUE,2025-04-28 19:33:28 UTC,2025-04-28 19:33:28 UTC,NA,http://polling.reuters.com/#!response/TM1178Y17/type/smallest/filters/LIKELY:1,NA,NA,NA,Congress,22.1,75.2,2.7
54081,241,Ipsos,,Reuters,NA,NA,NA,Ipsos,Probability Panel,NA,2018-09-05T00:00:00Z,2018-09-11T00:00:00Z,FALSE,NA,87259,945,rv,NA,rv,TRUE,2025-04-28 19:33:23 UTC,2025-04-28 19:33:23 UTC,NA,http://polling.reuters.com/#!response/TM1178Y17/type/smallest/filters/PD1:1,NA,NA,NA,Congress,24.7,66.8,8.5
53964,568,YouGov,,The Economist,NA,NA,NA,YouGov,Online Matched Sample,NA,2018-09-09T00:00:00Z,2018-09-11T00:00:00Z,FALSE,NA,86844,1492,a,NA,a,FALSE,2025-04-28 19:33:20 UTC,2025-04-28 19:33:20 UTC,NA,https://d25d2506sfb94s.cloudfront.net/cumulus_uploads/document/sc59yl78f2/econTabReport.pdf,NA,NA,https://d25d2506sfb94s.cloudfront.net/cumulus_uploads/document/sc59yl78f2/econTabReport.pdf,Congress,13,57,31
54081,241,Ipsos,,Reuters,NA,NA,NA,Ipsos,Probability Panel,NA,2018-09-05T00:00:00Z,2018-09-11T00:00:00Z,FALSE,NA,87252,1123,a,NA,a,TRUE,2025-04-28 19:33:37 UTC,2025-04-28 19:33:37 UTC,NA,http://polling.reuters.com/#!response/TM1178Y17/type/smallest,NA,NA,NA,Congress,22.7,65.4,11.9
55860,169,Gallup,,NA,NA,NA,NA,Gallup,Live Phone,NA,2018-09-04T00:00:00Z,2018-09-12T00:00:00Z,FALSE,NA,89441,1035,a,NA,a,FALSE,2025-04-28 19:33:19 UTC,2025-04-28 19:33:19 UTC,NA,https://news.gallup.com/poll/242366/snapshot-congressional-approval-september.aspx,NA,NA,NA,Congress,19,76,5
54080,241,Ipsos,,Reuters,NA,NA,NA,Ipsos,Probability Panel,NA,2018-09-06T00:00:00Z,2018-09-12T00:00:00Z,FALSE,NA,87251,1135,a,NA,a,TRUE,2025-04-28 19:33:28 UTC,2025-04-28 19:33:28 UTC,NA,http://polling.reuters.com/#!response/TM1178Y17/type/smallest,NA,NA,NA,Congress,24,64.4,11.6
54080,241,Ipsos,,Reuters,NA,NA,NA,Ipsos,Probability Panel,NA,2018-09-06T00:00:00Z,2018-09-12T00:00:00Z,FALSE,NA,87312,628,lv,NA,lv,TRUE,2025-04-28 19:33:23 UTC,2025-04-28 19:33:23 UTC,NA,http://polling.reuters.com/#!response/TM1178Y17/type/smallest/filters/LIKELY:1,NA,NA,NA,Congress,22,75.2,2.8
54080,241,Ipsos,,Reuters,NA,NA,NA,Ipsos,Probability Panel,NA,2018-09-06T00:00:00Z,2018-09-12T00:00:00Z,FALSE,NA,87258,963,rv,NA,rv,TRUE,2025-04-28 19:33:28 UTC,2025-04-28 19:33:28 UTC,NA,http://polling.reuters.com/#!response/TM1178Y17/type/smallest/filters/PD1:1,NA,NA,NA,Congress,25.9,65.8,8.3
54079,241,Ipsos,,Reuters,NA,NA,NA,Ipsos,Probability Panel,NA,2018-09-07T00:00:00Z,2018-09-13T00:00:00Z,FALSE,NA,87311,626,lv,NA,lv,TRUE,2025-04-28 19:33:23 UTC,2025-04-28 19:33:23 UTC,NA,http://polling.reuters.com/#!response/TM1178Y17/type/smallest/filters/LIKELY:1,NA,NA,NA,Congress,21,76.5,2.5
54079,241,Ipsos,,Reuters,NA,NA,NA,Ipsos,Probability Panel,NA,2018-09-07T00:00:00Z,2018-09-13T00:00:00Z,FALSE,NA,87250,1138,a,NA,a,TRUE,2025-04-28 19:33:08 UTC,2025-04-28 19:33:08 UTC,NA,http://polling.reuters.com/#!response/TM1178Y17/type/smallest,NA,NA,NA,Congress,23.2,64.8,12
54079,241,Ipsos,,Reuters,NA,NA,NA,Ipsos,Probability Panel,NA,2018-09-07T00:00:00Z,2018-09-13T00:00:00Z,FALSE,NA,87257,963,rv,NA,rv,TRUE,2025-04-28 19:33:28 UTC,2025-04-28 19:33:28 UTC,NA,http://polling.reuters.com/#!response/TM1178Y17/type/smallest/filters/PD1:1,NA,NA,NA,Congress,25,66.9,8.1
54078,241,Ipsos,,Reuters,NA,NA,NA,Ipsos,Probability Panel,NA,2018-09-08T00:00:00Z,2018-09-14T00:00:00Z,FALSE,NA,87263,1130,a,NA,a,TRUE,2025-04-28 19:33:37 UTC,2025-04-28 19:33:37 UTC,NA,http://polling.reuters.com/#!response/TM1178Y17/type/smallest,NA,NA,NA,Congress,22.3,65.1,12.6
54078,241,Ipsos,,Reuters,NA,NA,NA,Ipsos,Probability Panel,NA,2018-09-08T00:00:00Z,2018-09-14T00:00:00Z,FALSE,NA,87310,625,lv,NA,lv,TRUE,2025-04-28 19:33:28 UTC,2025-04-28 19:33:28 UTC,NA,http://polling.reuters.com/#!response/TM1178Y17/type/smallest/filters/LIKELY:1,NA,NA,NA,Congress,20.3,76.8,2.9
54078,241,Ipsos,,Reuters,NA,NA,NA,Ipsos,Probability Panel,NA,2018-09-08T00:00:00Z,2018-09-14T00:00:00Z,FALSE,NA,87256,955,rv,NA,rv,TRUE,2025-04-28 19:33:28 UTC,2025-04-28 19:33:28 UTC,NA,http://polling.reuters.com/#!response/TM1178Y17/type/smallest/filters/PD1:1,NA,NA,NA,Congress,23.9,67.4,8.7
54077,241,Ipsos,,Reuters,NA,NA,NA,Ipsos,Probability Panel,NA,2018-09-09T00:00:00Z,2018-09-15T00:00:00Z,FALSE,NA,87262,1119,a,NA,a,TRUE,2025-04-28 19:33:33 UTC,2025-04-28 19:33:33 UTC,NA,http://polling.reuters.com/#!response/TM1178Y17/type/smallest,NA,NA,NA,Congress,22.8,63.5,13.7
54077,241,Ipsos,,Reuters,NA,NA,NA,Ipsos,Probability Panel,NA,2018-09-09T00:00:00Z,2018-09-15T00:00:00Z,FALSE,NA,87255,945,rv,NA,rv,TRUE,2025-04-28 19:33:41 UTC,2025-04-28 19:33:41 UTC,NA,http://polling.reuters.com/#!response/TM1178Y17/type/smallest/filters/PD1:1,NA,NA,NA,Congress,24,65.6,10.3
54077,241,Ipsos,,Reuters,NA,NA,NA,Ipsos,Probability Panel,NA,2018-09-09T00:00:00Z,2018-09-15T00:00:00Z,FALSE,NA,87309,621,lv,NA,lv,TRUE,2025-04-28 19:33:37 UTC,2025-04-28 19:33:37 UTC,NA,http://polling.reuters.com/#!response/TM1178Y17/type/smallest/filters/LIKELY:1,NA,NA,NA,Congress,22.2,74.7,3.1
54076,241,Ipsos,,Reuters,NA,NA,NA,Ipsos,Probability Panel,NA,2018-09-10T00:00:00Z,2018-09-16T00:00:00Z,FALSE,NA,87261,1088,a,NA,a,TRUE,2025-04-28 19:33:37 UTC,2025-04-28 19:33:37 UTC,NA,http://polling.reuters.com/#!response/TM1178Y17/type/smallest,NA,NA,NA,Congress,23.2,62.5,14.3
54076,241,Ipsos,,Reuters,NA,NA,NA,Ipsos,Probability Panel,NA,2018-09-10T00:00:00Z,2018-09-16T00:00:00Z,FALSE,NA,87308,627,lv,NA,lv,TRUE,2025-04-28 19:33:08 UTC,2025-04-28 19:33:08 UTC,NA,http://polling.reuters.com/#!response/TM1178Y17/type/smallest/filters/LIKELY:1,NA,NA,NA,Congress,21.9,74.2,3.9
54076,241,Ipsos,,Reuters,NA,NA,NA,Ipsos,Probability Panel,NA,2018-09-10T00:00:00Z,2018-09-16T00:00:00Z,FALSE,NA,87254,929,rv,NA,rv,TRUE,2025-04-28 19:33:37 UTC,2025-04-28 19:33:37 UTC,NA,http://polling.reuters.com/#!response/TM1178Y17/type/smallest/filters/PD1:1,NA,NA,NA,Congress,23.9,64.8,11.3
54075,241,Ipsos,,Reuters,NA,NA,NA,Ipsos,Probability Panel,NA,2018-09-11T00:00:00Z,2018-09-17T00:00:00Z,FALSE,NA,87253,949,rv,NA,rv,TRUE,2025-04-28 19:33:22 UTC,2025-04-28 19:33:22 UTC,NA,http://polling.reuters.com/#!response/TM1178Y17/type/smallest/filters/PD1:1,NA,NA,NA,Congress,23.5,65.2,11.3
54075,241,Ipsos,,Reuters,NA,NA,NA,Ipsos,Probability Panel,NA,2018-09-11T00:00:00Z,2018-09-17T00:00:00Z,FALSE,NA,87307,656,lv,NA,lv,TRUE,2025-04-28 19:33:37 UTC,2025-04-28 19:33:37 UTC,NA,http://polling.reuters.com/#!response/TM1178Y17/type/smallest/filters/LIKELY:1,NA,NA,NA,Congress,21.5,74,4.4
54075,241,Ipsos,,Reuters,NA,NA,NA,Ipsos,Probability Panel,NA,2018-09-11T00:00:00Z,2018-09-17T00:00:00Z,FALSE,NA,87260,1092,a,NA,a,TRUE,2025-04-28 19:33:22 UTC,2025-04-28 19:33:22 UTC,NA,http://polling.reuters.com/#!response/TM1178Y17/type/smallest,NA,NA,NA,Congress,22.8,62.3,14.9
54101,568,YouGov,,The Economist,NA,NA,NA,YouGov,Online Matched Sample,NA,2018-09-16T00:00:00Z,2018-09-18T00:00:00Z,FALSE,NA,87449,1500,a,NA,a,FALSE,2025-04-28 19:33:19 UTC,2025-04-28 19:33:19 UTC,NA,https://d25d2506sfb94s.cloudfront.net/cumulus_uploads/document/9th9okzc75/econTabReport.pdf,NA,NA,https://d25d2506sfb94s.cloudfront.net/cumulus_uploads/document/9th9okzc75/econTabReport.pdf,Congress,14,56,30
55867,241,Ipsos,,Reuters,NA,NA,NA,Ipsos,Probability Panel,NA,2018-09-12T00:00:00Z,2018-09-18T00:00:00Z,FALSE,NA,89483,1101,a,NA,a,TRUE,2025-04-28 19:33:41 UTC,2025-04-28 19:33:41 UTC,NA,http://polling.reuters.com/#!response/TM1178Y17/type/smallest,NA,NA,NA,Congress,23.1,62.1,14.9
54101,568,YouGov,,The Economist,NA,NA,NA,YouGov,Online Matched Sample,NA,2018-09-16T00:00:00Z,2018-09-18T00:00:00Z,FALSE,NA,87451,1189,rv,NA,rv,FALSE,2025-04-28 19:33:08 UTC,2025-04-28 19:33:08 UTC,NA,https://d25d2506sfb94s.cloudfront.net/cumulus_uploads/document/9th9okzc75/econTabReport.pdf,NA,NA,https://d25d2506sfb94s.cloudfront.net/cumulus_uploads/document/9th9okzc75/econTabReport.pdf,Congress,15,65,20
55867,241,Ipsos,,Reuters,NA,NA,NA,Ipsos,Probability Panel,NA,2018-09-12T00:00:00Z,2018-09-18T00:00:00Z,FALSE,NA,89476,951,rv,NA,rv,TRUE,2025-04-28 19:33:28 UTC,2025-04-28 19:33:28 UTC,NA,http://polling.reuters.com/#!response/TM1178Y17/type/smallest/filters/PD1:1,NA,NA,NA,Congress,24.1,65.1,10.8
55867,241,Ipsos,,Reuters,NA,NA,NA,Ipsos,Probability Panel,NA,2018-09-12T00:00:00Z,2018-09-18T00:00:00Z,FALSE,NA,89469,659,lv,NA,lv,TRUE,2025-04-28 19:33:28 UTC,2025-04-28 19:33:28 UTC,NA,http://polling.reuters.com/#!response/TM1178Y17/type/smallest/filters/LIKELY:1,NA,NA,NA,Congress,22.1,74,3.9
55866,241,Ipsos,,Reuters,NA,NA,NA,Ipsos,Probability Panel,NA,2018-09-13T00:00:00Z,2018-09-19T00:00:00Z,FALSE,NA,89468,638,lv,NA,lv,TRUE,2025-04-28 19:33:41 UTC,2025-04-28 19:33:41 UTC,NA,http://polling.reuters.com/#!response/TM1178Y17/type/smallest/filters/LIKELY:1,NA,NA,NA,Congress,22,74.2,3.8
55866,241,Ipsos,,Reuters,NA,NA,NA,Ipsos,Probability Panel,NA,2018-09-13T00:00:00Z,2018-09-19T00:00:00Z,FALSE,NA,89475,924,rv,NA,rv,TRUE,2025-04-28 19:33:41 UTC,2025-04-28 19:33:41 UTC,NA,http://polling.reuters.com/#!response/TM1178Y17/type/smallest/filters/PD1:1,NA,NA,NA,Congress,23.1,67,9.9
55866,241,Ipsos,,Reuters,NA,NA,NA,Ipsos,Probability Panel,NA,2018-09-13T00:00:00Z,2018-09-19T00:00:00Z,FALSE,NA,89482,1095,a,NA,a,TRUE,2025-04-28 19:33:41 UTC,2025-04-28 19:33:41 UTC,NA,http://polling.reuters.com/#!response/TM1178Y17/type/smallest,NA,NA,NA,Congress,22.8,63.1,14
55865,241,Ipsos,,Reuters,NA,NA,NA,Ipsos,Probability Panel,NA,2018-09-14T00:00:00Z,2018-09-20T00:00:00Z,FALSE,NA,89481,1092,a,NA,a,TRUE,2025-04-28 19:33:08 UTC,2025-04-28 19:33:08 UTC,NA,http://polling.reuters.com/#!response/TM1178Y17/type/smallest,NA,NA,NA,Congress,23.8,62.1,14.1
55865,241,Ipsos,,Reuters,NA,NA,NA,Ipsos,Probability Panel,NA,2018-09-14T00:00:00Z,2018-09-20T00:00:00Z,FALSE,NA,89467,625,lv,NA,lv,TRUE,2025-04-28 19:33:41 UTC,2025-04-28 19:33:41 UTC,NA,http://polling.reuters.com/#!response/TM1178Y17/type/smallest/filters/LIKELY:1,NA,NA,NA,Congress,21.6,74.6,3.9
55865,241,Ipsos,,Reuters,NA,NA,NA,Ipsos,Probability Panel,NA,2018-09-14T00:00:00Z,2018-09-20T00:00:00Z,FALSE,NA,89474,910,rv,NA,rv,TRUE,2025-04-28 19:33:41 UTC,2025-04-28 19:33:41 UTC,NA,http://polling.reuters.com/#!response/TM1178Y17/type/smallest/filters/PD1:1,NA,NA,NA,Congress,23.7,66.3,10
55864,241,Ipsos,,Reuters,NA,NA,NA,Ipsos,Probability Panel,NA,2018-09-15T00:00:00Z,2018-09-21T00:00:00Z,FALSE,NA,89473,897,rv,NA,rv,TRUE,2025-04-28 19:33:22 UTC,2025-04-28 19:33:22 UTC,NA,http://polling.reuters.com/#!response/TM1178Y17/type/smallest/filters/PD1:1,NA,NA,NA,Congress,24.2,66.6,9.2
55864,241,Ipsos,,Reuters,NA,NA,NA,Ipsos,Probability Panel,NA,2018-09-15T00:00:00Z,2018-09-21T00:00:00Z,FALSE,NA,89466,607,lv,NA,lv,TRUE,2025-04-28 19:33:08 UTC,2025-04-28 19:33:08 UTC,NA,http://polling.reuters.com/#!response/TM1178Y17/type/smallest/filters/LIKELY:1,NA,NA,NA,Congress,20.6,75.7,3.7
55864,241,Ipsos,,Reuters,NA,NA,NA,Ipsos,Probability Panel,NA,2018-09-15T00:00:00Z,2018-09-21T00:00:00Z,FALSE,NA,89480,1104,a,NA,a,TRUE,2025-04-28 19:33:08 UTC,2025-04-28 19:33:08 UTC,NA,http://polling.reuters.com/#!response/TM1178Y17/type/smallest,NA,NA,NA,Congress,24.3,62.1,13.5
55863,241,Ipsos,,Reuters,NA,NA,NA,Ipsos,Probability Panel,NA,2018-09-16T00:00:00Z,2018-09-22T00:00:00Z,FALSE,NA,89465,587,lv,NA,lv,TRUE,2025-04-28 19:33:08 UTC,2025-04-28 19:33:08 UTC,NA,http://polling.reuters.com/#!response/TM1178Y17/type/smallest/filters/LIKELY:1,NA,NA,NA,Congress,18.8,77.7,3.5
55863,241,Ipsos,,Reuters,NA,NA,NA,Ipsos,Probability Panel,NA,2018-09-16T00:00:00Z,2018-09-22T00:00:00Z,FALSE,NA,89479,1094,a,NA,a,TRUE,2025-04-28 19:33:37 UTC,2025-04-28 19:33:37 UTC,NA,http://polling.reuters.com/#!response/TM1178Y17/type/smallest,NA,NA,NA,Congress,24.4,62.5,13.1
55863,241,Ipsos,,Reuters,NA,NA,NA,Ipsos,Probability Panel,NA,2018-09-16T00:00:00Z,2018-09-22T00:00:00Z,FALSE,NA,89472,888,rv,NA,rv,TRUE,2025-04-28 19:33:22 UTC,2025-04-28 19:33:22 UTC,NA,http://polling.reuters.com/#!response/TM1178Y17/type/smallest/filters/PD1:1,NA,NA,NA,Congress,24.1,68.2,7.7
55862,241,Ipsos,,Reuters,NA,NA,NA,Ipsos,Probability Panel,NA,2018-09-17T00:00:00Z,2018-09-23T00:00:00Z,FALSE,NA,89471,898,rv,NA,rv,TRUE,2025-04-28 19:33:28 UTC,2025-04-28 19:33:28 UTC,NA,http://polling.reuters.com/#!response/TM1178Y17/type/smallest/filters/PD1:1,NA,NA,NA,Congress,23.5,69.1,7.4
55862,241,Ipsos,,Reuters,NA,NA,NA,Ipsos,Probability Panel,NA,2018-09-17T00:00:00Z,2018-09-23T00:00:00Z,FALSE,NA,89478,1107,a,NA,a,TRUE,2025-04-28 19:33:28 UTC,2025-04-28 19:33:28 UTC,NA,http://polling.reuters.com/#!response/TM1178Y17/type/smallest,NA,NA,NA,Congress,24,63,13
55862,241,Ipsos,,Reuters,NA,NA,NA,Ipsos,Probability Panel,NA,2018-09-17T00:00:00Z,2018-09-23T00:00:00Z,FALSE,NA,89464,578,lv,NA,lv,TRUE,2025-04-28 19:33:28 UTC,2025-04-28 19:33:28 UTC,NA,http://polling.reuters.com/#!response/TM1178Y17/type/smallest/filters/LIKELY:1,NA,NA,NA,Congress,17.8,78.7,3.5
55861,241,Ipsos,,Reuters,NA,NA,NA,Ipsos,Probability Panel,NA,2018-09-18T00:00:00Z,2018-09-24T00:00:00Z,FALSE,NA,89463,552,lv,NA,lv,TRUE,2025-04-28 19:33:37 UTC,2025-04-28 19:33:37 UTC,NA,http://polling.reuters.com/#!response/TM1178Y17/type/smallest/filters/LIKELY:1,NA,NA,NA,Congress,18.4,78.4,3.3
55861,241,Ipsos,,Reuters,NA,NA,NA,Ipsos,Probability Panel,NA,2018-09-18T00:00:00Z,2018-09-24T00:00:00Z,FALSE,NA,89470,879,rv,NA,rv,TRUE,2025-04-28 19:33:28 UTC,2025-04-28 19:33:28 UTC,NA,http://polling.reuters.com/#!response/TM1178Y17/type/smallest/filters/PD1:1,NA,NA,NA,Congress,23.3,69.6,7.1
55861,241,Ipsos,,Reuters,NA,NA,NA,Ipsos,Probability Panel,NA,2018-09-18T00:00:00Z,2018-09-24T00:00:00Z,FALSE,NA,89477,1104,a,NA,a,TRUE,2025-04-28 19:33:30 UTC,2025-04-28 19:33:30 UTC,NA,http://polling.reuters.com/#!response/TM1178Y17/type/smallest,NA,NA,NA,Congress,23,63.8,13.1
55971,241,Ipsos,,Reuters,NA,NA,NA,Ipsos,Probability Panel,NA,2018-09-19T00:00:00Z,2018-09-25T00:00:00Z,FALSE,NA,89696,578,lv,NA,lv,TRUE,2025-04-28 19:33:08 UTC,2025-04-28 19:33:08 UTC,NA,http://polling.reuters.com/#!response/TM1178Y17/type/smallest/filters/LIKELY:1,NA,NA,NA,Congress,20,76.1,3.9
55971,241,Ipsos,,Reuters,NA,NA,NA,Ipsos,Probability Panel,NA,2018-09-19T00:00:00Z,2018-09-25T00:00:00Z,FALSE,NA,89695,1183,a,NA,a,TRUE,2025-04-28 19:33:21 UTC,2025-04-28 19:33:21 UTC,NA,http://polling.reuters.com/#!response/TM1178Y17/type/smallest,NA,NA,NA,Congress,24.6,62.8,12.7
55971,241,Ipsos,,Reuters,NA,NA,NA,Ipsos,Probability Panel,NA,2018-09-19T00:00:00Z,2018-09-25T00:00:00Z,FALSE,NA,89694,940,rv,NA,rv,TRUE,2025-04-28 19:33:41 UTC,2025-04-28 19:33:41 UTC,NA,http://polling.reuters.com/#!response/TM1178Y17/type/smallest/filters/PD1:1,NA,NA,NA,Congress,24.8,68.1,7.1
55881,568,YouGov,,The Economist,NA,NA,NA,YouGov,Online Matched Sample,NA,2018-09-23T00:00:00Z,2018-09-25T00:00:00Z,FALSE,NA,89540,1491,a,NA,a,FALSE,2025-04-28 19:33:41 UTC,2025-04-28 19:33:41 UTC,NA,https://d25d2506sfb94s.cloudfront.net/cumulus_uploads/document/m6ng12ro4y/econTabReport.pdf,NA,NA,https://d25d2506sfb94s.cloudfront.net/cumulus_uploads/document/m6ng12ro4y/econTabReport.pdf,Congress,11,55,34
55881,568,YouGov,,The Economist,NA,NA,NA,YouGov,Online Matched Sample,NA,2018-09-23T00:00:00Z,2018-09-25T00:00:00Z,FALSE,NA,89541,1231,rv,NA,rv,FALSE,2025-04-28 19:33:19 UTC,2025-04-28 19:33:19 UTC,NA,https://d25d2506sfb94s.cloudfront.net/cumulus_uploads/document/m6ng12ro4y/econTabReport.pdf,NA,NA,https://d25d2506sfb94s.cloudfront.net/cumulus_uploads/document/m6ng12ro4y/econTabReport.pdf,Congress,12,66,22
55996,241,Ipsos,,Reuters,NA,NA,NA,Ipsos,Probability Panel,NA,2018-09-20T00:00:00Z,2018-09-26T00:00:00Z,FALSE,NA,89779,1168,rv,NA,rv,TRUE,2025-04-28 19:33:28 UTC,2025-04-28 19:33:28 UTC,NA,http://polling.reuters.com/#!response/TM1178Y17/type/smallest/filters/PD1:1,NA,NA,NA,Congress,26.9,65.3,7.7
55996,241,Ipsos,,Reuters,NA,NA,NA,Ipsos,Probability Panel,NA,2018-09-20T00:00:00Z,2018-09-26T00:00:00Z,FALSE,NA,89785,1470,a,NA,a,TRUE,2025-04-28 19:33:28 UTC,2025-04-28 19:33:28 UTC,NA,http://polling.reuters.com/#!response/TM1178Y17/type/smallest,NA,NA,NA,Congress,25.5,60.9,13.7
55996,241,Ipsos,,Reuters,NA,NA,NA,Ipsos,Probability Panel,NA,2018-09-20T00:00:00Z,2018-09-26T00:00:00Z,FALSE,NA,89791,691,lv,NA,lv,TRUE,2025-04-28 19:33:28 UTC,2025-04-28 19:33:28 UTC,NA,http://polling.reuters.com/#!response/TM1178Y17/type/smallest/filters/LIKELY:1,NA,NA,NA,Congress,21.4,74.1,4.5
55995,241,Ipsos,,Reuters,NA,NA,NA,Ipsos,Probability Panel,NA,2018-09-21T00:00:00Z,2018-09-27T00:00:00Z,FALSE,NA,89784,1481,a,NA,a,TRUE,2025-04-28 19:33:37 UTC,2025-04-28 19:33:37 UTC,NA,http://polling.reuters.com/#!response/TM1178Y17/type/smallest,NA,NA,NA,Congress,25.3,61.3,13.4
55995,241,Ipsos,,Reuters,NA,NA,NA,Ipsos,Probability Panel,NA,2018-09-21T00:00:00Z,2018-09-27T00:00:00Z,FALSE,NA,89778,1184,rv,NA,rv,TRUE,2025-04-28 19:33:37 UTC,2025-04-28 19:33:37 UTC,NA,http://polling.reuters.com/#!response/TM1178Y17/type/smallest/filters/PD1:1,NA,NA,NA,Congress,27.3,65.4,7.3
55995,241,Ipsos,,Reuters,NA,NA,NA,Ipsos,Probability Panel,NA,2018-09-21T00:00:00Z,2018-09-27T00:00:00Z,FALSE,NA,89790,714,lv,NA,lv,TRUE,2025-04-28 19:33:30 UTC,2025-04-28 19:33:30 UTC,NA,http://polling.reuters.com/#!response/TM1178Y17/type/smallest/filters/LIKELY:1,NA,NA,NA,Congress,22.4,72.9,4.8
55994,241,Ipsos,,Reuters,NA,NA,NA,Ipsos,Probability Panel,NA,2018-09-22T00:00:00Z,2018-09-28T00:00:00Z,FALSE,NA,89789,815,lv,NA,lv,TRUE,2025-04-28 19:33:34 UTC,2025-04-28 19:33:34 UTC,NA,http://polling.reuters.com/#!response/TM1178Y17/type/smallest/filters/LIKELY:1,NA,NA,NA,Congress,22.5,73.1,4.5
55994,241,Ipsos,,Reuters,NA,NA,NA,Ipsos,Probability Panel,NA,2018-09-22T00:00:00Z,2018-09-28T00:00:00Z,FALSE,NA,89783,1622,a,NA,a,TRUE,2025-04-28 19:33:34 UTC,2025-04-28 19:33:34 UTC,NA,http://polling.reuters.com/#!response/TM1178Y17/type/smallest,NA,NA,NA,Congress,25,61.8,13.2
55994,241,Ipsos,,Reuters,NA,NA,NA,Ipsos,Probability Panel,NA,2018-09-22T00:00:00Z,2018-09-28T00:00:00Z,FALSE,NA,89777,1313,rv,NA,rv,TRUE,2025-04-28 19:33:35 UTC,2025-04-28 19:33:35 UTC,NA,http://polling.reuters.com/#!response/TM1178Y17/type/smallest/filters/PD1:1,NA,NA,NA,Congress,26.6,66.1,7.2
55993,241,Ipsos,,Reuters,NA,NA,NA,Ipsos,Probability Panel,NA,2018-09-23T00:00:00Z,2018-09-29T00:00:00Z,FALSE,NA,89776,1559,rv,NA,rv,TRUE,2025-04-28 19:33:08 UTC,2025-04-28 19:33:08 UTC,NA,http://polling.reuters.com/#!response/TM1178Y17/type/smallest/filters/PD1:1,NA,NA,NA,Congress,26.1,66.6,7.3
55993,241,Ipsos,,Reuters,NA,NA,NA,Ipsos,Probability Panel,NA,2018-09-23T00:00:00Z,2018-09-29T00:00:00Z,FALSE,NA,89788,1008,lv,NA,lv,TRUE,2025-04-28 19:33:21 UTC,2025-04-28 19:33:21 UTC,NA,http://polling.reuters.com/#!response/TM1178Y17/type/smallest/filters/LIKELY:1,NA,NA,NA,Congress,23.1,72.9,4
55993,241,Ipsos,,Reuters,NA,NA,NA,Ipsos,Probability Panel,NA,2018-09-23T00:00:00Z,2018-09-29T00:00:00Z,FALSE,NA,89782,1911,a,NA,a,TRUE,2025-04-28 19:33:16 UTC,2025-04-28 19:33:16 UTC,NA,http://polling.reuters.com/#!response/TM1178Y17/type/smallest,NA,NA,NA,Congress,24.5,62.9,12.6
55992,241,Ipsos,,Reuters,NA,NA,NA,Ipsos,Probability Panel,NA,2018-09-24T00:00:00Z,2018-09-30T00:00:00Z,FALSE,NA,89781,2013,a,NA,a,TRUE,2025-04-28 19:33:21 UTC,2025-04-28 19:33:21 UTC,NA,http://polling.reuters.com/#!response/TM1178Y17/type/smallest,NA,NA,NA,Congress,24.5,62.6,12.9
55992,241,Ipsos,,Reuters,NA,NA,NA,Ipsos,Probability Panel,NA,2018-09-24T00:00:00Z,2018-09-30T00:00:00Z,FALSE,NA,89787,1071,lv,NA,lv,TRUE,2025-04-28 19:33:21 UTC,2025-04-28 19:33:21 UTC,NA,http://polling.reuters.com/#!response/TM1178Y17/type/smallest/filters/LIKELY:1,NA,NA,NA,Congress,23.3,72.7,4.1
55992,241,Ipsos,,Reuters,NA,NA,NA,Ipsos,Probability Panel,NA,2018-09-24T00:00:00Z,2018-09-30T00:00:00Z,FALSE,NA,89775,1636,rv,NA,rv,TRUE,2025-04-28 19:33:08 UTC,2025-04-28 19:33:08 UTC,NA,http://polling.reuters.com/#!response/TM1178Y17/type/smallest/filters/PD1:1,NA,NA,NA,Congress,26,66.6,7.4
55991,241,Ipsos,,Reuters,NA,NA,NA,Ipsos,Probability Panel,NA,2018-09-25T00:00:00Z,2018-10-01T00:00:00Z,FALSE,NA,89780,2025,a,NA,a,TRUE,2025-04-28 19:33:08 UTC,2025-04-28 19:33:08 UTC,NA,http://polling.reuters.com/#!response/TM1178Y17/type/smallest,NA,NA,NA,Congress,24.9,62.1,13
55991,241,Ipsos,,Reuters,NA,NA,NA,Ipsos,Probability Panel,NA,2018-09-25T00:00:00Z,2018-10-01T00:00:00Z,FALSE,NA,89786,1098,lv,NA,lv,TRUE,2025-04-28 19:33:41 UTC,2025-04-28 19:33:41 UTC,NA,http://polling.reuters.com/#!response/TM1178Y17/type/smallest/filters/LIKELY:1,NA,NA,NA,Congress,23.6,72.6,3.9
55991,241,Ipsos,,Reuters,NA,NA,NA,Ipsos,Probability Panel,NA,2018-09-25T00:00:00Z,2018-10-01T00:00:00Z,FALSE,NA,89774,1658,rv,NA,rv,TRUE,2025-04-28 19:33:41 UTC,2025-04-28 19:33:41 UTC,NA,http://polling.reuters.com/#!response/TM1178Y17/type/smallest/filters/PD1:1,NA,NA,NA,Congress,26.3,66.1,7.7
56015,568,YouGov,,The Economist,NA,NA,NA,YouGov,Online Matched Sample,NA,2018-09-30T00:00:00Z,2018-10-02T00:00:00Z,FALSE,NA,89824,1224,rv,NA,rv,FALSE,2025-04-28 19:33:19 UTC,2025-04-28 19:33:19 UTC,NA,https://d25d2506sfb94s.cloudfront.net/cumulus_uploads/document/sodq3s3gan/econTabReport.pdf,NA,NA,https://d25d2506sfb94s.cloudfront.net/cumulus_uploads/document/sodq3s3gan/econTabReport.pdf,Congress,12,68,20
56092,241,Ipsos,,Reuters,NA,NA,NA,Ipsos,Probability Panel,NA,2018-09-26T00:00:00Z,2018-10-02T00:00:00Z,FALSE,NA,90039,1651,a,NA,a,TRUE,2025-04-28 19:33:08 UTC,2025-04-28 19:33:08 UTC,NA,http://polling.reuters.com/#!response/TM1178Y17/type/smallest,NA,NA,NA,Congress,23.1,63,13.9
56092,241,Ipsos,,Reuters,NA,NA,NA,Ipsos,Probability Panel,NA,2018-09-26T00:00:00Z,2018-10-02T00:00:00Z,FALSE,NA,89963,1291,rv,NA,rv,TRUE,2025-04-28 19:33:28 UTC,2025-04-28 19:33:28 UTC,NA,http://polling.reuters.com/#!response/TM1178Y17/type/smallest/filters/PD1:1,NA,NA,NA,Congress,24,67.8,8.3
56015,568,YouGov,,The Economist,NA,NA,NA,YouGov,Online Matched Sample,NA,2018-09-30T00:00:00Z,2018-10-02T00:00:00Z,FALSE,NA,89823,1496,a,NA,a,FALSE,2025-04-28 19:33:19 UTC,2025-04-28 19:33:19 UTC,NA,https://d25d2506sfb94s.cloudfront.net/cumulus_uploads/document/sodq3s3gan/econTabReport.pdf,NA,NA,https://d25d2506sfb94s.cloudfront.net/cumulus_uploads/document/sodq3s3gan/econTabReport.pdf,Congress,12,57,30
56092,241,Ipsos,,Reuters,NA,NA,NA,Ipsos,Probability Panel,NA,2018-09-26T00:00:00Z,2018-10-02T00:00:00Z,FALSE,NA,90038,934,lv,NA,lv,TRUE,2025-04-28 19:33:30 UTC,2025-04-28 19:33:30 UTC,NA,http://polling.reuters.com/#!response/TM1178Y17/type/smallest/filters/LIKELY:1,NA,NA,NA,Congress,22.2,74.2,3.6
56112,241,Ipsos,,Reuters,NA,NA,NA,Ipsos,Probability Panel,NA,2018-09-27T00:00:00Z,2018-10-03T00:00:00Z,FALSE,NA,90057,1691,a,NA,a,TRUE,2025-04-28 19:33:08 UTC,2025-04-28 19:33:08 UTC,NA,http://polling.reuters.com/#!response/TM1178Y17/type/smallest,NA,NA,NA,Congress,22.5,63.1,14.4
56112,241,Ipsos,,Reuters,NA,NA,NA,Ipsos,Probability Panel,NA,2018-09-27T00:00:00Z,2018-10-03T00:00:00Z,FALSE,NA,90051,1368,rv,NA,rv,TRUE,2025-04-28 19:33:21 UTC,2025-04-28 19:33:21 UTC,NA,http://polling.reuters.com/#!response/TM1178Y17/type/smallest/filters/PD1:1,NA,NA,NA,Congress,23.6,68.6,7.7
56112,241,Ipsos,,Reuters,NA,NA,NA,Ipsos,Probability Panel,NA,2018-09-27T00:00:00Z,2018-10-03T00:00:00Z,FALSE,NA,90045,936,lv,NA,lv,TRUE,2025-04-28 19:33:21 UTC,2025-04-28 19:33:21 UTC,NA,http://polling.reuters.com/#!response/TM1178Y17/type/smallest/filters/LIKELY:1,NA,NA,NA,Congress,22.4,74.6,3
56111,241,Ipsos,,Reuters,NA,NA,NA,Ipsos,Probability Panel,NA,2018-09-28T00:00:00Z,2018-10-04T00:00:00Z,FALSE,NA,90050,1362,rv,NA,rv,TRUE,2025-04-28 19:33:37 UTC,2025-04-28 19:33:37 UTC,NA,http://polling.reuters.com/#!response/TM1178Y17/type/smallest/filters/PD1:1,NA,NA,NA,Congress,22.7,69.1,8.3
56111,241,Ipsos,,Reuters,NA,NA,NA,Ipsos,Probability Panel,NA,2018-09-28T00:00:00Z,2018-10-04T00:00:00Z,FALSE,NA,90056,1686,a,NA,a,TRUE,2025-04-28 19:33:37 UTC,2025-04-28 19:33:37 UTC,NA,http://polling.reuters.com/#!response/TM1178Y17/type/smallest,NA,NA,NA,Congress,22,63.2,14.9
56111,241,Ipsos,,Reuters,NA,NA,NA,Ipsos,Probability Panel,NA,2018-09-28T00:00:00Z,2018-10-04T00:00:00Z,FALSE,NA,90044,914,lv,NA,lv,TRUE,2025-04-28 19:33:28 UTC,2025-04-28 19:33:28 UTC,NA,http://polling.reuters.com/#!response/TM1178Y17/type/smallest/filters/LIKELY:1,NA,NA,NA,Congress,21.2,75.9,2.9
56110,241,Ipsos,,Reuters,NA,NA,NA,Ipsos,Probability Panel,NA,2018-09-29T00:00:00Z,2018-10-05T00:00:00Z,FALSE,NA,90043,984,lv,NA,lv,TRUE,2025-04-28 19:33:28 UTC,2025-04-28 19:33:28 UTC,NA,http://polling.reuters.com/#!response/TM1178Y17/type/smallest/filters/LIKELY:1,NA,NA,NA,Congress,22,74.8,3.3
56110,241,Ipsos,,Reuters,NA,NA,NA,Ipsos,Probability Panel,NA,2018-09-29T00:00:00Z,2018-10-05T00:00:00Z,FALSE,NA,90055,1766,a,NA,a,TRUE,2025-04-28 19:33:28 UTC,2025-04-28 19:33:28 UTC,NA,http://polling.reuters.com/#!response/TM1178Y17/type/smallest,NA,NA,NA,Congress,22,63,15
56110,241,Ipsos,,Reuters,NA,NA,NA,Ipsos,Probability Panel,NA,2018-09-29T00:00:00Z,2018-10-05T00:00:00Z,FALSE,NA,90049,1437,rv,NA,rv,TRUE,2025-04-28 19:33:28 UTC,2025-04-28 19:33:28 UTC,NA,http://polling.reuters.com/#!response/TM1178Y17/type/smallest/filters/PD1:1,NA,NA,NA,Congress,23.7,67.8,8.4
56109,241,Ipsos,,Reuters,NA,NA,NA,Ipsos,Probability Panel,NA,2018-09-30T00:00:00Z,2018-10-06T00:00:00Z,FALSE,NA,90054,1811,a,NA,a,TRUE,2025-04-28 19:33:28 UTC,2025-04-28 19:33:28 UTC,NA,http://polling.reuters.com/#!response/TM1178Y17/type/smallest,NA,NA,NA,Congress,22.5,62.4,15.1
56109,241,Ipsos,,Reuters,NA,NA,NA,Ipsos,Probability Panel,NA,2018-09-30T00:00:00Z,2018-10-06T00:00:00Z,FALSE,NA,90048,1475,rv,NA,rv,TRUE,2025-04-28 19:33:28 UTC,2025-04-28 19:33:28 UTC,NA,http://polling.reuters.com/#!response/TM1178Y17/type/smallest/filters/PD1:1,NA,NA,NA,Congress,24.5,67,8.5
56109,241,Ipsos,,Reuters,NA,NA,NA,Ipsos,Probability Panel,NA,2018-09-30T00:00:00Z,2018-10-06T00:00:00Z,FALSE,NA,90042,1008,lv,NA,lv,TRUE,2025-04-28 19:33:28 UTC,2025-04-28 19:33:28 UTC,NA,http://polling.reuters.com/#!response/TM1178Y17/type/smallest/filters/LIKELY:1,NA,NA,NA,Congress,23.1,73.5,3.4
56108,241,Ipsos,,Reuters,NA,NA,NA,Ipsos,Probability Panel,NA,2018-10-01T00:00:00Z,2018-10-07T00:00:00Z,FALSE,NA,90053,1865,a,NA,a,TRUE,2025-04-28 19:33:37 UTC,2025-04-28 19:33:37 UTC,NA,http://polling.reuters.com/#!response/TM1178Y17/type/smallest,NA,NA,NA,Congress,23,63.2,13.7
56108,241,Ipsos,,Reuters,NA,NA,NA,Ipsos,Probability Panel,NA,2018-10-01T00:00:00Z,2018-10-07T00:00:00Z,FALSE,NA,90041,1018,lv,NA,lv,TRUE,2025-04-28 19:33:08 UTC,2025-04-28 19:33:08 UTC,NA,http://polling.reuters.com/#!response/TM1178Y17/type/smallest/filters/LIKELY:1,NA,NA,NA,Congress,24,73.2,2.8
56108,241,Ipsos,,Reuters,NA,NA,NA,Ipsos,Probability Panel,NA,2018-10-01T00:00:00Z,2018-10-07T00:00:00Z,FALSE,NA,90047,1512,rv,NA,rv,TRUE,2025-04-28 19:33:21 UTC,2025-04-28 19:33:21 UTC,NA,http://polling.reuters.com/#!response/TM1178Y17/type/smallest/filters/PD1:1,NA,NA,NA,Congress,25,67.3,7.7
56087,1866,CNN/SSRS,,NA,NA,NA,NA,CNN/SSRS,Live Phone,NA,2018-10-04T00:00:00Z,2018-10-07T00:00:00Z,FALSE,NA,89980,1009,a,NA,a,FALSE,2025-04-28 19:33:19 UTC,2025-04-28 19:33:19 UTC,NA,http://cdn.cnn.com/cnn/2018/images/10/09/rel9b.-.2018.midterms.pdf,NA,NA,http://cdn.cnn.com/cnn/2018/images/10/09/rel9b.-.2018.midterms.pdf,Congress,17,74,9
56087,1866,CNN/SSRS,,NA,NA,NA,NA,CNN/SSRS,Live Phone,NA,2018-10-04T00:00:00Z,2018-10-07T00:00:00Z,FALSE,NA,89981,920,rv,NA,rv,FALSE,2025-04-28 19:33:30 UTC,2025-04-28 19:33:30 UTC,NA,http://cdn.cnn.com/cnn/2018/images/10/09/rel9b.-.2018.midterms.pdf,NA,NA,http://cdn.cnn.com/cnn/2018/images/10/09/rel9b.-.2018.midterms.pdf,Congress,17,75,7
56107,241,Ipsos,,Reuters,NA,NA,NA,Ipsos,Probability Panel,NA,2018-10-02T00:00:00Z,2018-10-08T00:00:00Z,FALSE,NA,90052,1858,a,NA,a,TRUE,2025-04-28 19:33:28 UTC,2025-04-28 19:33:28 UTC,NA,http://polling.reuters.com/#!response/TM1178Y17/type/smallest,NA,NA,NA,Congress,23,63.3,13.7
56107,241,Ipsos,,Reuters,NA,NA,NA,Ipsos,Probability Panel,NA,2018-10-02T00:00:00Z,2018-10-08T00:00:00Z,FALSE,NA,90040,1008,lv,NA,lv,TRUE,2025-04-28 19:33:08 UTC,2025-04-28 19:33:08 UTC,NA,http://polling.reuters.com/#!response/TM1178Y17/type/smallest/filters/LIKELY:1,NA,NA,NA,Congress,23.8,72.9,3.3
56107,241,Ipsos,,Reuters,NA,NA,NA,Ipsos,Probability Panel,NA,2018-10-02T00:00:00Z,2018-10-08T00:00:00Z,FALSE,NA,90046,1495,rv,NA,rv,TRUE,2025-04-28 19:33:28 UTC,2025-04-28 19:33:28 UTC,NA,http://polling.reuters.com/#!response/TM1178Y17/type/smallest/filters/PD1:1,NA,NA,NA,Congress,25.1,67.3,7.6
56234,241,Ipsos,,Reuters,NA,NA,NA,Ipsos,Probability Panel,NA,2018-10-03T00:00:00Z,2018-10-09T00:00:00Z,FALSE,NA,90314,963,lv,NA,lv,TRUE,2025-04-28 19:33:30 UTC,2025-04-28 19:33:30 UTC,NA,http://polling.reuters.com/#!response/TM1178Y17/type/smallest/filters/LIKELY:1,NA,NA,NA,Congress,24,72.8,3.2
56234,241,Ipsos,,Reuters,NA,NA,NA,Ipsos,Probability Panel,NA,2018-10-03T00:00:00Z,2018-10-09T00:00:00Z,FALSE,NA,90316,1770,a,NA,a,TRUE,2025-04-28 19:33:21 UTC,2025-04-28 19:33:21 UTC,NA,http://polling.reuters.com/#!response/TM1178Y17/type/smallest,NA,NA,NA,Congress,22.9,63.4,13.7
56234,241,Ipsos,,Reuters,NA,NA,NA,Ipsos,Probability Panel,NA,2018-10-03T00:00:00Z,2018-10-09T00:00:00Z,FALSE,NA,90315,1425,rv,NA,rv,TRUE,2025-04-28 19:33:30 UTC,2025-04-28 19:33:30 UTC,NA,http://polling.reuters.com/#!response/TM1178Y17/type/smallest/filters/PD1:1,NA,NA,NA,Congress,25,67.5,7.5
56140,568,YouGov,,The Economist,NA,NA,NA,YouGov,Online Matched Sample,NA,2018-10-07T00:00:00Z,2018-10-09T00:00:00Z,FALSE,NA,90117,1159,rv,NA,rv,FALSE,2025-04-28 19:33:08 UTC,2025-04-28 19:33:08 UTC,NA,https://d25d2506sfb94s.cloudfront.net/cumulus_uploads/document/cmlqh7mlw7/econTabReport.pdf,NA,NA,https://d25d2506sfb94s.cloudfront.net/cumulus_uploads/document/cmlqh7mlw7/econTabReport.pdf,Congress,15,67,18
56140,568,YouGov,,The Economist,NA,NA,NA,YouGov,Online Matched Sample,NA,2018-10-07T00:00:00Z,2018-10-09T00:00:00Z,FALSE,NA,90116,1489,a,NA,a,FALSE,2025-04-28 19:33:41 UTC,2025-04-28 19:33:41 UTC,NA,https://d25d2506sfb94s.cloudfront.net/cumulus_uploads/document/cmlqh7mlw7/econTabReport.pdf,NA,NA,https://d25d2506sfb94s.cloudfront.net/cumulus_uploads/document/cmlqh7mlw7/econTabReport.pdf,Congress,15,57,29
56262,241,Ipsos,,Reuters,NA,NA,NA,Ipsos,Probability Panel,NA,2018-10-04T00:00:00Z,2018-10-10T00:00:00Z,FALSE,NA,90397,1826,a,NA,a,TRUE,2025-04-28 19:33:19 UTC,2025-04-28 19:33:19 UTC,NA,http://polling.reuters.com/#!response/TM1178Y17/type/smallest,NA,NA,NA,Congress,23.4,64,12.6
56785,169,Gallup,,NA,NA,NA,NA,Gallup,Live Phone,NA,2018-10-01T00:00:00Z,2018-10-10T00:00:00Z,FALSE,NA,91502,1019,a,NA,a,FALSE,2025-04-28 19:33:19 UTC,2025-04-28 19:33:19 UTC,NA,https://news.gallup.com/poll/243734/snapshot-congress-approval-low-heading-midterms.aspx,NA,NA,NA,Congress,21,73,6
56262,241,Ipsos,,Reuters,NA,NA,NA,Ipsos,Probability Panel,NA,2018-10-04T00:00:00Z,2018-10-10T00:00:00Z,FALSE,NA,90391,1511,rv,NA,rv,TRUE,2025-04-28 19:33:30 UTC,2025-04-28 19:33:30 UTC,NA,http://polling.reuters.com/#!response/TM1178Y17/type/smallest/filters/PD1:1,NA,NA,NA,Congress,25.3,67.3,7.4
56262,241,Ipsos,,Reuters,NA,NA,NA,Ipsos,Probability Panel,NA,2018-10-04T00:00:00Z,2018-10-10T00:00:00Z,FALSE,NA,90403,1043,lv,NA,lv,TRUE,2025-04-28 19:33:30 UTC,2025-04-28 19:33:30 UTC,NA,http://polling.reuters.com/#!response/TM1178Y17/type/smallest/filters/LIKELY:1,NA,NA,NA,Congress,23.7,73,3.3
56261,241,Ipsos,,Reuters,NA,NA,NA,Ipsos,Probability Panel,NA,2018-10-05T00:00:00Z,2018-10-11T00:00:00Z,FALSE,NA,90408,1501,rv,NA,rv,TRUE,2025-04-28 19:33:31 UTC,2025-04-28 19:33:31 UTC,NA,http://polling.reuters.com/#!response/TM1178Y17/type/smallest/filters/PD1:1,NA,NA,NA,Congress,26.5,66.9,6.6
56261,241,Ipsos,,Reuters,NA,NA,NA,Ipsos,Probability Panel,NA,2018-10-05T00:00:00Z,2018-10-11T00:00:00Z,FALSE,NA,90396,1816,a,NA,a,TRUE,2025-04-28 19:33:08 UTC,2025-04-28 19:33:08 UTC,NA,http://polling.reuters.com/#!response/TM1178Y17/type/smallest,NA,NA,NA,Congress,24.5,63.6,11.9
56261,241,Ipsos,,Reuters,NA,NA,NA,Ipsos,Probability Panel,NA,2018-10-05T00:00:00Z,2018-10-11T00:00:00Z,FALSE,NA,90402,1052,lv,NA,lv,TRUE,2025-04-28 19:33:31 UTC,2025-04-28 19:33:31 UTC,NA,http://polling.reuters.com/#!response/TM1178Y17/type/smallest/filters/LIKELY:1,NA,NA,NA,Congress,25.1,72,2.9
56260,241,Ipsos,,Reuters,NA,NA,NA,Ipsos,Probability Panel,NA,2018-10-06T00:00:00Z,2018-10-12T00:00:00Z,FALSE,NA,90401,906,lv,NA,lv,TRUE,2025-04-28 19:33:08 UTC,2025-04-28 19:33:08 UTC,NA,http://polling.reuters.com/#!response/TM1178Y17/type/smallest/filters/LIKELY:1,NA,NA,NA,Congress,25.2,72.2,2.6
56260,241,Ipsos,,Reuters,NA,NA,NA,Ipsos,Probability Panel,NA,2018-10-06T00:00:00Z,2018-10-12T00:00:00Z,FALSE,NA,90395,1584,a,NA,a,TRUE,2025-04-28 19:33:31 UTC,2025-04-28 19:33:31 UTC,NA,http://polling.reuters.com/#!response/TM1178Y17/type/smallest,NA,NA,NA,Congress,24.6,64.6,10.7
56260,241,Ipsos,,Reuters,NA,NA,NA,Ipsos,Probability Panel,NA,2018-10-06T00:00:00Z,2018-10-12T00:00:00Z,FALSE,NA,90407,1310,rv,NA,rv,TRUE,2025-04-28 19:33:31 UTC,2025-04-28 19:33:31 UTC,NA,http://polling.reuters.com/#!response/TM1178Y17/type/smallest/filters/PD1:1,NA,NA,NA,Congress,26.2,68,5.8
56259,241,Ipsos,,Reuters,NA,NA,NA,Ipsos,Probability Panel,NA,2018-10-07T00:00:00Z,2018-10-13T00:00:00Z,FALSE,NA,90394,1261,a,NA,a,TRUE,2025-04-28 19:33:08 UTC,2025-04-28 19:33:08 UTC,NA,http://polling.reuters.com/#!response/TM1178Y17/type/smallest,NA,NA,NA,Congress,24.7,63.8,11.5
56259,241,Ipsos,,Reuters,NA,NA,NA,Ipsos,Probability Panel,NA,2018-10-07T00:00:00Z,2018-10-13T00:00:00Z,FALSE,NA,90406,1030,rv,NA,rv,TRUE,2025-04-28 19:33:08 UTC,2025-04-28 19:33:08 UTC,NA,http://polling.reuters.com/#!response/TM1178Y17/type/smallest/filters/PD1:1,NA,NA,NA,Congress,26.3,67.2,6.6
56259,241,Ipsos,,Reuters,NA,NA,NA,Ipsos,Probability Panel,NA,2018-10-07T00:00:00Z,2018-10-13T00:00:00Z,FALSE,NA,90400,698,lv,NA,lv,TRUE,2025-04-28 19:33:08 UTC,2025-04-28 19:33:08 UTC,NA,http://polling.reuters.com/#!response/TM1178Y17/type/smallest/filters/LIKELY:1,NA,NA,NA,Congress,23.6,72.8,3.6
56258,241,Ipsos,,Reuters,NA,NA,NA,Ipsos,Probability Panel,NA,2018-10-08T00:00:00Z,2018-10-14T00:00:00Z,FALSE,NA,90393,1117,a,NA,a,TRUE,2025-04-28 19:33:37 UTC,2025-04-28 19:33:37 UTC,NA,http://polling.reuters.com/#!response/TM1178Y17/type/smallest,NA,NA,NA,Congress,25.4,62.7,11.9
56258,241,Ipsos,,Reuters,NA,NA,NA,Ipsos,Probability Panel,NA,2018-10-08T00:00:00Z,2018-10-14T00:00:00Z,FALSE,NA,90399,620,lv,NA,lv,TRUE,2025-04-28 19:33:19 UTC,2025-04-28 19:33:19 UTC,NA,http://polling.reuters.com/#!response/TM1178Y17/type/smallest/filters/LIKELY:1,NA,NA,NA,Congress,24.7,71.1,4.3
56258,241,Ipsos,,Reuters,NA,NA,NA,Ipsos,Probability Panel,NA,2018-10-08T00:00:00Z,2018-10-14T00:00:00Z,FALSE,NA,90405,920,rv,NA,rv,TRUE,2025-04-28 19:33:37 UTC,2025-04-28 19:33:37 UTC,NA,http://polling.reuters.com/#!response/TM1178Y17/type/smallest/filters/PD1:1,NA,NA,NA,Congress,27.4,65.5,7.1
56257,241,Ipsos,,Reuters,NA,NA,NA,Ipsos,Probability Panel,NA,2018-10-09T00:00:00Z,2018-10-15T00:00:00Z,FALSE,NA,90398,614,lv,NA,lv,TRUE,2025-04-28 19:33:31 UTC,2025-04-28 19:33:31 UTC,NA,http://polling.reuters.com/#!response/TM1178Y17/type/smallest/filters/LIKELY:1,NA,NA,NA,Congress,25.1,71,3.9
56257,241,Ipsos,,Reuters,NA,NA,NA,Ipsos,Probability Panel,NA,2018-10-09T00:00:00Z,2018-10-15T00:00:00Z,FALSE,NA,90392,1111,a,NA,a,TRUE,2025-04-28 19:33:08 UTC,2025-04-28 19:33:08 UTC,NA,http://polling.reuters.com/#!response/TM1178Y17/type/smallest,NA,NA,NA,Congress,26.2,62.2,11.6
56257,241,Ipsos,,Reuters,NA,NA,NA,Ipsos,Probability Panel,NA,2018-10-09T00:00:00Z,2018-10-15T00:00:00Z,FALSE,NA,90404,918,rv,NA,rv,TRUE,2025-04-28 19:33:08 UTC,2025-04-28 19:33:08 UTC,NA,http://polling.reuters.com/#!response/TM1178Y17/type/smallest/filters/PD1:1,NA,NA,NA,Congress,28.3,64.8,7
56274,568,YouGov,,The Economist,NA,NA,NA,YouGov,Online Matched Sample,NA,2018-10-14T00:00:00Z,2018-10-16T00:00:00Z,FALSE,NA,90430,1273,rv,NA,rv,FALSE,2025-04-28 19:33:28 UTC,2025-04-28 19:33:28 UTC,NA,https://d25d2506sfb94s.cloudfront.net/cumulus_uploads/document/7dh1943i0z/econTabReport.pdf,NA,NA,https://d25d2506sfb94s.cloudfront.net/cumulus_uploads/document/7dh1943i0z/econTabReport.pdf,Congress,16,65,20
56408,241,Ipsos,,Reuters,NA,NA,NA,Ipsos,Probability Panel,NA,2018-10-10T00:00:00Z,2018-10-16T00:00:00Z,FALSE,NA,90673,1028,a,NA,a,TRUE,2025-04-28 19:33:29 UTC,2025-04-28 19:33:29 UTC,NA,http://polling.reuters.com/#!response/TM1178Y17/type/smallest,NA,NA,NA,Congress,26.9,62.4,10.7
56408,241,Ipsos,,Reuters,NA,NA,NA,Ipsos,Probability Panel,NA,2018-10-10T00:00:00Z,2018-10-16T00:00:00Z,FALSE,NA,90672,845,rv,NA,rv,TRUE,2025-04-28 19:33:30 UTC,2025-04-28 19:33:30 UTC,NA,http://polling.reuters.com/#!response/TM1178Y17/type/smallest/filters/PD1:1,NA,NA,NA,Congress,28.7,65,6.3
56408,241,Ipsos,,Reuters,NA,NA,NA,Ipsos,Probability Panel,NA,2018-10-10T00:00:00Z,2018-10-16T00:00:00Z,FALSE,NA,90671,566,lv,NA,lv,TRUE,2025-04-28 19:33:37 UTC,2025-04-28 19:33:37 UTC,NA,http://polling.reuters.com/#!response/TM1178Y17/type/smallest/filters/LIKELY:1,NA,NA,NA,Congress,25.5,70.6,3.9
56274,568,YouGov,,The Economist,NA,NA,NA,YouGov,Online Matched Sample,NA,2018-10-14T00:00:00Z,2018-10-16T00:00:00Z,FALSE,NA,90429,1500,a,NA,a,FALSE,2025-04-28 19:33:31 UTC,2025-04-28 19:33:31 UTC,NA,https://d25d2506sfb94s.cloudfront.net/cumulus_uploads/document/7dh1943i0z/econTabReport.pdf,NA,NA,https://d25d2506sfb94s.cloudfront.net/cumulus_uploads/document/7dh1943i0z/econTabReport.pdf,Congress,14,54,31
56284,1597,Beacon/Shaw,,Fox News,NA,NA,NA,Beacon Research/Shaw & Co. Research,Live Phone,NA,2018-10-13T00:00:00Z,2018-10-16T00:00:00Z,FALSE,NA,90449,1007,rv,NA,rv,FALSE,2025-04-28 19:33:31 UTC,2025-04-28 19:33:31 UTC,NA,https://www.foxnews.com/politics/fox-news-poll-results-10-17,NA,NA,NA,Congress,23,63,14
56284,1597,Beacon/Shaw,,Fox News,NA,NA,NA,Beacon Research/Shaw & Co. Research,Live Phone,NA,2018-10-13T00:00:00Z,2018-10-16T00:00:00Z,FALSE,NA,90450,841,lv,NA,lv,FALSE,2025-04-28 19:33:40 UTC,2025-04-28 19:33:40 UTC,NA,https://www.foxnews.com/politics/fox-news-poll-results-10-17,NA,NA,NA,Congress,22,66,11
56320,79,CBS News,,NA,NA,NA,NA,CBS News,Live Phone,NA,2018-10-14T00:00:00Z,2018-10-17T00:00:00Z,FALSE,NA,90528,1108,a,NA,a,FALSE,2025-04-28 19:33:19 UTC,2025-04-28 19:33:19 UTC,NA,https://www.cbsnews.com/news/americans-feel-positive-about-the-economy-but-worried-about-u-s-direction-cbs-news-poll/,NA,NA,NA,Congress,19,72,8
56320,79,CBS News,,NA,NA,NA,NA,CBS News,Live Phone,NA,2018-10-14T00:00:00Z,2018-10-17T00:00:00Z,FALSE,NA,90529,975,rv,NA,rv,FALSE,2025-04-28 19:33:37 UTC,2025-04-28 19:33:37 UTC,NA,https://www.cbsnews.com/news/americans-feel-positive-about-the-economy-but-worried-about-u-s-direction-cbs-news-poll/,NA,NA,NA,Congress,17,75,7
56434,241,Ipsos,,Reuters,NA,NA,NA,Ipsos,Probability Panel,NA,2018-10-11T00:00:00Z,2018-10-17T00:00:00Z,FALSE,NA,90754,1124,a,NA,a,TRUE,2025-04-28 19:33:21 UTC,2025-04-28 19:33:21 UTC,NA,http://polling.reuters.com/#!response/TM1178Y17/type/smallest,NA,NA,NA,Congress,28.2,62.5,9.4
56434,241,Ipsos,,Reuters,NA,NA,NA,Ipsos,Probability Panel,NA,2018-10-11T00:00:00Z,2018-10-17T00:00:00Z,FALSE,NA,90748,915,rv,NA,rv,TRUE,2025-04-28 19:33:08 UTC,2025-04-28 19:33:08 UTC,NA,http://polling.reuters.com/#!response/TM1178Y17/type/smallest/filters/PD1:1,NA,NA,NA,Congress,29.7,64.6,5.6
56434,241,Ipsos,,Reuters,NA,NA,NA,Ipsos,Probability Panel,NA,2018-10-11T00:00:00Z,2018-10-17T00:00:00Z,FALSE,NA,90742,599,lv,NA,lv,TRUE,2025-04-28 19:33:21 UTC,2025-04-28 19:33:21 UTC,NA,http://polling.reuters.com/#!response/TM1178Y17/type/smallest/filters/LIKELY:1,NA,NA,NA,Congress,27.1,69.4,3.5
56433,241,Ipsos,,Reuters,NA,NA,NA,Ipsos,Probability Panel,NA,2018-10-12T00:00:00Z,2018-10-18T00:00:00Z,FALSE,NA,90747,1048,rv,NA,rv,TRUE,2025-04-28 19:33:37 UTC,2025-04-28 19:33:37 UTC,NA,http://polling.reuters.com/#!response/TM1178Y17/type/smallest/filters/PD1:1,NA,NA,NA,Congress,28.4,66.1,5.6
56433,241,Ipsos,,Reuters,NA,NA,NA,Ipsos,Probability Panel,NA,2018-10-12T00:00:00Z,2018-10-18T00:00:00Z,FALSE,NA,90741,686,lv,NA,lv,TRUE,2025-04-28 19:33:37 UTC,2025-04-28 19:33:37 UTC,NA,http://polling.reuters.com/#!response/TM1178Y17/type/smallest/filters/LIKELY:1,NA,NA,NA,Congress,25.5,71.1,3.4
56433,241,Ipsos,,Reuters,NA,NA,NA,Ipsos,Probability Panel,NA,2018-10-12T00:00:00Z,2018-10-18T00:00:00Z,FALSE,NA,90753,1279,a,NA,a,TRUE,2025-04-28 19:33:37 UTC,2025-04-28 19:33:37 UTC,NA,http://polling.reuters.com/#!response/TM1178Y17/type/smallest,NA,NA,NA,Congress,26.6,63.2,10.2
56471,241,Ipsos,,The Cook Political Report,NA,NA,NA,Ipsos,Probability Panel,NA,2018-10-10T00:00:00Z,2018-10-19T00:00:00Z,FALSE,NA,90830,1301,rv,NA,rv,FALSE,2025-04-28 19:33:08 UTC,2025-04-28 19:33:08 UTC,NA,https://www.lsu.edu/manship/files/cook_manship_report_final.pdf,NA,NA,NA,Congress,20,68,13
56471,241,Ipsos,,The Cook Political Report,NA,NA,NA,Ipsos,Probability Panel,NA,2018-10-10T00:00:00Z,2018-10-19T00:00:00Z,FALSE,NA,90831,1486,a,NA,a,FALSE,2025-04-28 19:33:08 UTC,2025-04-28 19:33:08 UTC,NA,https://www.lsu.edu/manship/files/cook_manship_report_final.pdf,NA,NA,NA,Congress,19,67,15
56438,241,Ipsos,,Reuters,NA,NA,NA,Ipsos,Probability Panel,NA,2018-10-13T00:00:00Z,2018-10-19T00:00:00Z,FALSE,NA,90740,734,lv,NA,lv,TRUE,2025-04-28 19:33:31 UTC,2025-04-28 19:33:31 UTC,NA,http://polling.reuters.com/#!response/TM1178Y17/type/smallest/filters/LIKELY:1,NA,NA,NA,Congress,25.6,71,3.4
56438,241,Ipsos,,Reuters,NA,NA,NA,Ipsos,Probability Panel,NA,2018-10-13T00:00:00Z,2018-10-19T00:00:00Z,FALSE,NA,90746,1121,rv,NA,rv,TRUE,2025-04-28 19:33:08 UTC,2025-04-28 19:33:08 UTC,NA,http://polling.reuters.com/#!response/TM1178Y17/type/smallest/filters/PD1:1,NA,NA,NA,Congress,27.7,65.6,6.6
56438,241,Ipsos,,Reuters,NA,NA,NA,Ipsos,Probability Panel,NA,2018-10-13T00:00:00Z,2018-10-19T00:00:00Z,FALSE,NA,90752,1411,a,NA,a,TRUE,2025-04-28 19:33:08 UTC,2025-04-28 19:33:08 UTC,NA,http://polling.reuters.com/#!response/TM1178Y17/type/smallest,NA,NA,NA,Congress,25.5,61.8,12.7
56437,241,Ipsos,,Reuters,NA,NA,NA,Ipsos,Probability Panel,NA,2018-10-14T00:00:00Z,2018-10-20T00:00:00Z,FALSE,NA,90745,1206,rv,NA,rv,TRUE,2025-04-28 19:33:31 UTC,2025-04-28 19:33:31 UTC,NA,http://polling.reuters.com/#!response/TM1178Y17/type/smallest/filters/PD1:1,NA,NA,NA,Congress,27.1,66.5,6.4
56437,241,Ipsos,,Reuters,NA,NA,NA,Ipsos,Probability Panel,NA,2018-10-14T00:00:00Z,2018-10-20T00:00:00Z,FALSE,NA,90751,1501,a,NA,a,TRUE,2025-04-28 19:33:31 UTC,2025-04-28 19:33:31 UTC,NA,http://polling.reuters.com/#!response/TM1178Y17/type/smallest,NA,NA,NA,Congress,25.2,62.7,12.1
56437,241,Ipsos,,Reuters,NA,NA,NA,Ipsos,Probability Panel,NA,2018-10-14T00:00:00Z,2018-10-20T00:00:00Z,FALSE,NA,90739,813,lv,NA,lv,TRUE,2025-04-28 19:33:31 UTC,2025-04-28 19:33:31 UTC,NA,http://polling.reuters.com/#!response/TM1178Y17/type/smallest/filters/LIKELY:1,NA,NA,NA,Congress,25.9,70.7,3.4
72315,1639,Long Island University,,NA,NA,NA,NA,"Long Island University Steven S. Hornstein Center for Policy, Polling, and Analysis",NA,NA,2018-10-10T00:00:00Z,2018-10-20T00:00:00Z,FALSE,NA,135675,1034,a,NA,a,FALSE,2025-04-28 19:33:28 UTC,2025-04-28 19:33:28 UTC,NA,https://headlines.liu.edu/?p=2439,NA,NA,NA,Congress,13.54,55.22,31.24
56436,241,Ipsos,,Reuters,NA,NA,NA,Ipsos,Probability Panel,NA,2018-10-15T00:00:00Z,2018-10-21T00:00:00Z,FALSE,NA,90744,1418,rv,NA,rv,TRUE,2025-04-28 19:33:37 UTC,2025-04-28 19:33:37 UTC,NA,http://polling.reuters.com/#!response/TM1178Y17/type/smallest/filters/PD1:1,NA,NA,NA,Congress,27.4,66.5,6
56436,241,Ipsos,,Reuters,NA,NA,NA,Ipsos,Probability Panel,NA,2018-10-15T00:00:00Z,2018-10-21T00:00:00Z,FALSE,NA,90738,951,lv,NA,lv,TRUE,2025-04-28 19:33:21 UTC,2025-04-28 19:33:21 UTC,NA,http://polling.reuters.com/#!response/TM1178Y17/type/smallest/filters/LIKELY:1,NA,NA,NA,Congress,26.5,70.9,2.7
56436,241,Ipsos,,Reuters,NA,NA,NA,Ipsos,Probability Panel,NA,2018-10-15T00:00:00Z,2018-10-21T00:00:00Z,FALSE,NA,90750,1754,a,NA,a,TRUE,2025-04-28 19:33:37 UTC,2025-04-28 19:33:37 UTC,NA,http://polling.reuters.com/#!response/TM1178Y17/type/smallest,NA,NA,NA,Congress,25.4,62.5,12.1
56435,241,Ipsos,,Reuters,NA,NA,NA,Ipsos,Probability Panel,NA,2018-10-16T00:00:00Z,2018-10-22T00:00:00Z,FALSE,NA,90737,1065,lv,NA,lv,TRUE,2025-04-28 19:33:30 UTC,2025-04-28 19:33:30 UTC,NA,http://polling.reuters.com/#!response/TM1178Y17/type/smallest/filters/LIKELY:1,NA,NA,NA,Congress,26,70.9,3.1
56435,241,Ipsos,,Reuters,NA,NA,NA,Ipsos,Probability Panel,NA,2018-10-16T00:00:00Z,2018-10-22T00:00:00Z,FALSE,NA,90749,1933,a,NA,a,TRUE,2025-04-28 19:33:30 UTC,2025-04-28 19:33:30 UTC,NA,http://polling.reuters.com/#!response/TM1178Y17/type/smallest,NA,NA,NA,Congress,25,62.9,12.1
56435,241,Ipsos,,Reuters,NA,NA,NA,Ipsos,Probability Panel,NA,2018-10-16T00:00:00Z,2018-10-22T00:00:00Z,FALSE,NA,90743,1580,rv,NA,rv,TRUE,2025-04-28 19:33:30 UTC,2025-04-28 19:33:30 UTC,NA,http://polling.reuters.com/#!response/TM1178Y17/type/smallest/filters/PD1:1,NA,NA,NA,Congress,27.1,66.5,6.4
56484,241,Ipsos,,Reuters,NA,NA,NA,Ipsos,Probability Panel,NA,2018-10-17T00:00:00Z,2018-10-23T00:00:00Z,FALSE,NA,90945,1514,rv,NA,rv,TRUE,2025-04-28 19:33:31 UTC,2025-04-28 19:33:31 UTC,NA,http://polling.reuters.com/#!response/TM1178Y17/type/smallest/filters/PD1:1,NA,NA,NA,Congress,26.9,66.2,6.9
56484,241,Ipsos,,Reuters,NA,NA,NA,Ipsos,Probability Panel,NA,2018-10-17T00:00:00Z,2018-10-23T00:00:00Z,FALSE,NA,90946,1846,a,NA,a,TRUE,2025-04-28 19:33:31 UTC,2025-04-28 19:33:31 UTC,NA,http://polling.reuters.com/#!response/TM1178Y17/type/smallest,NA,NA,NA,Congress,24.9,62.6,12.5
56447,568,YouGov,,The Economist,NA,NA,NA,YouGov,Online Matched Sample,NA,2018-10-21T00:00:00Z,2018-10-23T00:00:00Z,FALSE,NA,90790,1233,rv,NA,rv,FALSE,2025-04-28 19:33:31 UTC,2025-04-28 19:33:31 UTC,NA,https://d25d2506sfb94s.cloudfront.net/cumulus_uploads/document/n2801y1hk9/econTabReport.pdf,NA,NA,https://d25d2506sfb94s.cloudfront.net/cumulus_uploads/document/n2801y1hk9/econTabReport.pdf,Congress,15,68,17
56447,568,YouGov,,The Economist,NA,NA,NA,YouGov,Online Matched Sample,NA,2018-10-21T00:00:00Z,2018-10-23T00:00:00Z,FALSE,NA,90789,1500,a,NA,a,FALSE,2025-04-28 19:33:41 UTC,2025-04-28 19:33:41 UTC,NA,https://d25d2506sfb94s.cloudfront.net/cumulus_uploads/document/n2801y1hk9/econTabReport.pdf,NA,NA,https://d25d2506sfb94s.cloudfront.net/cumulus_uploads/document/n2801y1hk9/econTabReport.pdf,Congress,14,58,28
56484,241,Ipsos,,Reuters,NA,NA,NA,Ipsos,Probability Panel,NA,2018-10-17T00:00:00Z,2018-10-23T00:00:00Z,FALSE,NA,90944,1018,lv,NA,lv,TRUE,2025-04-28 19:33:19 UTC,2025-04-28 19:33:19 UTC,NA,http://polling.reuters.com/#!response/TM1178Y17/type/smallest/filters/LIKELY:1,NA,NA,NA,Congress,25.8,71,3.2
56575,241,Ipsos,,Reuters,NA,NA,NA,Ipsos,Probability Panel,NA,2018-10-18T00:00:00Z,2018-10-24T00:00:00Z,FALSE,NA,91021,1579,rv,NA,rv,TRUE,2025-04-28 19:33:21 UTC,2025-04-28 19:33:21 UTC,NA,http://polling.reuters.com/#!response/TM1178Y17/type/smallest/filters/PD1:1,NA,NA,NA,Congress,27.4,65.4,7.2
56575,241,Ipsos,,Reuters,NA,NA,NA,Ipsos,Probability Panel,NA,2018-10-18T00:00:00Z,2018-10-24T00:00:00Z,FALSE,NA,91027,1923,a,NA,a,TRUE,2025-04-28 19:33:08 UTC,2025-04-28 19:33:08 UTC,NA,http://polling.reuters.com/#!response/TM1178Y17/type/smallest,NA,NA,NA,Congress,25.2,62.1,12.8
56575,241,Ipsos,,Reuters,NA,NA,NA,Ipsos,Probability Panel,NA,2018-10-18T00:00:00Z,2018-10-24T00:00:00Z,FALSE,NA,91016,1068,lv,NA,lv,TRUE,2025-04-28 19:33:21 UTC,2025-04-28 19:33:21 UTC,NA,http://polling.reuters.com/#!response/TM1178Y17/type/smallest/filters/LIKELY:1,NA,NA,NA,Congress,26,70.7,3.3
56574,241,Ipsos,,Reuters,NA,NA,NA,Ipsos,Probability Panel,NA,2018-10-19T00:00:00Z,2018-10-25T00:00:00Z,FALSE,NA,91020,1463,rv,NA,rv,TRUE,2025-04-28 19:33:41 UTC,2025-04-28 19:33:41 UTC,NA,http://polling.reuters.com/#!response/TM1178Y17/type/smallest/filters/PD1:1,NA,NA,NA,Congress,26.8,65.3,7.9
56786,568,YouGov,,The George Washington University,NA,NA,NA,YouGov,Online Matched Sample,NA,2018-10-17T00:00:00Z,2018-10-25T00:00:00Z,FALSE,NA,91508,2321,rv,NA,rv,FALSE,2025-04-28 19:33:08 UTC,2025-04-28 19:33:08 UTC,NA,https://smpa.gwu.edu/sites/g/files/zaxdzs2046/f/Toplines%20GW%20Politics%20Poll%20Wave%203%20NOVEMBER%203%202018%20-%20Final.pdf,NA,https://smpa.gwu.edu/sites/g/files/zaxdzs2046/f/Toplines%20GW%20Politics%20Poll%20Wave%203%20NOVEMBER%203%202018%20-%20Final.pdf,NA,Congress,22,71,8
56574,241,Ipsos,,Reuters,NA,NA,NA,Ipsos,Probability Panel,NA,2018-10-19T00:00:00Z,2018-10-25T00:00:00Z,FALSE,NA,91015,993,lv,NA,lv,TRUE,2025-04-28 19:33:08 UTC,2025-04-28 19:33:08 UTC,NA,http://polling.reuters.com/#!response/TM1178Y17/type/smallest/filters/LIKELY:1,NA,NA,NA,Congress,25.7,70.6,3.6
56574,241,Ipsos,,Reuters,NA,NA,NA,Ipsos,Probability Panel,NA,2018-10-19T00:00:00Z,2018-10-25T00:00:00Z,FALSE,NA,91026,1786,a,NA,a,TRUE,2025-04-28 19:33:08 UTC,2025-04-28 19:33:08 UTC,NA,http://polling.reuters.com/#!response/TM1178Y17/type/smallest,NA,NA,NA,Congress,24.9,62.4,12.7
56573,241,Ipsos,,Reuters,NA,NA,NA,Ipsos,Probability Panel,NA,2018-10-20T00:00:00Z,2018-10-26T00:00:00Z,FALSE,NA,91014,938,lv,NA,lv,TRUE,2025-04-28 19:33:34 UTC,2025-04-28 19:33:34 UTC,NA,http://polling.reuters.com/#!response/TM1178Y17/type/smallest/filters/LIKELY:1,NA,NA,NA,Congress,26.2,70,3.7
56573,241,Ipsos,,Reuters,NA,NA,NA,Ipsos,Probability Panel,NA,2018-10-20T00:00:00Z,2018-10-26T00:00:00Z,FALSE,NA,91019,1397,rv,NA,rv,TRUE,2025-04-28 19:33:34 UTC,2025-04-28 19:33:34 UTC,NA,http://polling.reuters.com/#!response/TM1178Y17/type/smallest/filters/PD1:1,NA,NA,NA,Congress,26.8,65.2,7.9
56573,241,Ipsos,,Reuters,NA,NA,NA,Ipsos,Probability Panel,NA,2018-10-20T00:00:00Z,2018-10-26T00:00:00Z,FALSE,NA,91025,1663,a,NA,a,TRUE,2025-04-28 19:33:34 UTC,2025-04-28 19:33:34 UTC,NA,http://polling.reuters.com/#!response/TM1178Y17/type/smallest,NA,NA,NA,Congress,25.6,63,11.4
56570,241,Ipsos,,Reuters,NA,NA,NA,Ipsos,Probability Panel,NA,2018-10-21T00:00:00Z,2018-10-27T00:00:00Z,FALSE,NA,91013,866,lv,NA,lv,TRUE,2025-04-28 19:33:19 UTC,2025-04-28 19:33:19 UTC,NA,http://polling.reuters.com/#!response/TM1178Y17/type/smallest/filters/LIKELY:1,NA,NA,NA,Congress,26,70.5,3.5
56570,241,Ipsos,,Reuters,NA,NA,NA,Ipsos,Probability Panel,NA,2018-10-21T00:00:00Z,2018-10-27T00:00:00Z,FALSE,NA,91010,1316,rv,NA,rv,TRUE,2025-04-28 19:33:21 UTC,2025-04-28 19:33:21 UTC,NA,http://polling.reuters.com/#!response/TM1178Y17/type/smallest/filters/PD1:1,NA,NA,NA,Congress,26.8,65,8.2
56570,241,Ipsos,,Reuters,NA,NA,NA,Ipsos,Probability Panel,NA,2018-10-21T00:00:00Z,2018-10-27T00:00:00Z,FALSE,NA,91024,1574,a,NA,a,TRUE,2025-04-28 19:33:41 UTC,2025-04-28 19:33:41 UTC,NA,http://polling.reuters.com/#!response/TM1178Y17/type/smallest,NA,NA,NA,Congress,25.6,62.6,11.8
56572,241,Ipsos,,Reuters,NA,NA,NA,Ipsos,Probability Panel,NA,2018-10-22T00:00:00Z,2018-10-28T00:00:00Z,FALSE,NA,91023,1335,a,NA,a,TRUE,2025-04-28 19:33:34 UTC,2025-04-28 19:33:34 UTC,NA,http://polling.reuters.com/#!response/TM1178Y17/type/smallest,NA,NA,NA,Congress,24.9,62.6,12.5
56572,241,Ipsos,,Reuters,NA,NA,NA,Ipsos,Probability Panel,NA,2018-10-22T00:00:00Z,2018-10-28T00:00:00Z,FALSE,NA,91018,1117,rv,NA,rv,TRUE,2025-04-28 19:33:19 UTC,2025-04-28 19:33:19 UTC,NA,http://polling.reuters.com/#!response/TM1178Y17/type/smallest/filters/PD1:1,NA,NA,NA,Congress,26.4,64.9,8.7
56572,241,Ipsos,,Reuters,NA,NA,NA,Ipsos,Probability Panel,NA,2018-10-22T00:00:00Z,2018-10-28T00:00:00Z,FALSE,NA,91012,743,lv,NA,lv,TRUE,2025-04-28 19:33:19 UTC,2025-04-28 19:33:19 UTC,NA,http://polling.reuters.com/#!response/TM1178Y17/type/smallest/filters/LIKELY:1,NA,NA,NA,Congress,25.2,70.7,4.1
56571,241,Ipsos,,Reuters,NA,NA,NA,Ipsos,Probability Panel,NA,2018-10-23T00:00:00Z,2018-10-29T00:00:00Z,FALSE,NA,91011,692,lv,NA,lv,TRUE,2025-04-28 19:33:19 UTC,2025-04-28 19:33:19 UTC,NA,http://polling.reuters.com/#!response/TM1178Y17/type/smallest/filters/LIKELY:1,NA,NA,NA,Congress,26.1,70.1,3.8
56571,241,Ipsos,,Reuters,NA,NA,NA,Ipsos,Probability Panel,NA,2018-10-23T00:00:00Z,2018-10-29T00:00:00Z,FALSE,NA,91017,1066,rv,NA,rv,TRUE,2025-04-28 19:33:19 UTC,2025-04-28 19:33:19 UTC,NA,http://polling.reuters.com/#!response/TM1178Y17/type/smallest/filters/PD1:1,NA,NA,NA,Congress,26.6,64.8,8.6
56571,241,Ipsos,,Reuters,NA,NA,NA,Ipsos,Probability Panel,NA,2018-10-23T00:00:00Z,2018-10-29T00:00:00Z,FALSE,NA,91022,1288,a,NA,a,TRUE,2025-04-28 19:33:19 UTC,2025-04-28 19:33:19 UTC,NA,http://polling.reuters.com/#!response/TM1178Y17/type/smallest,NA,NA,NA,Congress,25,62.3,12.8
56593,568,YouGov,,The Economist,NA,NA,NA,YouGov,Online Matched Sample,NA,2018-10-28T00:00:00Z,2018-10-30T00:00:00Z,FALSE,NA,91103,1296,rv,NA,rv,FALSE,2025-04-28 19:33:41 UTC,2025-04-28 19:33:41 UTC,NA,https://d25d2506sfb94s.cloudfront.net/cumulus_uploads/document/p8wvf16d2j/econTabReport.pdf,NA,NA,https://d25d2506sfb94s.cloudfront.net/cumulus_uploads/document/p8wvf16d2j/econTabReport.pdf,Congress,15,69,17
56622,241,Ipsos,,Reuters,NA,NA,NA,Ipsos,Probability Panel,NA,2018-10-24T00:00:00Z,2018-10-30T00:00:00Z,FALSE,NA,91561,1209,a,NA,a,TRUE,2025-04-28 19:33:21 UTC,2025-04-28 19:33:21 UTC,NA,http://polling.reuters.com/#!response/TM1178Y17/type/smallest,NA,NA,NA,Congress,24.6,61.4,14
56622,241,Ipsos,,Reuters,NA,NA,NA,Ipsos,Probability Panel,NA,2018-10-24T00:00:00Z,2018-10-30T00:00:00Z,FALSE,NA,91560,998,rv,NA,rv,TRUE,2025-04-28 19:33:21 UTC,2025-04-28 19:33:21 UTC,NA,http://polling.reuters.com/#!response/TM1178Y17/type/smallest/filters/PD1:1,NA,NA,NA,Congress,26.5,63.9,9.6
56622,241,Ipsos,,Reuters,NA,NA,NA,Ipsos,Probability Panel,NA,2018-10-24T00:00:00Z,2018-10-30T00:00:00Z,FALSE,NA,91559,652,lv,NA,lv,TRUE,2025-04-28 19:33:08 UTC,2025-04-28 19:33:08 UTC,NA,http://polling.reuters.com/#!response/TM1178Y17/type/smallest/filters/LIKELY:1,NA,NA,NA,Congress,26.2,69.1,4.7
56593,568,YouGov,,The Economist,NA,NA,NA,YouGov,Online Matched Sample,NA,2018-10-28T00:00:00Z,2018-10-30T00:00:00Z,FALSE,NA,91102,1500,a,NA,a,FALSE,2025-04-28 19:33:41 UTC,2025-04-28 19:33:41 UTC,NA,https://d25d2506sfb94s.cloudfront.net/cumulus_uploads/document/p8wvf16d2j/econTabReport.pdf,NA,NA,https://d25d2506sfb94s.cloudfront.net/cumulus_uploads/document/p8wvf16d2j/econTabReport.pdf,Congress,12,63,25
56841,241,Ipsos,,Reuters,NA,NA,NA,Ipsos,Probability Panel,NA,2018-10-25T00:00:00Z,2018-10-31T00:00:00Z,FALSE,NA,91608,1080,rv,NA,rv,TRUE,2025-04-28 19:33:35 UTC,2025-04-28 19:33:35 UTC,NA,http://polling.reuters.com/#!response/TM1178Y17/type/smallest/filters/PD1:1,NA,NA,NA,Congress,25.5,65.1,9.3
56841,241,Ipsos,,Reuters,NA,NA,NA,Ipsos,Probability Panel,NA,2018-10-25T00:00:00Z,2018-10-31T00:00:00Z,FALSE,NA,91614,1293,a,NA,a,TRUE,2025-04-28 19:33:35 UTC,2025-04-28 19:33:35 UTC,NA,http://polling.reuters.com/#!response/TM1178Y17/type/smallest,NA,NA,NA,Congress,23.7,62.6,13.7
56841,241,Ipsos,,Reuters,NA,NA,NA,Ipsos,Probability Panel,NA,2018-10-25T00:00:00Z,2018-10-31T00:00:00Z,FALSE,NA,91602,720,lv,NA,lv,TRUE,2025-04-28 19:33:35 UTC,2025-04-28 19:33:35 UTC,NA,http://polling.reuters.com/#!response/TM1178Y17/type/smallest/filters/LIKELY:1,NA,NA,NA,Congress,25,69.9,5.1
56840,241,Ipsos,,Reuters,NA,NA,NA,Ipsos,Probability Panel,NA,2018-10-26T00:00:00Z,2018-11-01T00:00:00Z,FALSE,NA,91601,719,lv,NA,lv,TRUE,2025-04-28 19:33:35 UTC,2025-04-28 19:33:35 UTC,NA,http://polling.reuters.com/#!response/TM1178Y17/type/smallest/filters/LIKELY:1,NA,NA,NA,Congress,24.9,70.3,4.8
56840,241,Ipsos,,Reuters,NA,NA,NA,Ipsos,Probability Panel,NA,2018-10-26T00:00:00Z,2018-11-01T00:00:00Z,FALSE,NA,91607,1078,rv,NA,rv,TRUE,2025-04-28 19:33:35 UTC,2025-04-28 19:33:35 UTC,NA,http://polling.reuters.com/#!response/TM1178Y17/type/smallest/filters/PD1:1,NA,NA,NA,Congress,25.2,65.8,9
56840,241,Ipsos,,Reuters,NA,NA,NA,Ipsos,Probability Panel,NA,2018-10-26T00:00:00Z,2018-11-01T00:00:00Z,FALSE,NA,91613,1281,a,NA,a,TRUE,2025-04-28 19:33:35 UTC,2025-04-28 19:33:35 UTC,NA,http://polling.reuters.com/#!response/TM1178Y17/type/smallest,NA,NA,NA,Congress,23.6,63.3,13.1
56839,241,Ipsos,,Reuters,NA,NA,NA,Ipsos,Probability Panel,NA,2018-10-27T00:00:00Z,2018-11-02T00:00:00Z,FALSE,NA,91606,1068,rv,NA,rv,TRUE,2025-04-28 19:33:35 UTC,2025-04-28 19:33:35 UTC,NA,http://polling.reuters.com/#!response/TM1178Y17/type/smallest/filters/PD1:1,NA,NA,NA,Congress,24.2,66.2,9.6
56839,241,Ipsos,,Reuters,NA,NA,NA,Ipsos,Probability Panel,NA,2018-10-27T00:00:00Z,2018-11-02T00:00:00Z,FALSE,NA,91612,1272,a,NA,a,TRUE,2025-04-28 19:33:21 UTC,2025-04-28 19:33:21 UTC,NA,http://polling.reuters.com/#!response/TM1178Y17/type/smallest,NA,NA,NA,Congress,22.6,63.6,13.8
56839,241,Ipsos,,Reuters,NA,NA,NA,Ipsos,Probability Panel,NA,2018-10-27T00:00:00Z,2018-11-02T00:00:00Z,FALSE,NA,91600,723,lv,NA,lv,TRUE,2025-04-28 19:33:35 UTC,2025-04-28 19:33:35 UTC,NA,http://polling.reuters.com/#!response/TM1178Y17/type/smallest/filters/LIKELY:1,NA,NA,NA,Congress,23.7,71,5.4
56838,241,Ipsos,,Reuters,NA,NA,NA,Ipsos,Probability Panel,NA,2018-10-28T00:00:00Z,2018-11-03T00:00:00Z,FALSE,NA,91605,1078,rv,NA,rv,TRUE,2025-04-28 19:33:21 UTC,2025-04-28 19:33:21 UTC,NA,http://polling.reuters.com/#!response/TM1178Y17/type/smallest/filters/PD1:1,NA,NA,NA,Congress,24.9,66.2,8.9
56838,241,Ipsos,,Reuters,NA,NA,NA,Ipsos,Probability Panel,NA,2018-10-28T00:00:00Z,2018-11-03T00:00:00Z,FALSE,NA,91599,734,lv,NA,lv,TRUE,2025-04-28 19:33:09 UTC,2025-04-28 19:33:09 UTC,NA,http://polling.reuters.com/#!response/TM1178Y17/type/smallest/filters/LIKELY:1,NA,NA,NA,Congress,23,71.5,5.4
56838,241,Ipsos,,Reuters,NA,NA,NA,Ipsos,Probability Panel,NA,2018-10-28T00:00:00Z,2018-11-03T00:00:00Z,FALSE,NA,91611,1272,a,NA,a,TRUE,2025-04-28 19:33:21 UTC,2025-04-28 19:33:21 UTC,NA,http://polling.reuters.com/#!response/TM1178Y17/type/smallest,NA,NA,NA,Congress,23.1,64,12.9
56837,241,Ipsos,,Reuters,NA,NA,NA,Ipsos,Probability Panel,NA,2018-10-29T00:00:00Z,2018-11-04T00:00:00Z,FALSE,NA,91604,1058,rv,NA,rv,TRUE,2025-04-28 19:33:09 UTC,2025-04-28 19:33:09 UTC,NA,http://polling.reuters.com/#!response/TM1178Y17/type/smallest/filters/PD1:1,NA,NA,NA,Congress,24,66.8,9.2
56837,241,Ipsos,,Reuters,NA,NA,NA,Ipsos,Probability Panel,NA,2018-10-29T00:00:00Z,2018-11-04T00:00:00Z,FALSE,NA,91610,1241,a,NA,a,TRUE,2025-04-28 19:33:21 UTC,2025-04-28 19:33:21 UTC,NA,http://polling.reuters.com/#!response/TM1178Y17/type/smallest,NA,NA,NA,Congress,22.8,64.5,12.7
56837,241,Ipsos,,Reuters,NA,NA,NA,Ipsos,Probability Panel,NA,2018-10-29T00:00:00Z,2018-11-04T00:00:00Z,FALSE,NA,91598,719,lv,NA,lv,TRUE,2025-04-28 19:33:09 UTC,2025-04-28 19:33:09 UTC,NA,http://polling.reuters.com/#!response/TM1178Y17/type/smallest/filters/LIKELY:1,NA,NA,NA,Congress,23.4,71.5,5.1
56836,241,Ipsos,,Reuters,NA,NA,NA,Ipsos,Probability Panel,NA,2018-10-30T00:00:00Z,2018-11-05T00:00:00Z,FALSE,NA,91597,662,lv,NA,lv,TRUE,2025-04-28 19:33:19 UTC,2025-04-28 19:33:19 UTC,NA,http://polling.reuters.com/#!response/TM1178Y17/type/smallest/filters/LIKELY:1,NA,NA,NA,Congress,22,73.5,4.5
56836,241,Ipsos,,Reuters,NA,NA,NA,Ipsos,Probability Panel,NA,2018-10-30T00:00:00Z,2018-11-05T00:00:00Z,FALSE,NA,91603,947,rv,NA,rv,TRUE,2025-04-28 19:33:19 UTC,2025-04-28 19:33:19 UTC,NA,http://polling.reuters.com/#!response/TM1178Y17/type/smallest/filters/PD1:1,NA,NA,NA,Congress,22.9,68.2,8.9
56836,241,Ipsos,,Reuters,NA,NA,NA,Ipsos,Probability Panel,NA,2018-10-30T00:00:00Z,2018-11-05T00:00:00Z,FALSE,NA,91609,1103,a,NA,a,TRUE,2025-04-28 19:33:09 UTC,2025-04-28 19:33:09 UTC,NA,http://polling.reuters.com/#!response/TM1178Y17/type/smallest,NA,NA,NA,Congress,22.7,65.6,11.8
56854,241,Ipsos,,Reuters,NA,NA,NA,Ipsos,Probability Panel,NA,2018-10-31T00:00:00Z,2018-11-06T00:00:00Z,FALSE,NA,91675,1006,a,NA,a,TRUE,2025-04-28 19:33:35 UTC,2025-04-28 19:33:35 UTC,NA,http://polling.reuters.com/#!response/TM1178Y17/type/smallest,NA,NA,NA,Congress,22.8,66.1,11.1
56842,568,YouGov,,The Economist,NA,NA,NA,YouGov,Online Matched Sample,NA,2018-11-04T00:00:00Z,2018-11-06T00:00:00Z,FALSE,NA,91653,1489,a,NA,a,FALSE,2025-04-28 19:33:32 UTC,2025-04-28 19:33:32 UTC,NA,https://d25d2506sfb94s.cloudfront.net/cumulus_uploads/document/ylp5ygohjs/econTabReport.pdf,NA,NA,https://d25d2506sfb94s.cloudfront.net/cumulus_uploads/document/ylp5ygohjs/econTabReport.pdf,Congress,15,56,29
56854,241,Ipsos,,Reuters,NA,NA,NA,Ipsos,Probability Panel,NA,2018-10-31T00:00:00Z,2018-11-06T00:00:00Z,FALSE,NA,91674,863,rv,NA,rv,TRUE,2025-04-28 19:33:09 UTC,2025-04-28 19:33:09 UTC,NA,http://polling.reuters.com/#!response/TM1178Y17/type/smallest/filters/PD1:1,NA,NA,NA,Congress,22.8,68.3,8.9
56842,568,YouGov,,The Economist,NA,NA,NA,YouGov,Online Matched Sample,NA,2018-11-04T00:00:00Z,2018-11-06T00:00:00Z,FALSE,NA,91654,1285,rv,NA,rv,FALSE,2025-04-28 19:33:19 UTC,2025-04-28 19:33:19 UTC,NA,https://d25d2506sfb94s.cloudfront.net/cumulus_uploads/document/ylp5ygohjs/econTabReport.pdf,NA,NA,https://d25d2506sfb94s.cloudfront.net/cumulus_uploads/document/ylp5ygohjs/econTabReport.pdf,Congress,16,66,18
56854,241,Ipsos,,Reuters,NA,NA,NA,Ipsos,Probability Panel,NA,2018-10-31T00:00:00Z,2018-11-06T00:00:00Z,FALSE,NA,91676,595,lv,NA,lv,TRUE,2025-04-28 19:33:35 UTC,2025-04-28 19:33:35 UTC,NA,http://polling.reuters.com/#!response/TM1178Y17/type/smallest/filters/LIKELY:1,NA,NA,NA,Congress,20.8,74.5,4.7
56861,241,Ipsos,,Reuters,NA,NA,NA,Ipsos,Probability Panel,NA,2018-11-01T00:00:00Z,2018-11-07T00:00:00Z,FALSE,NA,91706,1108,a,NA,a,TRUE,2025-04-28 19:33:09 UTC,2025-04-28 19:33:09 UTC,NA,http://polling.reuters.com/#!response/TM1178Y17/type/smallest,NA,NA,NA,Congress,23.1,63.4,13.6
56861,241,Ipsos,,Reuters,NA,NA,NA,Ipsos,Probability Panel,NA,2018-11-01T00:00:00Z,2018-11-07T00:00:00Z,FALSE,NA,91715,943,rv,NA,rv,TRUE,2025-04-28 19:33:36 UTC,2025-04-28 19:33:36 UTC,NA,http://polling.reuters.com/#!response/TM1178Y17/type/smallest/filters/PD1:1,NA,NA,NA,Congress,23.9,66,10.1
56861,241,Ipsos,,Reuters,NA,NA,NA,Ipsos,Probability Panel,NA,2018-11-01T00:00:00Z,2018-11-07T00:00:00Z,FALSE,NA,91709,549,lv,NA,lv,TRUE,2025-04-28 19:33:21 UTC,2025-04-28 19:33:21 UTC,NA,http://polling.reuters.com/#!response/TM1178Y17/type/smallest/filters/LIKELY:1,NA,NA,NA,Congress,21.1,73.3,5.7
56860,241,Ipsos,,Reuters,NA,NA,NA,Ipsos,Probability Panel,NA,2018-11-02T00:00:00Z,2018-11-08T00:00:00Z,FALSE,NA,91714,945,rv,NA,rv,TRUE,2025-04-28 19:33:41 UTC,2025-04-28 19:33:41 UTC,NA,http://polling.reuters.com/#!response/TM1178Y17/type/smallest/filters/PD1:1,NA,NA,NA,Congress,25.5,64.1,10.4
56860,241,Ipsos,,Reuters,NA,NA,NA,Ipsos,Probability Panel,NA,2018-11-02T00:00:00Z,2018-11-08T00:00:00Z,FALSE,NA,91705,1110,a,NA,a,TRUE,2025-04-28 19:33:36 UTC,2025-04-28 19:33:36 UTC,NA,http://polling.reuters.com/#!response/TM1178Y17/type/smallest,NA,NA,NA,Congress,24.3,62.1,13.6
56860,241,Ipsos,,Reuters,NA,NA,NA,Ipsos,Probability Panel,NA,2018-11-02T00:00:00Z,2018-11-08T00:00:00Z,FALSE,NA,91708,453,lv,NA,lv,TRUE,2025-04-28 19:33:09 UTC,2025-04-28 19:33:09 UTC,NA,http://polling.reuters.com/#!response/TM1178Y17/type/smallest/filters/LIKELY:1,NA,NA,NA,Congress,21.9,71.9,6.2
56859,241,Ipsos,,Reuters,NA,NA,NA,Ipsos,Probability Panel,NA,2018-11-03T00:00:00Z,2018-11-09T00:00:00Z,FALSE,NA,91713,956,rv,NA,rv,TRUE,2025-04-28 19:33:19 UTC,2025-04-28 19:33:19 UTC,NA,http://polling.reuters.com/#!response/TM1178Y17/type/smallest/filters/PD1:1,NA,NA,NA,Congress,26,64.3,9.7
56859,241,Ipsos,,Reuters,NA,NA,NA,Ipsos,Probability Panel,NA,2018-11-03T00:00:00Z,2018-11-09T00:00:00Z,FALSE,NA,91704,1119,a,NA,a,TRUE,2025-04-28 19:33:21 UTC,2025-04-28 19:33:21 UTC,NA,http://polling.reuters.com/#!response/TM1178Y17/type/smallest,NA,NA,NA,Congress,24.9,62,13.1
56859,241,Ipsos,,Reuters,NA,NA,NA,Ipsos,Probability Panel,NA,2018-11-03T00:00:00Z,2018-11-09T00:00:00Z,FALSE,NA,91707,368,lv,NA,lv,TRUE,2025-04-28 19:33:41 UTC,2025-04-28 19:33:41 UTC,NA,http://polling.reuters.com/#!response/TM1178Y17/type/smallest/filters/LIKELY:1,NA,NA,NA,Congress,22,71.6,6.4
56858,241,Ipsos,,Reuters,NA,NA,NA,Ipsos,Probability Panel,NA,2018-11-04T00:00:00Z,2018-11-10T00:00:00Z,FALSE,NA,91712,946,rv,NA,rv,TRUE,2025-04-28 19:33:09 UTC,2025-04-28 19:33:09 UTC,NA,http://polling.reuters.com/#!response/TM1178Y17/type/smallest/filters/PD1:1,NA,NA,NA,Congress,25.5,65,9.5
56858,241,Ipsos,,Reuters,NA,NA,NA,Ipsos,Probability Panel,NA,2018-11-04T00:00:00Z,2018-11-10T00:00:00Z,FALSE,NA,91703,1122,a,NA,a,TRUE,2025-04-28 19:33:21 UTC,2025-04-28 19:33:21 UTC,NA,http://polling.reuters.com/#!response/TM1178Y17/type/smallest,NA,NA,NA,Congress,24.8,62.2,13
56862,169,Gallup,,NA,NA,NA,NA,Gallup,Live Phone,NA,2018-11-01T00:00:00Z,2018-11-11T00:00:00Z,FALSE,NA,91733,1037,a,NA,a,FALSE,2025-04-28 19:33:19 UTC,2025-04-28 19:33:19 UTC,NA,https://news.gallup.com/poll/244736/congressional-approval-stable.aspx,NA,NA,NA,Congress,21,74,5
56857,241,Ipsos,,Reuters,NA,NA,NA,Ipsos,Probability Panel,NA,2018-11-05T00:00:00Z,2018-11-11T00:00:00Z,FALSE,NA,91702,1106,a,NA,a,TRUE,2025-04-28 19:33:09 UTC,2025-04-28 19:33:09 UTC,NA,http://polling.reuters.com/#!response/TM1178Y17/type/smallest,NA,NA,NA,Congress,23.9,63.6,12.5
56857,241,Ipsos,,Reuters,NA,NA,NA,Ipsos,Probability Panel,NA,2018-11-05T00:00:00Z,2018-11-11T00:00:00Z,FALSE,NA,91711,936,rv,NA,rv,TRUE,2025-04-28 19:33:09 UTC,2025-04-28 19:33:09 UTC,NA,http://polling.reuters.com/#!response/TM1178Y17/type/smallest/filters/PD1:1,NA,NA,NA,Congress,24.3,66.2,9.5
56865,320,Monmouth,,NA,NA,NA,NA,Monmouth University Polling Institute,Live Phone,NA,2018-11-09T00:00:00Z,2018-11-12T00:00:00Z,FALSE,NA,91741,802,a,NA,a,FALSE,2025-04-28 19:33:19 UTC,2025-04-28 19:33:19 UTC,NA,https://www.monmouth.edu/polling-institute/documents/monmouthpoll_us_111418.pdf/,NA,NA,NA,Congress,23,63,14
56865,320,Monmouth,,NA,NA,NA,NA,Monmouth University Polling Institute,Live Phone,NA,2018-11-09T00:00:00Z,2018-11-12T00:00:00Z,FALSE,NA,91742,716,rv,NA,rv,FALSE,2025-04-28 19:33:19 UTC,2025-04-28 19:33:19 UTC,NA,https://www.monmouth.edu/polling-institute/documents/monmouthpoll_us_111418.pdf/,NA,NA,NA,Congress,23,65,12
56856,241,Ipsos,,Reuters,NA,NA,NA,Ipsos,Probability Panel,NA,2018-11-06T00:00:00Z,2018-11-12T00:00:00Z,FALSE,NA,91710,903,rv,NA,rv,TRUE,2025-04-28 19:33:41 UTC,2025-04-28 19:33:41 UTC,NA,http://polling.reuters.com/#!response/TM1178Y17/type/smallest/filters/PD1:1,NA,NA,NA,Congress,24.6,65.2,10.2
56856,241,Ipsos,,Reuters,NA,NA,NA,Ipsos,Probability Panel,NA,2018-11-06T00:00:00Z,2018-11-12T00:00:00Z,FALSE,NA,91701,1064,a,NA,a,TRUE,2025-04-28 19:33:36 UTC,2025-04-28 19:33:36 UTC,NA,http://polling.reuters.com/#!response/TM1178Y17/type/smallest,NA,NA,NA,Congress,24.4,63,12.6
56872,241,Ipsos,,Reuters,NA,NA,NA,Ipsos,Probability Panel,NA,2018-11-07T00:00:00Z,2018-11-13T00:00:00Z,FALSE,NA,91805,944,a,NA,a,TRUE,2025-04-28 19:33:09 UTC,2025-04-28 19:33:09 UTC,NA,http://polling.reuters.com/#!response/TM1178Y17/type/smallest,NA,NA,NA,Congress,25.6,63.2,11.3
56984,568,YouGov,,The Economist,NA,NA,NA,YouGov,Online Matched Sample,NA,2018-11-11T00:00:00Z,2018-11-13T00:00:00Z,FALSE,NA,92005,1500,a,NA,a,FALSE,2025-04-28 19:33:09 UTC,2025-04-28 19:33:09 UTC,NA,https://d25d2506sfb94s.cloudfront.net/cumulus_uploads/document/m6fydzdamg/econTabReport.pdf,NA,NA,https://d25d2506sfb94s.cloudfront.net/cumulus_uploads/document/m6fydzdamg/econTabReport.pdf,Congress,13,57,30
56984,568,YouGov,,The Economist,NA,NA,NA,YouGov,Online Matched Sample,NA,2018-11-11T00:00:00Z,2018-11-13T00:00:00Z,FALSE,NA,92006,1284,rv,NA,rv,FALSE,2025-04-28 19:33:09 UTC,2025-04-28 19:33:09 UTC,NA,https://d25d2506sfb94s.cloudfront.net/cumulus_uploads/document/m6fydzdamg/econTabReport.pdf,NA,NA,https://d25d2506sfb94s.cloudfront.net/cumulus_uploads/document/m6fydzdamg/econTabReport.pdf,Congress,13,68,19
56872,241,Ipsos,,Reuters,NA,NA,NA,Ipsos,Probability Panel,NA,2018-11-07T00:00:00Z,2018-11-13T00:00:00Z,FALSE,NA,91804,807,rv,NA,rv,TRUE,2025-04-28 19:33:35 UTC,2025-04-28 19:33:35 UTC,NA,http://polling.reuters.com/#!response/TM1178Y17/type/smallest/filters/PD1:1,NA,NA,NA,Congress,25.5,65.5,8.9
56914,241,Ipsos,,Reuters,NA,NA,NA,Ipsos,Probability Panel,NA,2018-11-08T00:00:00Z,2018-11-14T00:00:00Z,FALSE,NA,91836,1087,a,NA,a,TRUE,2025-04-28 19:33:19 UTC,2025-04-28 19:33:19 UTC,NA,http://polling.reuters.com/#!response/TM1178Y17/type/smallest,NA,NA,NA,Congress,26.1,63.4,10.5
56914,241,Ipsos,,Reuters,NA,NA,NA,Ipsos,Probability Panel,NA,2018-11-08T00:00:00Z,2018-11-14T00:00:00Z,FALSE,NA,91830,924,rv,NA,rv,TRUE,2025-04-28 19:33:19 UTC,2025-04-28 19:33:19 UTC,NA,http://polling.reuters.com/#!response/TM1178Y17/type/smallest/filters/PD1:1,NA,NA,NA,Congress,26.3,65.9,7.9
57315,1292,Hart/POS,,First Five Years Fund,NA,NA,NA,Hart Research Associates/Public Opinion Strategies,Live Phone,NA,2018-11-10T00:00:00Z,2018-11-15T00:00:00Z,FALSE,NA,92674,1000,rv,NA,rv,FALSE,2025-04-28 19:33:19 UTC,2025-04-28 19:33:19 UTC,NA,https://www.ffyf.org/2018-national-poll-results/,NA,NA,NA,Congress,27,66,7
56913,241,Ipsos,,Reuters,NA,NA,NA,Ipsos,Probability Panel,NA,2018-11-09T00:00:00Z,2018-11-15T00:00:00Z,FALSE,NA,91835,1097,a,NA,a,TRUE,2025-04-28 19:33:09 UTC,2025-04-28 19:33:09 UTC,NA,http://polling.reuters.com/#!response/TM1178Y17/type/smallest,NA,NA,NA,Congress,26.6,62.6,10.9
56913,241,Ipsos,,Reuters,NA,NA,NA,Ipsos,Probability Panel,NA,2018-11-09T00:00:00Z,2018-11-15T00:00:00Z,FALSE,NA,91829,929,rv,NA,rv,TRUE,2025-04-28 19:33:19 UTC,2025-04-28 19:33:19 UTC,NA,http://polling.reuters.com/#!response/TM1178Y17/type/smallest/filters/PD1:1,NA,NA,NA,Congress,26.1,65.5,8.4
56912,241,Ipsos,,Reuters,NA,NA,NA,Ipsos,Probability Panel,NA,2018-11-10T00:00:00Z,2018-11-16T00:00:00Z,FALSE,NA,91828,921,rv,NA,rv,TRUE,2025-04-28 19:33:19 UTC,2025-04-28 19:33:19 UTC,NA,http://polling.reuters.com/#!response/TM1178Y17/type/smallest/filters/PD1:1,NA,NA,NA,Congress,27.4,64.7,7.9
56912,241,Ipsos,,Reuters,NA,NA,NA,Ipsos,Probability Panel,NA,2018-11-10T00:00:00Z,2018-11-16T00:00:00Z,FALSE,NA,91834,1085,a,NA,a,TRUE,2025-04-28 19:33:09 UTC,2025-04-28 19:33:09 UTC,NA,http://polling.reuters.com/#!response/TM1178Y17/type/smallest,NA,NA,NA,Congress,27.5,62.1,10.5
56911,241,Ipsos,,Reuters,NA,NA,NA,Ipsos,Probability Panel,NA,2018-11-11T00:00:00Z,2018-11-17T00:00:00Z,FALSE,NA,91833,1073,a,NA,a,TRUE,2025-04-28 19:33:19 UTC,2025-04-28 19:33:19 UTC,NA,http://polling.reuters.com/#!response/TM1178Y17/type/smallest,NA,NA,NA,Congress,28.5,61.3,10.1
56911,241,Ipsos,,Reuters,NA,NA,NA,Ipsos,Probability Panel,NA,2018-11-11T00:00:00Z,2018-11-17T00:00:00Z,FALSE,NA,91827,919,rv,NA,rv,TRUE,2025-04-28 19:33:35 UTC,2025-04-28 19:33:35 UTC,NA,http://polling.reuters.com/#!response/TM1178Y17/type/smallest/filters/PD1:1,NA,NA,NA,Congress,28.5,63.4,8.1
56910,241,Ipsos,,Reuters,NA,NA,NA,Ipsos,Probability Panel,NA,2018-11-12T00:00:00Z,2018-11-18T00:00:00Z,FALSE,NA,91826,925,rv,NA,rv,TRUE,2025-04-28 19:33:09 UTC,2025-04-28 19:33:09 UTC,NA,http://polling.reuters.com/#!response/TM1178Y17/type/smallest/filters/PD1:1,NA,NA,NA,Congress,29.1,61.7,9.2
56910,241,Ipsos,,Reuters,NA,NA,NA,Ipsos,Probability Panel,NA,2018-11-12T00:00:00Z,2018-11-18T00:00:00Z,FALSE,NA,91832,1092,a,NA,a,TRUE,2025-04-28 19:33:19 UTC,2025-04-28 19:33:19 UTC,NA,http://polling.reuters.com/#!response/TM1178Y17/type/smallest,NA,NA,NA,Congress,29.1,60.1,10.9
56909,241,Ipsos,,Reuters,NA,NA,NA,Ipsos,Probability Panel,NA,2018-11-13T00:00:00Z,2018-11-19T00:00:00Z,FALSE,NA,91825,961,rv,NA,rv,TRUE,2025-04-28 19:33:09 UTC,2025-04-28 19:33:09 UTC,NA,http://polling.reuters.com/#!response/TM1178Y17/type/smallest/filters/PD1:1,NA,NA,NA,Congress,29.3,62.3,8.4
56909,241,Ipsos,,Reuters,NA,NA,NA,Ipsos,Probability Panel,NA,2018-11-13T00:00:00Z,2018-11-19T00:00:00Z,FALSE,NA,91831,1140,a,NA,a,TRUE,2025-04-28 19:33:19 UTC,2025-04-28 19:33:19 UTC,NA,http://polling.reuters.com/#!response/TM1178Y17/type/smallest,NA,NA,NA,Congress,29.4,60.1,10.4
56919,241,Ipsos,,Reuters,NA,NA,NA,Ipsos,Probability Panel,NA,2018-11-14T00:00:00Z,2018-11-20T00:00:00Z,FALSE,NA,91857,869,rv,NA,rv,TRUE,2025-04-28 19:33:19 UTC,2025-04-28 19:33:19 UTC,NA,http://polling.reuters.com/#!response/TM1178Y17/type/smallest/filters/PD1:1,NA,NA,NA,Congress,29.9,62.1,8
56918,568,YouGov,,The Economist,NA,NA,NA,YouGov,Online Matched Sample,NA,2018-11-18T00:00:00Z,2018-11-20T00:00:00Z,FALSE,NA,91842,1500,a,NA,a,FALSE,2025-04-28 19:33:09 UTC,2025-04-28 19:33:09 UTC,NA,https://d25d2506sfb94s.cloudfront.net/cumulus_uploads/document/e9mhvvs1te/econTabReport.pdf,NA,NA,https://d25d2506sfb94s.cloudfront.net/cumulus_uploads/document/e9mhvvs1te/econTabReport.pdf,Congress,12,59,29
56918,568,YouGov,,The Economist,NA,NA,NA,YouGov,Online Matched Sample,NA,2018-11-18T00:00:00Z,2018-11-20T00:00:00Z,FALSE,NA,91843,1328,rv,NA,rv,FALSE,2025-04-28 19:33:09 UTC,2025-04-28 19:33:09 UTC,NA,https://d25d2506sfb94s.cloudfront.net/cumulus_uploads/document/e9mhvvs1te/econTabReport.pdf,NA,NA,https://d25d2506sfb94s.cloudfront.net/cumulus_uploads/document/e9mhvvs1te/econTabReport.pdf,Congress,13,66,21
56919,241,Ipsos,,Reuters,NA,NA,NA,Ipsos,Probability Panel,NA,2018-11-14T00:00:00Z,2018-11-20T00:00:00Z,FALSE,NA,91858,1026,a,NA,a,TRUE,2025-04-28 19:33:19 UTC,2025-04-28 19:33:19 UTC,NA,http://polling.reuters.com/#!response/TM1178Y17/type/smallest,NA,NA,NA,Congress,30.2,60.1,9.7
56935,241,Ipsos,,Reuters,NA,NA,NA,Ipsos,Probability Panel,NA,2018-11-15T00:00:00Z,2018-11-21T00:00:00Z,FALSE,NA,91885,924,rv,NA,rv,TRUE,2025-04-28 19:33:35 UTC,2025-04-28 19:33:35 UTC,NA,http://polling.reuters.com/#!response/TM1178Y17/type/smallest/filters/PD1:1,NA,NA,NA,Congress,30.8,60.3,9
56935,241,Ipsos,,Reuters,NA,NA,NA,Ipsos,Probability Panel,NA,2018-11-15T00:00:00Z,2018-11-21T00:00:00Z,FALSE,NA,91891,1094,a,NA,a,TRUE,2025-04-28 19:33:35 UTC,2025-04-28 19:33:35 UTC,NA,http://polling.reuters.com/#!response/TM1178Y17/type/smallest,NA,NA,NA,Congress,31,59.2,9.7
56934,241,Ipsos,,Reuters,NA,NA,NA,Ipsos,Probability Panel,NA,2018-11-16T00:00:00Z,2018-11-22T00:00:00Z,FALSE,NA,91884,912,rv,NA,rv,TRUE,2025-04-28 19:33:35 UTC,2025-04-28 19:33:35 UTC,NA,http://polling.reuters.com/#!response/TM1178Y17/type/smallest/filters/PD1:1,NA,NA,NA,Congress,32.3,58.8,8.9
56934,241,Ipsos,,Reuters,NA,NA,NA,Ipsos,Probability Panel,NA,2018-11-16T00:00:00Z,2018-11-22T00:00:00Z,FALSE,NA,91890,1074,a,NA,a,TRUE,2025-04-28 19:33:35 UTC,2025-04-28 19:33:35 UTC,NA,http://polling.reuters.com/#!response/TM1178Y17/type/smallest,NA,NA,NA,Congress,32.1,57.9,10
56933,241,Ipsos,,Reuters,NA,NA,NA,Ipsos,Probability Panel,NA,2018-11-17T00:00:00Z,2018-11-23T00:00:00Z,FALSE,NA,91883,917,rv,NA,rv,TRUE,2025-04-28 19:33:19 UTC,2025-04-28 19:33:19 UTC,NA,http://polling.reuters.com/#!response/TM1178Y17/type/smallest/filters/PD1:1,NA,NA,NA,Congress,31.3,60.3,8.4
56933,241,Ipsos,,Reuters,NA,NA,NA,Ipsos,Probability Panel,NA,2018-11-17T00:00:00Z,2018-11-23T00:00:00Z,FALSE,NA,91889,1078,a,NA,a,TRUE,2025-04-28 19:33:19 UTC,2025-04-28 19:33:19 UTC,NA,http://polling.reuters.com/#!response/TM1178Y17/type/smallest,NA,NA,NA,Congress,31.3,59.1,9.6
56932,241,Ipsos,,Reuters,NA,NA,NA,Ipsos,Probability Panel,NA,2018-11-18T00:00:00Z,2018-11-24T00:00:00Z,FALSE,NA,91888,1088,a,NA,a,TRUE,2025-04-28 19:33:19 UTC,2025-04-28 19:33:19 UTC,NA,http://polling.reuters.com/#!response/TM1178Y17/type/smallest,NA,NA,NA,Congress,31.6,58.6,9.8
56932,241,Ipsos,,Reuters,NA,NA,NA,Ipsos,Probability Panel,NA,2018-11-18T00:00:00Z,2018-11-24T00:00:00Z,FALSE,NA,91882,920,rv,NA,rv,TRUE,2025-04-28 19:33:19 UTC,2025-04-28 19:33:19 UTC,NA,http://polling.reuters.com/#!response/TM1178Y17/type/smallest/filters/PD1:1,NA,NA,NA,Congress,31.4,60.8,7.8
56931,241,Ipsos,,Reuters,NA,NA,NA,Ipsos,Probability Panel,NA,2018-11-19T00:00:00Z,2018-11-25T00:00:00Z,FALSE,NA,91881,958,rv,NA,rv,TRUE,2025-04-28 19:33:19 UTC,2025-04-28 19:33:19 UTC,NA,http://polling.reuters.com/#!response/TM1178Y17/type/smallest/filters/PD1:1,NA,NA,NA,Congress,31.7,60.8,7.5
56931,241,Ipsos,,Reuters,NA,NA,NA,Ipsos,Probability Panel,NA,2018-11-19T00:00:00Z,2018-11-25T00:00:00Z,FALSE,NA,91887,1131,a,NA,a,TRUE,2025-04-28 19:33:09 UTC,2025-04-28 19:33:09 UTC,NA,http://polling.reuters.com/#!response/TM1178Y17/type/smallest,NA,NA,NA,Congress,31.7,58.2,10
56930,241,Ipsos,,Reuters,NA,NA,NA,Ipsos,Probability Panel,NA,2018-11-20T00:00:00Z,2018-11-26T00:00:00Z,FALSE,NA,91880,962,rv,NA,rv,TRUE,2025-04-28 19:33:19 UTC,2025-04-28 19:33:19 UTC,NA,http://polling.reuters.com/#!response/TM1178Y17/type/smallest/filters/PD1:1,NA,NA,NA,Congress,31.8,60.1,8.1
56930,241,Ipsos,,Reuters,NA,NA,NA,Ipsos,Probability Panel,NA,2018-11-20T00:00:00Z,2018-11-26T00:00:00Z,FALSE,NA,91886,1135,a,NA,a,TRUE,2025-04-28 19:33:19 UTC,2025-04-28 19:33:19 UTC,NA,http://polling.reuters.com/#!response/TM1178Y17/type/smallest,NA,NA,NA,Congress,30.9,58.6,10.6
56958,241,Ipsos,,Reuters,NA,NA,NA,Ipsos,Probability Panel,NA,2018-11-21T00:00:00Z,2018-11-27T00:00:00Z,FALSE,NA,92036,890,rv,NA,rv,TRUE,2025-04-28 19:33:35 UTC,2025-04-28 19:33:35 UTC,NA,http://polling.reuters.com/#!response/TM1178Y17/type/smallest/filters/PD1:1,NA,NA,NA,Congress,30.1,61.7,8.2
56958,241,Ipsos,,Reuters,NA,NA,NA,Ipsos,Probability Panel,NA,2018-11-21T00:00:00Z,2018-11-27T00:00:00Z,FALSE,NA,92037,1053,a,NA,a,TRUE,2025-04-28 19:33:35 UTC,2025-04-28 19:33:35 UTC,NA,http://polling.reuters.com/#!response/TM1178Y17/type/smallest,NA,NA,NA,Congress,29.3,59.6,11.1
56983,568,YouGov,,The Economist,NA,NA,NA,YouGov,Online Matched Sample,NA,2018-11-25T00:00:00Z,2018-11-27T00:00:00Z,FALSE,NA,91991,1500,a,NA,a,FALSE,2025-04-28 19:33:09 UTC,2025-04-28 19:33:09 UTC,NA,https://d25d2506sfb94s.cloudfront.net/cumulus_uploads/document/6avm9sigga/econTabReport.pdf,NA,NA,https://d25d2506sfb94s.cloudfront.net/cumulus_uploads/document/6avm9sigga/econTabReport.pdf,Congress,13,58,29
56983,568,YouGov,,The Economist,NA,NA,NA,YouGov,Online Matched Sample,NA,2018-11-25T00:00:00Z,2018-11-27T00:00:00Z,FALSE,NA,91992,1293,rv,NA,rv,FALSE,2025-04-28 19:33:09 UTC,2025-04-28 19:33:09 UTC,NA,https://d25d2506sfb94s.cloudfront.net/cumulus_uploads/document/6avm9sigga/econTabReport.pdf,NA,NA,https://d25d2506sfb94s.cloudfront.net/cumulus_uploads/document/6avm9sigga/econTabReport.pdf,Congress,14,68,18
57017,241,Ipsos,,Reuters,NA,NA,NA,Ipsos,Probability Panel,NA,2018-11-22T00:00:00Z,2018-11-28T00:00:00Z,FALSE,NA,92046,965,rv,NA,rv,TRUE,2025-04-28 19:33:35 UTC,2025-04-28 19:33:35 UTC,NA,http://polling.reuters.com/#!response/TM1178Y17/type/smallest/filters/PD1:1,NA,NA,NA,Congress,28.6,64.7,6.7
57017,241,Ipsos,,Reuters,NA,NA,NA,Ipsos,Probability Panel,NA,2018-11-22T00:00:00Z,2018-11-28T00:00:00Z,FALSE,NA,92052,1146,a,NA,a,TRUE,2025-04-28 19:33:35 UTC,2025-04-28 19:33:35 UTC,NA,http://polling.reuters.com/#!response/TM1178Y17/type/smallest,NA,NA,NA,Congress,28.1,61.3,10.6
57016,241,Ipsos,,Reuters,NA,NA,NA,Ipsos,Probability Panel,NA,2018-11-23T00:00:00Z,2018-11-29T00:00:00Z,FALSE,NA,92051,1158,a,NA,a,TRUE,2025-04-28 19:33:35 UTC,2025-04-28 19:33:35 UTC,NA,http://polling.reuters.com/#!response/TM1178Y17/type/smallest,NA,NA,NA,Congress,27.3,62.4,10.3
57016,241,Ipsos,,Reuters,NA,NA,NA,Ipsos,Probability Panel,NA,2018-11-23T00:00:00Z,2018-11-29T00:00:00Z,FALSE,NA,92045,962,rv,NA,rv,TRUE,2025-04-28 19:33:35 UTC,2025-04-28 19:33:35 UTC,NA,http://polling.reuters.com/#!response/TM1178Y17/type/smallest/filters/PD1:1,NA,NA,NA,Congress,27.8,66.3,5.9
57015,241,Ipsos,,Reuters,NA,NA,NA,Ipsos,Probability Panel,NA,2018-11-24T00:00:00Z,2018-11-30T00:00:00Z,FALSE,NA,92044,1001,rv,NA,rv,TRUE,2025-04-28 19:33:35 UTC,2025-04-28 19:33:35 UTC,NA,http://polling.reuters.com/#!response/TM1178Y17/type/smallest/filters/PD1:1,NA,NA,NA,Congress,28.3,64.2,7.4
57015,241,Ipsos,,Reuters,NA,NA,NA,Ipsos,Probability Panel,NA,2018-11-24T00:00:00Z,2018-11-30T00:00:00Z,FALSE,NA,92050,1216,a,NA,a,TRUE,2025-04-28 19:33:35 UTC,2025-04-28 19:33:35 UTC,NA,http://polling.reuters.com/#!response/TM1178Y17/type/smallest,NA,NA,NA,Congress,27.8,60.9,11.3
57014,241,Ipsos,,Reuters,NA,NA,NA,Ipsos,Probability Panel,NA,2018-11-25T00:00:00Z,2018-12-01T00:00:00Z,FALSE,NA,92043,997,rv,NA,rv,TRUE,2025-04-28 19:33:35 UTC,2025-04-28 19:33:35 UTC,NA,http://polling.reuters.com/#!response/TM1178Y17/type/smallest/filters/PD1:1,NA,NA,NA,Congress,27.8,64.2,8
57014,241,Ipsos,,Reuters,NA,NA,NA,Ipsos,Probability Panel,NA,2018-11-25T00:00:00Z,2018-12-01T00:00:00Z,FALSE,NA,92049,1212,a,NA,a,TRUE,2025-04-28 19:33:35 UTC,2025-04-28 19:33:35 UTC,NA,http://polling.reuters.com/#!response/TM1178Y17/type/smallest,NA,NA,NA,Congress,26.7,61,12.3
57013,241,Ipsos,,Reuters,NA,NA,NA,Ipsos,Probability Panel,NA,2018-11-26T00:00:00Z,2018-12-02T00:00:00Z,FALSE,NA,92042,971,rv,NA,rv,TRUE,2025-04-28 19:33:35 UTC,2025-04-28 19:33:35 UTC,NA,http://polling.reuters.com/#!response/TM1178Y17/type/smallest/filters/PD1:1,NA,NA,NA,Congress,28.2,63.5,8.3
57013,241,Ipsos,,Reuters,NA,NA,NA,Ipsos,Probability Panel,NA,2018-11-26T00:00:00Z,2018-12-02T00:00:00Z,FALSE,NA,92048,1185,a,NA,a,TRUE,2025-04-28 19:33:35 UTC,2025-04-28 19:33:35 UTC,NA,http://polling.reuters.com/#!response/TM1178Y17/type/smallest,NA,NA,NA,Congress,27,60.3,12.7
57012,241,Ipsos,,Reuters,NA,NA,NA,Ipsos,Probability Panel,NA,2018-11-27T00:00:00Z,2018-12-03T00:00:00Z,FALSE,NA,92041,974,rv,NA,rv,TRUE,2025-04-28 19:33:19 UTC,2025-04-28 19:33:19 UTC,NA,http://polling.reuters.com/#!response/TM1178Y17/type/smallest/filters/PD1:1,NA,NA,NA,Congress,27.1,64.4,8.5
57012,241,Ipsos,,Reuters,NA,NA,NA,Ipsos,Probability Panel,NA,2018-11-27T00:00:00Z,2018-12-03T00:00:00Z,FALSE,NA,92047,1195,a,NA,a,TRUE,2025-04-28 19:33:19 UTC,2025-04-28 19:33:19 UTC,NA,http://polling.reuters.com/#!response/TM1178Y17/type/smallest,NA,NA,NA,Congress,26.1,61.1,12.9
57019,568,YouGov,,The Economist,NA,NA,NA,YouGov,Online Matched Sample,NA,2018-12-02T00:00:00Z,2018-12-04T00:00:00Z,FALSE,NA,92069,1286,rv,NA,rv,FALSE,2025-04-28 19:33:09 UTC,2025-04-28 19:33:09 UTC,NA,https://d25d2506sfb94s.cloudfront.net/cumulus_uploads/document/yoolhxrark/econTabReport.pdf,NA,NA,https://d25d2506sfb94s.cloudfront.net/cumulus_uploads/document/yoolhxrark/econTabReport.pdf,Congress,13,68,19
57020,241,Ipsos,,Reuters,NA,NA,NA,Ipsos,Probability Panel,NA,2018-11-28T00:00:00Z,2018-12-04T00:00:00Z,FALSE,NA,92133,890,rv,NA,rv,TRUE,2025-04-28 19:33:34 UTC,2025-04-28 19:33:34 UTC,NA,http://polling.reuters.com/#!response/TM1178Y17/type/smallest/filters/PD1:1,NA,NA,NA,Congress,27.6,63.5,8.9
57020,241,Ipsos,,Reuters,NA,NA,NA,Ipsos,Probability Panel,NA,2018-11-28T00:00:00Z,2018-12-04T00:00:00Z,FALSE,NA,92132,1096,a,NA,a,TRUE,2025-04-28 19:33:34 UTC,2025-04-28 19:33:34 UTC,NA,http://polling.reuters.com/#!response/TM1178Y17/type/smallest,NA,NA,NA,Congress,26.5,60.1,13.4
57019,568,YouGov,,The Economist,NA,NA,NA,YouGov,Online Matched Sample,NA,2018-12-02T00:00:00Z,2018-12-04T00:00:00Z,FALSE,NA,92068,1500,a,NA,a,FALSE,2025-04-28 19:33:09 UTC,2025-04-28 19:33:09 UTC,NA,https://d25d2506sfb94s.cloudfront.net/cumulus_uploads/document/yoolhxrark/econTabReport.pdf,NA,NA,https://d25d2506sfb94s.cloudfront.net/cumulus_uploads/document/yoolhxrark/econTabReport.pdf,Congress,13,56,30
57082,241,Ipsos,,Reuters,NA,NA,NA,Ipsos,Probability Panel,NA,2018-11-29T00:00:00Z,2018-12-05T00:00:00Z,FALSE,NA,92157,976,rv,NA,rv,TRUE,2025-04-28 19:33:34 UTC,2025-04-28 19:33:34 UTC,NA,http://polling.reuters.com/#!response/TM1178Y17/type/smallest/filters/PD1:1,NA,NA,NA,Congress,25.8,64.5,9.7
57082,241,Ipsos,,Reuters,NA,NA,NA,Ipsos,Probability Panel,NA,2018-11-29T00:00:00Z,2018-12-05T00:00:00Z,FALSE,NA,92163,1197,a,NA,a,TRUE,2025-04-28 19:33:34 UTC,2025-04-28 19:33:34 UTC,NA,http://polling.reuters.com/#!response/TM1178Y17/type/smallest,NA,NA,NA,Congress,24.5,61.3,14.2
57081,241,Ipsos,,Reuters,NA,NA,NA,Ipsos,Probability Panel,NA,2018-11-30T00:00:00Z,2018-12-06T00:00:00Z,FALSE,NA,92156,991,rv,NA,rv,TRUE,2025-04-28 19:33:34 UTC,2025-04-28 19:33:34 UTC,NA,http://polling.reuters.com/#!response/TM1178Y17/type/smallest/filters/PD1:1,NA,NA,NA,Congress,24.4,65.2,10.4
57081,241,Ipsos,,Reuters,NA,NA,NA,Ipsos,Probability Panel,NA,2018-11-30T00:00:00Z,2018-12-06T00:00:00Z,FALSE,NA,92162,1203,a,NA,a,TRUE,2025-04-28 19:33:34 UTC,2025-04-28 19:33:34 UTC,NA,http://polling.reuters.com/#!response/TM1178Y17/type/smallest,NA,NA,NA,Congress,23.3,61.7,15
57080,241,Ipsos,,Reuters,NA,NA,NA,Ipsos,Probability Panel,NA,2018-12-01T00:00:00Z,2018-12-07T00:00:00Z,FALSE,NA,92155,941,rv,NA,rv,TRUE,2025-04-28 19:33:34 UTC,2025-04-28 19:33:34 UTC,NA,http://polling.reuters.com/#!response/TM1178Y17/type/smallest/filters/PD1:1,NA,NA,NA,Congress,24.6,65.8,9.6
57080,241,Ipsos,,Reuters,NA,NA,NA,Ipsos,Probability Panel,NA,2018-12-01T00:00:00Z,2018-12-07T00:00:00Z,FALSE,NA,92161,1152,a,NA,a,TRUE,2025-04-28 19:33:34 UTC,2025-04-28 19:33:34 UTC,NA,http://polling.reuters.com/#!response/TM1178Y17/type/smallest,NA,NA,NA,Congress,23.3,62.2,14.5
57079,241,Ipsos,,Reuters,NA,NA,NA,Ipsos,Probability Panel,NA,2018-12-02T00:00:00Z,2018-12-08T00:00:00Z,FALSE,NA,92160,1160,a,NA,a,TRUE,2025-04-28 19:33:19 UTC,2025-04-28 19:33:19 UTC,NA,http://polling.reuters.com/#!response/TM1178Y17/type/smallest,NA,NA,NA,Congress,23,62.9,14.1
57079,241,Ipsos,,Reuters,NA,NA,NA,Ipsos,Probability Panel,NA,2018-12-02T00:00:00Z,2018-12-08T00:00:00Z,FALSE,NA,92154,948,rv,NA,rv,TRUE,2025-04-28 19:33:19 UTC,2025-04-28 19:33:19 UTC,NA,http://polling.reuters.com/#!response/TM1178Y17/type/smallest/filters/PD1:1,NA,NA,NA,Congress,23.7,66.6,9.7
57078,241,Ipsos,,Reuters,NA,NA,NA,Ipsos,Probability Panel,NA,2018-12-03T00:00:00Z,2018-12-09T00:00:00Z,FALSE,NA,92153,942,rv,NA,rv,TRUE,2025-04-28 19:33:19 UTC,2025-04-28 19:33:19 UTC,NA,http://polling.reuters.com/#!response/TM1178Y17/type/smallest/filters/PD1:1,NA,NA,NA,Congress,24,67.8,8.2
57078,241,Ipsos,,Reuters,NA,NA,NA,Ipsos,Probability Panel,NA,2018-12-03T00:00:00Z,2018-12-09T00:00:00Z,FALSE,NA,92159,1147,a,NA,a,TRUE,2025-04-28 19:33:19 UTC,2025-04-28 19:33:19 UTC,NA,http://polling.reuters.com/#!response/TM1178Y17/type/smallest,NA,NA,NA,Congress,23.4,63.2,13.4
57064,1866,CNN/SSRS,,NA,NA,NA,NA,CNN/SSRS,Live Phone,NA,2018-12-06T00:00:00Z,2018-12-09T00:00:00Z,FALSE,NA,92205,919,rv,NA,rv,FALSE,2025-04-28 19:33:32 UTC,2025-04-28 19:33:32 UTC,NA,http://cdn.cnn.com/cnn/2018/images/12/13/rel12b.-.congress.pdf,NA,NA,http://cdn.cnn.com/cnn/2018/images/12/13/rel12b.-.congress.pdf,Congress,19,71,10
57064,1866,CNN/SSRS,,NA,NA,NA,NA,CNN/SSRS,Live Phone,NA,2018-12-06T00:00:00Z,2018-12-09T00:00:00Z,FALSE,NA,92204,1015,a,NA,a,FALSE,2025-04-28 19:33:19 UTC,2025-04-28 19:33:19 UTC,NA,http://cdn.cnn.com/cnn/2018/images/12/13/rel12b.-.congress.pdf,NA,NA,http://cdn.cnn.com/cnn/2018/images/12/13/rel12b.-.congress.pdf,Congress,21,68,11
57077,241,Ipsos,,Reuters,NA,NA,NA,Ipsos,Probability Panel,NA,2018-12-04T00:00:00Z,2018-12-10T00:00:00Z,FALSE,NA,92152,945,rv,NA,rv,TRUE,2025-04-28 19:33:09 UTC,2025-04-28 19:33:09 UTC,NA,http://polling.reuters.com/#!response/TM1178Y17/type/smallest/filters/PD1:1,NA,NA,NA,Congress,24.2,68.4,7.4
57077,241,Ipsos,,Reuters,NA,NA,NA,Ipsos,Probability Panel,NA,2018-12-04T00:00:00Z,2018-12-10T00:00:00Z,FALSE,NA,92158,1138,a,NA,a,TRUE,2025-04-28 19:33:09 UTC,2025-04-28 19:33:09 UTC,NA,http://polling.reuters.com/#!response/TM1178Y17/type/smallest,NA,NA,NA,Congress,24.1,63.3,12.6
57089,241,Ipsos,,Reuters,NA,NA,NA,Ipsos,Probability Panel,NA,2018-12-05T00:00:00Z,2018-12-11T00:00:00Z,FALSE,NA,92252,868,rv,NA,rv,TRUE,2025-04-28 19:33:34 UTC,2025-04-28 19:33:34 UTC,NA,http://polling.reuters.com/#!response/TM1178Y17/type/smallest/filters/PD1:1,NA,NA,NA,Congress,25.6,67.1,7.3
57089,241,Ipsos,,Reuters,NA,NA,NA,Ipsos,Probability Panel,NA,2018-12-05T00:00:00Z,2018-12-11T00:00:00Z,FALSE,NA,92253,1038,a,NA,a,TRUE,2025-04-28 19:33:19 UTC,2025-04-28 19:33:19 UTC,NA,http://polling.reuters.com/#!response/TM1178Y17/type/smallest,NA,NA,NA,Congress,25.3,62.7,12
57084,568,YouGov,,The Economist,NA,NA,NA,YouGov,Online Matched Sample,NA,2018-12-09T00:00:00Z,2018-12-11T00:00:00Z,FALSE,NA,92179,1500,a,NA,a,FALSE,2025-04-28 19:33:09 UTC,2025-04-28 19:33:09 UTC,NA,https://d25d2506sfb94s.cloudfront.net/cumulus_uploads/document/ppsei7g0oq/econTabReport.pdf,NA,NA,https://d25d2506sfb94s.cloudfront.net/cumulus_uploads/document/ppsei7g0oq/econTabReport.pdf,Congress,13,57,29
57084,568,YouGov,,The Economist,NA,NA,NA,YouGov,Online Matched Sample,NA,2018-12-09T00:00:00Z,2018-12-11T00:00:00Z,FALSE,NA,92180,1303,rv,NA,rv,FALSE,2025-04-28 19:33:09 UTC,2025-04-28 19:33:09 UTC,NA,https://d25d2506sfb94s.cloudfront.net/cumulus_uploads/document/ppsei7g0oq/econTabReport.pdf,NA,NA,https://d25d2506sfb94s.cloudfront.net/cumulus_uploads/document/ppsei7g0oq/econTabReport.pdf,Congress,13,69,18
57142,241,Ipsos,,Reuters,NA,NA,NA,Ipsos,Probability Panel,NA,2018-12-06T00:00:00Z,2018-12-12T00:00:00Z,FALSE,NA,92283,1128,a,NA,a,TRUE,2025-04-28 19:33:10 UTC,2025-04-28 19:33:10 UTC,NA,http://polling.reuters.com/#!response/TM1178Y17/type/smallest,NA,NA,NA,Congress,25.5,62.4,12.1
57194,169,Gallup,,NA,NA,NA,NA,Gallup,Live Phone,NA,2018-12-03T00:00:00Z,2018-12-12T00:00:00Z,FALSE,NA,92415,1025,a,NA,a,FALSE,2025-04-28 19:33:19 UTC,2025-04-28 19:33:19 UTC,NA,https://news.gallup.com/poll/1600/congress-public.aspx,https://news.gallup.com/poll/1600/congress-public.aspx,NA,NA,Congress,18,75,7
57142,241,Ipsos,,Reuters,NA,NA,NA,Ipsos,Probability Panel,NA,2018-12-06T00:00:00Z,2018-12-12T00:00:00Z,FALSE,NA,92277,939,rv,NA,rv,TRUE,2025-04-28 19:33:10 UTC,2025-04-28 19:33:10 UTC,NA,http://polling.reuters.com/#!response/TM1178Y17/type/smallest/filters/PD1:1,NA,NA,NA,Congress,25.9,66.5,7.6
57141,241,Ipsos,,Reuters,NA,NA,NA,Ipsos,Probability Panel,NA,2018-12-07T00:00:00Z,2018-12-13T00:00:00Z,FALSE,NA,92276,922,rv,NA,rv,TRUE,2025-04-28 19:33:10 UTC,2025-04-28 19:33:10 UTC,NA,http://polling.reuters.com/#!response/TM1178Y17/type/smallest/filters/PD1:1,NA,NA,NA,Congress,27.4,65.8,6.7
57141,241,Ipsos,,Reuters,NA,NA,NA,Ipsos,Probability Panel,NA,2018-12-07T00:00:00Z,2018-12-13T00:00:00Z,FALSE,NA,92282,1112,a,NA,a,TRUE,2025-04-28 19:33:10 UTC,2025-04-28 19:33:10 UTC,NA,http://polling.reuters.com/#!response/TM1178Y17/type/smallest,NA,NA,NA,Congress,26.4,62.4,11.2
57140,241,Ipsos,,Reuters,NA,NA,NA,Ipsos,Probability Panel,NA,2018-12-08T00:00:00Z,2018-12-14T00:00:00Z,FALSE,NA,92281,1116,a,NA,a,TRUE,2025-04-28 19:33:10 UTC,2025-04-28 19:33:10 UTC,NA,http://polling.reuters.com/#!response/TM1178Y17/type/smallest,NA,NA,NA,Congress,26.2,63,10.8
57140,241,Ipsos,,Reuters,NA,NA,NA,Ipsos,Probability Panel,NA,2018-12-08T00:00:00Z,2018-12-14T00:00:00Z,FALSE,NA,92275,937,rv,NA,rv,TRUE,2025-04-28 19:33:10 UTC,2025-04-28 19:33:10 UTC,NA,http://polling.reuters.com/#!response/TM1178Y17/type/smallest/filters/PD1:1,NA,NA,NA,Congress,26.8,66.7,6.5
57139,241,Ipsos,,Reuters,NA,NA,NA,Ipsos,Probability Panel,NA,2018-12-09T00:00:00Z,2018-12-15T00:00:00Z,FALSE,NA,92280,1112,a,NA,a,TRUE,2025-04-28 19:33:10 UTC,2025-04-28 19:33:10 UTC,NA,http://polling.reuters.com/#!response/TM1178Y17/type/smallest,NA,NA,NA,Congress,28.2,62.3,9.6
57139,241,Ipsos,,Reuters,NA,NA,NA,Ipsos,Probability Panel,NA,2018-12-09T00:00:00Z,2018-12-15T00:00:00Z,FALSE,NA,92274,949,rv,NA,rv,TRUE,2025-04-28 19:33:10 UTC,2025-04-28 19:33:10 UTC,NA,http://polling.reuters.com/#!response/TM1178Y17/type/smallest/filters/PD1:1,NA,NA,NA,Congress,29.2,65.2,5.6
57138,241,Ipsos,,Reuters,NA,NA,NA,Ipsos,Probability Panel,NA,2018-12-10T00:00:00Z,2018-12-16T00:00:00Z,FALSE,NA,92273,920,rv,NA,rv,TRUE,2025-04-28 19:33:10 UTC,2025-04-28 19:33:10 UTC,NA,http://polling.reuters.com/#!response/TM1178Y17/type/smallest/filters/PD1:1,NA,NA,NA,Congress,30.3,63.8,5.9
57138,241,Ipsos,,Reuters,NA,NA,NA,Ipsos,Probability Panel,NA,2018-12-10T00:00:00Z,2018-12-16T00:00:00Z,FALSE,NA,92279,1084,a,NA,a,TRUE,2025-04-28 19:33:10 UTC,2025-04-28 19:33:10 UTC,NA,http://polling.reuters.com/#!response/TM1178Y17/type/smallest,NA,NA,NA,Congress,29.3,61.3,9.4
57137,241,Ipsos,,Reuters,NA,NA,NA,Ipsos,Probability Panel,NA,2018-12-11T00:00:00Z,2018-12-17T00:00:00Z,FALSE,NA,92278,1086,a,NA,a,TRUE,2025-04-28 19:33:32 UTC,2025-04-28 19:33:32 UTC,NA,http://polling.reuters.com/#!response/TM1178Y17/type/smallest,NA,NA,NA,Congress,27.4,62.6,10
57137,241,Ipsos,,Reuters,NA,NA,NA,Ipsos,Probability Panel,NA,2018-12-11T00:00:00Z,2018-12-17T00:00:00Z,FALSE,NA,92272,911,rv,NA,rv,TRUE,2025-04-28 19:33:10 UTC,2025-04-28 19:33:10 UTC,NA,http://polling.reuters.com/#!response/TM1178Y17/type/smallest/filters/PD1:1,NA,NA,NA,Congress,28.7,64.8,6.5
57150,241,Ipsos,,Reuters,NA,NA,NA,Ipsos,Probability Panel,NA,2018-12-12T00:00:00Z,2018-12-18T00:00:00Z,FALSE,NA,92345,850,rv,NA,rv,TRUE,2025-04-28 19:33:19 UTC,2025-04-28 19:33:19 UTC,NA,http://polling.reuters.com/#!response/TM1178Y17/type/smallest/filters/PD1:1,NA,NA,NA,Congress,28.7,65.1,6.2
57146,568,YouGov,,The Economist,NA,NA,NA,YouGov,Online Matched Sample,NA,2018-12-16T00:00:00Z,2018-12-18T00:00:00Z,FALSE,NA,92293,1316,rv,NA,rv,FALSE,2025-04-28 19:33:32 UTC,2025-04-28 19:33:32 UTC,NA,https://d25d2506sfb94s.cloudfront.net/cumulus_uploads/document/6lj541oi1z/econTabReport.pdf,NA,NA,https://d25d2506sfb94s.cloudfront.net/cumulus_uploads/document/6lj541oi1z/econTabReport.pdf,Congress,11,69,19
57146,568,YouGov,,The Economist,NA,NA,NA,YouGov,Online Matched Sample,NA,2018-12-16T00:00:00Z,2018-12-18T00:00:00Z,FALSE,NA,92292,1500,a,NA,a,FALSE,2025-04-28 19:33:10 UTC,2025-04-28 19:33:10 UTC,NA,https://d25d2506sfb94s.cloudfront.net/cumulus_uploads/document/6lj541oi1z/econTabReport.pdf,NA,NA,https://d25d2506sfb94s.cloudfront.net/cumulus_uploads/document/6lj541oi1z/econTabReport.pdf,Congress,12,60,27
57150,241,Ipsos,,Reuters,NA,NA,NA,Ipsos,Probability Panel,NA,2018-12-12T00:00:00Z,2018-12-18T00:00:00Z,FALSE,NA,92346,1014,a,NA,a,TRUE,2025-04-28 19:33:10 UTC,2025-04-28 19:33:10 UTC,NA,http://polling.reuters.com/#!response/TM1178Y17/type/smallest,NA,NA,NA,Congress,27.8,61.9,10.3
57179,241,Ipsos,,Reuters,NA,NA,NA,Ipsos,Probability Panel,NA,2018-12-13T00:00:00Z,2018-12-19T00:00:00Z,FALSE,NA,92362,940,rv,NA,rv,TRUE,2025-04-28 19:33:32 UTC,2025-04-28 19:33:32 UTC,NA,http://polling.reuters.com/#!response/TM1178Y17/type/smallest/filters/PD1:1,NA,NA,NA,Congress,29.2,63.8,7
57309,568,YouGov,,The George Washington University,NA,NA,NA,YouGov,Online Matched Sample,NA,2018-12-11T00:00:00Z,2018-12-19T00:00:00Z,FALSE,NA,92668,1920,rv,NA,rv,FALSE,2025-04-28 19:33:19 UTC,2025-04-28 19:33:19 UTC,NA,https://smpa.gwu.edu/sites/g/files/zaxdzs2046/f/downloads/2019-01-15%20GW%20Politics%20Poll%20Wave%20Wave%204%20Toplines.pdf,NA,https://smpa.gwu.edu/sites/g/files/zaxdzs2046/f/downloads/2019-01-15%20GW%20Politics%20Poll%20Wave%20Wave%204%20Toplines.pdf,NA,Congress,21,70,9
57179,241,Ipsos,,Reuters,NA,NA,NA,Ipsos,Probability Panel,NA,2018-12-13T00:00:00Z,2018-12-19T00:00:00Z,FALSE,NA,92368,1112,a,NA,a,TRUE,2025-04-28 19:33:28 UTC,2025-04-28 19:33:28 UTC,NA,http://polling.reuters.com/#!response/TM1178Y17/type/smallest,NA,NA,NA,Congress,28,61.6,10.3
57178,241,Ipsos,,Reuters,NA,NA,NA,Ipsos,Probability Panel,NA,2018-12-14T00:00:00Z,2018-12-20T00:00:00Z,FALSE,NA,92367,1114,a,NA,a,TRUE,2025-04-28 19:33:10 UTC,2025-04-28 19:33:10 UTC,NA,http://polling.reuters.com/#!response/TM1178Y17/type/smallest,NA,NA,NA,Congress,28.4,61.2,10.5
57178,241,Ipsos,,Reuters,NA,NA,NA,Ipsos,Probability Panel,NA,2018-12-14T00:00:00Z,2018-12-20T00:00:00Z,FALSE,NA,92361,931,rv,NA,rv,TRUE,2025-04-28 19:33:28 UTC,2025-04-28 19:33:28 UTC,NA,http://polling.reuters.com/#!response/TM1178Y17/type/smallest/filters/PD1:1,NA,NA,NA,Congress,28.7,63.9,7.4
57177,241,Ipsos,,Reuters,NA,NA,NA,Ipsos,Probability Panel,NA,2018-12-15T00:00:00Z,2018-12-21T00:00:00Z,FALSE,NA,92366,1120,a,NA,a,TRUE,2025-04-28 19:33:28 UTC,2025-04-28 19:33:28 UTC,NA,http://polling.reuters.com/#!response/TM1178Y17/type/smallest,NA,NA,NA,Congress,29.1,60.7,10.2
57177,241,Ipsos,,Reuters,NA,NA,NA,Ipsos,Probability Panel,NA,2018-12-15T00:00:00Z,2018-12-21T00:00:00Z,FALSE,NA,92360,935,rv,NA,rv,TRUE,2025-04-28 19:33:28 UTC,2025-04-28 19:33:28 UTC,NA,http://polling.reuters.com/#!response/TM1178Y17/type/smallest/filters/PD1:1,NA,NA,NA,Congress,29.9,62.9,7.2
57176,241,Ipsos,,Reuters,NA,NA,NA,Ipsos,Probability Panel,NA,2018-12-16T00:00:00Z,2018-12-22T00:00:00Z,FALSE,NA,92359,1035,rv,NA,rv,TRUE,2025-04-28 19:33:28 UTC,2025-04-28 19:33:28 UTC,NA,http://polling.reuters.com/#!response/TM1178Y17/type/smallest/filters/PD1:1,NA,NA,NA,Congress,26.7,65.1,8.2
57176,241,Ipsos,,Reuters,NA,NA,NA,Ipsos,Probability Panel,NA,2018-12-16T00:00:00Z,2018-12-22T00:00:00Z,FALSE,NA,92365,1284,a,NA,a,TRUE,2025-04-28 19:33:28 UTC,2025-04-28 19:33:28 UTC,NA,http://polling.reuters.com/#!response/TM1178Y17/type/smallest,NA,NA,NA,Congress,26,62.2,11.8
57175,241,Ipsos,,Reuters,NA,NA,NA,Ipsos,Probability Panel,NA,2018-12-17T00:00:00Z,2018-12-23T00:00:00Z,FALSE,NA,92364,1463,a,NA,a,TRUE,2025-04-28 19:33:28 UTC,2025-04-28 19:33:28 UTC,NA,http://polling.reuters.com/#!response/TM1178Y17/type/smallest,NA,NA,NA,Congress,24.6,64.1,11.3
57175,241,Ipsos,,Reuters,NA,NA,NA,Ipsos,Probability Panel,NA,2018-12-17T00:00:00Z,2018-12-23T00:00:00Z,FALSE,NA,92358,1179,rv,NA,rv,TRUE,2025-04-28 19:33:28 UTC,2025-04-28 19:33:28 UTC,NA,http://polling.reuters.com/#!response/TM1178Y17/type/smallest/filters/PD1:1,NA,NA,NA,Congress,25.1,67,7.9
57174,241,Ipsos,,Reuters,NA,NA,NA,Ipsos,Probability Panel,NA,2018-12-18T00:00:00Z,2018-12-24T00:00:00Z,FALSE,NA,92357,1268,rv,NA,rv,TRUE,2025-04-28 19:33:10 UTC,2025-04-28 19:33:10 UTC,NA,http://polling.reuters.com/#!response/TM1178Y17/type/smallest/filters/PD1:1,NA,NA,NA,Congress,25.6,66.7,7.7
57174,241,Ipsos,,Reuters,NA,NA,NA,Ipsos,Probability Panel,NA,2018-12-18T00:00:00Z,2018-12-24T00:00:00Z,FALSE,NA,92363,1597,a,NA,a,TRUE,2025-04-28 19:33:10 UTC,2025-04-28 19:33:10 UTC,NA,http://polling.reuters.com/#!response/TM1178Y17/type/smallest,NA,NA,NA,Congress,24.7,63.7,11.6
57191,568,YouGov,,The Economist,NA,NA,NA,YouGov,Online Matched Sample,NA,2018-12-23T00:00:00Z,2018-12-25T00:00:00Z,FALSE,NA,92410,1500,a,NA,a,FALSE,2025-04-28 19:33:19 UTC,2025-04-28 19:33:19 UTC,NA,https://d25d2506sfb94s.cloudfront.net/cumulus_uploads/document/32i3vgsdj6/econTabReport.pdf,NA,NA,https://d25d2506sfb94s.cloudfront.net/cumulus_uploads/document/32i3vgsdj6/econTabReport.pdf,Congress,12,62,27
57191,568,YouGov,,The Economist,NA,NA,NA,YouGov,Online Matched Sample,NA,2018-12-23T00:00:00Z,2018-12-25T00:00:00Z,FALSE,NA,92411,1298,rv,NA,rv,FALSE,2025-04-28 19:33:19 UTC,2025-04-28 19:33:19 UTC,NA,https://d25d2506sfb94s.cloudfront.net/cumulus_uploads/document/32i3vgsdj6/econTabReport.pdf,NA,NA,https://d25d2506sfb94s.cloudfront.net/cumulus_uploads/document/32i3vgsdj6/econTabReport.pdf,Congress,11,70,19
57204,241,Ipsos,,Reuters,NA,NA,NA,Ipsos,Probability Panel,NA,2018-12-19T00:00:00Z,2018-12-25T00:00:00Z,FALSE,NA,92435,1245,rv,NA,rv,TRUE,2025-04-28 19:33:19 UTC,2025-04-28 19:33:19 UTC,NA,http://polling.reuters.com/#!response/TM1178Y17/type/smallest/filters/PD1:1,NA,NA,NA,Congress,25.2,67.1,7.7
57204,241,Ipsos,,Reuters,NA,NA,NA,Ipsos,Probability Panel,NA,2018-12-19T00:00:00Z,2018-12-25T00:00:00Z,FALSE,NA,92436,1582,a,NA,a,TRUE,2025-04-28 19:33:19 UTC,2025-04-28 19:33:19 UTC,NA,http://polling.reuters.com/#!response/TM1178Y17/type/smallest,NA,NA,NA,Congress,24,64.1,11.9
57213,241,Ipsos,,Reuters,NA,NA,NA,Ipsos,Probability Panel,NA,2018-12-20T00:00:00Z,2018-12-26T00:00:00Z,FALSE,NA,92452,1352,rv,NA,rv,TRUE,2025-04-28 19:33:10 UTC,2025-04-28 19:33:10 UTC,NA,http://polling.reuters.com/#!response/TM1178Y17/type/smallest/filters/PD1:1,NA,NA,NA,Congress,24.7,67.3,8
57213,241,Ipsos,,Reuters,NA,NA,NA,Ipsos,Probability Panel,NA,2018-12-20T00:00:00Z,2018-12-26T00:00:00Z,FALSE,NA,92457,1723,a,NA,a,TRUE,2025-04-28 19:33:10 UTC,2025-04-28 19:33:10 UTC,NA,http://polling.reuters.com/#!response/TM1178Y17/type/smallest,NA,NA,NA,Congress,24,63.8,12.2
57212,241,Ipsos,,Reuters,NA,NA,NA,Ipsos,Probability Panel,NA,2018-12-21T00:00:00Z,2018-12-27T00:00:00Z,FALSE,NA,92456,1740,a,NA,a,TRUE,2025-04-28 19:33:10 UTC,2025-04-28 19:33:10 UTC,NA,http://polling.reuters.com/#!response/TM1178Y17/type/smallest,NA,NA,NA,Congress,23.8,63.9,12.3
57212,241,Ipsos,,Reuters,NA,NA,NA,Ipsos,Probability Panel,NA,2018-12-21T00:00:00Z,2018-12-27T00:00:00Z,FALSE,NA,92451,1379,rv,NA,rv,TRUE,2025-04-28 19:33:10 UTC,2025-04-28 19:33:10 UTC,NA,http://polling.reuters.com/#!response/TM1178Y17/type/smallest/filters/PD1:1,NA,NA,NA,Congress,24.4,67.5,8.2
57211,241,Ipsos,,Reuters,NA,NA,NA,Ipsos,Probability Panel,NA,2018-12-22T00:00:00Z,2018-12-28T00:00:00Z,FALSE,NA,92450,1424,rv,NA,rv,TRUE,2025-04-28 19:33:10 UTC,2025-04-28 19:33:10 UTC,NA,http://polling.reuters.com/#!response/TM1178Y17/type/smallest/filters/PD1:1,NA,NA,NA,Congress,24.1,67.7,8.2
57211,241,Ipsos,,Reuters,NA,NA,NA,Ipsos,Probability Panel,NA,2018-12-22T00:00:00Z,2018-12-28T00:00:00Z,FALSE,NA,92455,1789,a,NA,a,TRUE,2025-04-28 19:33:19 UTC,2025-04-28 19:33:19 UTC,NA,http://polling.reuters.com/#!response/TM1178Y17/type/smallest,NA,NA,NA,Congress,23.6,64.2,12.2
57210,241,Ipsos,,Reuters,NA,NA,NA,Ipsos,Probability Panel,NA,2018-12-23T00:00:00Z,2018-12-29T00:00:00Z,FALSE,NA,92454,1637,a,NA,a,TRUE,2025-04-28 19:33:19 UTC,2025-04-28 19:33:19 UTC,NA,http://polling.reuters.com/#!response/TM1178Y17/type/smallest,NA,NA,NA,Congress,24.8,62.9,12.2
57210,241,Ipsos,,Reuters,NA,NA,NA,Ipsos,Probability Panel,NA,2018-12-23T00:00:00Z,2018-12-29T00:00:00Z,FALSE,NA,92449,1324,rv,NA,rv,TRUE,2025-04-28 19:33:10 UTC,2025-04-28 19:33:10 UTC,NA,http://polling.reuters.com/#!response/TM1178Y17/type/smallest/filters/PD1:1,NA,NA,NA,Congress,24.8,66.8,8.4
57209,241,Ipsos,,Reuters,NA,NA,NA,Ipsos,Probability Panel,NA,2018-12-24T00:00:00Z,2018-12-30T00:00:00Z,FALSE,NA,92448,1214,rv,NA,rv,TRUE,2025-04-28 19:33:10 UTC,2025-04-28 19:33:10 UTC,NA,http://polling.reuters.com/#!response/TM1178Y17/type/smallest/filters/PD1:1,NA,NA,NA,Congress,24.6,66.8,8.7
57209,241,Ipsos,,Reuters,NA,NA,NA,Ipsos,Probability Panel,NA,2018-12-24T00:00:00Z,2018-12-30T00:00:00Z,FALSE,NA,92453,1496,a,NA,a,TRUE,2025-04-28 19:33:10 UTC,2025-04-28 19:33:10 UTC,NA,http://polling.reuters.com/#!response/TM1178Y17/type/smallest,NA,NA,NA,Congress,24.7,62.8,12.5
66581,552,Winston,,Winning the Issues,NA,NA,NA,The Winston Group,Online Opt-In Panel,NA,2018-12-29T00:00:00Z,2018-12-30T00:00:00Z,FALSE,REP,124096,1000,rv,NA,rv,FALSE,2025-04-28 19:33:32 UTC,2025-04-28 19:33:32 UTC,NA,https://www.winningtheissues.org/wp-content/uploads/2019/01/Winning-the-Issues-Dec-2018-.pdf,NA,NA,NA,Congress,22,61,18
57224,241,Ipsos,,Reuters,NA,NA,NA,Ipsos,Probability Panel,NA,2018-12-25T00:00:00Z,2018-12-31T00:00:00Z,FALSE,NA,92486,1363,a,NA,a,TRUE,2025-04-28 19:33:10 UTC,2025-04-28 19:33:10 UTC,NA,http://polling.reuters.com/#!response/TM1178Y17/type/smallest,NA,NA,NA,Congress,24.7,63.1,12.2
57224,241,Ipsos,,Reuters,NA,NA,NA,Ipsos,Probability Panel,NA,2018-12-25T00:00:00Z,2018-12-31T00:00:00Z,FALSE,NA,92485,1134,rv,NA,rv,TRUE,2025-04-28 19:33:10 UTC,2025-04-28 19:33:10 UTC,NA,http://polling.reuters.com/#!response/TM1178Y17/type/smallest/filters/PD1:1,NA,NA,NA,Congress,23.9,66.9,9.2
57207,568,YouGov,,The Economist,NA,NA,NA,YouGov,Online Matched Sample,NA,2018-12-30T00:00:00Z,2019-01-01T00:00:00Z,FALSE,NA,92446,1283,rv,NA,rv,FALSE,2025-04-28 19:33:19 UTC,2025-04-28 19:33:19 UTC,NA,https://d25d2506sfb94s.cloudfront.net/cumulus_uploads/document/oijdv5i5r9/econTabReport.pdf,NA,NA,https://d25d2506sfb94s.cloudfront.net/cumulus_uploads/document/oijdv5i5r9/econTabReport.pdf,Congress,9,71,19
57207,568,YouGov,,The Economist,NA,NA,NA,YouGov,Online Matched Sample,NA,2018-12-30T00:00:00Z,2019-01-01T00:00:00Z,FALSE,NA,92445,1500,a,NA,a,FALSE,2025-04-28 19:33:19 UTC,2025-04-28 19:33:19 UTC,NA,https://d25d2506sfb94s.cloudfront.net/cumulus_uploads/document/oijdv5i5r9/econTabReport.pdf,NA,NA,https://d25d2506sfb94s.cloudfront.net/cumulus_uploads/document/oijdv5i5r9/econTabReport.pdf,Congress,11,60,28
57217,241,Ipsos,,Reuters,NA,NA,NA,Ipsos,Probability Panel,NA,2018-12-26T00:00:00Z,2019-01-01T00:00:00Z,FALSE,NA,92475,2482,a,NA,a,TRUE,2025-04-28 19:33:10 UTC,2025-04-28 19:33:10 UTC,NA,https://www.ipsos.com/sites/default/files/ct/news/documents/2019-01/2019_reuters_tracking_-_core_political_01_03_2019.pdf,NA,https://www.ipsos.com/sites/default/files/ct/news/documents/2019-01/2019_reuters_tracking_-_core_political_01_03_2019.pdf,NA,Congress,26,63,11
57242,241,Ipsos,,Reuters,NA,NA,NA,Ipsos,Probability Panel,NA,2018-12-28T00:00:00Z,2019-01-03T00:00:00Z,FALSE,NA,92511,419,rv,NA,rv,TRUE,2025-04-28 19:33:10 UTC,2025-04-28 19:33:10 UTC,NA,http://polling.reuters.com/#!response/TM1178Y17/type/smallest/filters/PD1:1,NA,NA,NA,Congress,25.2,68.9,5.9
57242,241,Ipsos,,Reuters,NA,NA,NA,Ipsos,Probability Panel,NA,2018-12-28T00:00:00Z,2019-01-03T00:00:00Z,FALSE,NA,92516,498,a,NA,a,TRUE,2025-04-28 19:33:19 UTC,2025-04-28 19:33:19 UTC,NA,http://polling.reuters.com/#!response/TM1178Y17/type/smallest,NA,NA,NA,Congress,25.4,63.5,11.1
57241,241,Ipsos,,Reuters,NA,NA,NA,Ipsos,Probability Panel,NA,2018-12-29T00:00:00Z,2019-01-04T00:00:00Z,FALSE,NA,92515,660,a,NA,a,TRUE,2025-04-28 19:33:10 UTC,2025-04-28 19:33:10 UTC,NA,http://polling.reuters.com/#!response/TM1178Y17/type/smallest,NA,NA,NA,Congress,23.9,65.2,10.9
57241,241,Ipsos,,Reuters,NA,NA,NA,Ipsos,Probability Panel,NA,2018-12-29T00:00:00Z,2019-01-04T00:00:00Z,FALSE,NA,92510,546,rv,NA,rv,TRUE,2025-04-28 19:33:10 UTC,2025-04-28 19:33:10 UTC,NA,http://polling.reuters.com/#!response/TM1178Y17/type/smallest/filters/PD1:1,NA,NA,NA,Congress,23.7,69.7,6.6
57240,241,Ipsos,,Reuters,NA,NA,NA,Ipsos,Probability Panel,NA,2018-12-30T00:00:00Z,2019-01-05T00:00:00Z,FALSE,NA,92509,634,rv,NA,rv,TRUE,2025-04-28 19:33:10 UTC,2025-04-28 19:33:10 UTC,NA,http://polling.reuters.com/#!response/TM1178Y17/type/smallest/filters/PD1:1,NA,NA,NA,Congress,25.2,68,6.8
57240,241,Ipsos,,Reuters,NA,NA,NA,Ipsos,Probability Panel,NA,2018-12-30T00:00:00Z,2019-01-05T00:00:00Z,FALSE,NA,92514,761,a,NA,a,TRUE,2025-04-28 19:33:10 UTC,2025-04-28 19:33:10 UTC,NA,http://polling.reuters.com/#!response/TM1178Y17/type/smallest,NA,NA,NA,Congress,24.6,64.6,10.8
57239,241,Ipsos,,Reuters,NA,NA,NA,Ipsos,Probability Panel,NA,2018-12-31T00:00:00Z,2019-01-06T00:00:00Z,FALSE,NA,92513,937,a,NA,a,TRUE,2025-04-28 19:33:10 UTC,2025-04-28 19:33:10 UTC,NA,http://polling.reuters.com/#!response/TM1178Y17/type/smallest,NA,NA,NA,Congress,23.5,64.2,12.3
57239,241,Ipsos,,Reuters,NA,NA,NA,Ipsos,Probability Panel,NA,2018-12-31T00:00:00Z,2019-01-06T00:00:00Z,FALSE,NA,92508,770,rv,NA,rv,TRUE,2025-04-28 19:33:19 UTC,2025-04-28 19:33:19 UTC,NA,http://polling.reuters.com/#!response/TM1178Y17/type/smallest/filters/PD1:1,NA,NA,NA,Congress,25,67.8,7.2
57238,241,Ipsos,,Reuters,NA,NA,NA,Ipsos,Probability Panel,NA,2019-01-01T00:00:00Z,2019-01-07T00:00:00Z,FALSE,NA,92512,1098,a,NA,a,TRUE,2025-04-28 19:33:19 UTC,2025-04-28 19:33:19 UTC,NA,http://polling.reuters.com/#!response/TM1178Y17/type/smallest,NA,NA,NA,Congress,23.7,64.7,11.6
57238,241,Ipsos,,Reuters,NA,NA,NA,Ipsos,Probability Panel,NA,2019-01-01T00:00:00Z,2019-01-07T00:00:00Z,FALSE,NA,92507,907,rv,NA,rv,TRUE,2025-04-28 19:33:19 UTC,2025-04-28 19:33:19 UTC,NA,http://polling.reuters.com/#!response/TM1178Y17/type/smallest/filters/PD1:1,NA,NA,NA,Congress,25.1,67.7,7.2
57287,241,Ipsos,,Reuters,NA,NA,NA,Ipsos,Probability Panel,NA,2019-01-02T00:00:00Z,2019-01-08T00:00:00Z,FALSE,NA,92661,836,rv,NA,rv,TRUE,2025-04-28 19:33:19 UTC,2025-04-28 19:33:19 UTC,NA,http://polling.reuters.com/#!response/TM1178Y17/type/smallest/filters/PD1:1,NA,NA,NA,Congress,24.8,68.1,7.1
57286,568,YouGov,,The Economist,NA,NA,NA,YouGov,Online Matched Sample,NA,2019-01-06T00:00:00Z,2019-01-08T00:00:00Z,FALSE,NA,92628,1500,a,NA,a,FALSE,2025-04-28 19:33:10 UTC,2025-04-28 19:33:10 UTC,NA,https://d25d2506sfb94s.cloudfront.net/cumulus_uploads/document/f0al8raalq/econTabReport.pdf,NA,NA,https://d25d2506sfb94s.cloudfront.net/cumulus_uploads/document/f0al8raalq/econTabReport.pdf,Congress,12,59,28
57287,241,Ipsos,,Reuters,NA,NA,NA,Ipsos,Probability Panel,NA,2019-01-02T00:00:00Z,2019-01-08T00:00:00Z,FALSE,NA,92662,1019,a,NA,a,TRUE,2025-04-28 19:33:08 UTC,2025-04-28 19:33:08 UTC,NA,http://polling.reuters.com/#!response/TM1178Y17/type/smallest,NA,NA,NA,Congress,22.8,65.5,11.7
57286,568,YouGov,,The Economist,NA,NA,NA,YouGov,Online Matched Sample,NA,2019-01-06T00:00:00Z,2019-01-08T00:00:00Z,FALSE,NA,92629,1299,rv,NA,rv,FALSE,2025-04-28 19:33:10 UTC,2025-04-28 19:33:10 UTC,NA,https://d25d2506sfb94s.cloudfront.net/cumulus_uploads/document/f0al8raalq/econTabReport.pdf,NA,NA,https://d25d2506sfb94s.cloudfront.net/cumulus_uploads/document/f0al8raalq/econTabReport.pdf,Congress,12,70,20
57323,241,Ipsos,,Reuters,NA,NA,NA,Ipsos,Probability Panel,NA,2019-01-03T00:00:00Z,2019-01-09T00:00:00Z,FALSE,NA,92696,1112,a,NA,a,TRUE,2025-04-28 19:33:10 UTC,2025-04-28 19:33:10 UTC,NA,http://polling.reuters.com/#!response/TM1178Y17/type/smallest,NA,NA,NA,Congress,21.4,66.9,11.6
57323,241,Ipsos,,Reuters,NA,NA,NA,Ipsos,Probability Panel,NA,2019-01-03T00:00:00Z,2019-01-09T00:00:00Z,FALSE,NA,92690,925,rv,NA,rv,TRUE,2025-04-28 19:33:20 UTC,2025-04-28 19:33:20 UTC,NA,http://polling.reuters.com/#!response/TM1178Y17/type/smallest/filters/PD1:1,NA,NA,NA,Congress,23.4,68.3,8.3
57322,241,Ipsos,,Reuters,NA,NA,NA,Ipsos,Probability Panel,NA,2019-01-04T00:00:00Z,2019-01-10T00:00:00Z,FALSE,NA,92689,1025,rv,NA,rv,TRUE,2025-04-28 19:33:20 UTC,2025-04-28 19:33:20 UTC,NA,http://polling.reuters.com/#!response/TM1178Y17/type/smallest/filters/PD1:1,NA,NA,NA,Congress,24.9,67.1,8.1
57322,241,Ipsos,,Reuters,NA,NA,NA,Ipsos,Probability Panel,NA,2019-01-04T00:00:00Z,2019-01-10T00:00:00Z,FALSE,NA,92695,1232,a,NA,a,TRUE,2025-04-28 19:33:20 UTC,2025-04-28 19:33:20 UTC,NA,http://polling.reuters.com/#!response/TM1178Y17/type/smallest,NA,NA,NA,Congress,23.2,65.8,11
57308,169,Gallup,,NA,NA,NA,NA,Gallup,Live Phone,NA,2019-01-02T00:00:00Z,2019-01-10T00:00:00Z,FALSE,NA,92810,1017,a,NA,a,FALSE,2025-04-28 19:33:32 UTC,2025-04-28 19:33:32 UTC,NA,https://news.gallup.com/poll/245990/trump-congress-job-approval-mostly-steady-amid-shutdown.aspx,NA,NA,NA,Congress,20,75,5
57321,241,Ipsos,,Reuters,NA,NA,NA,Ipsos,Probability Panel,NA,2019-01-05T00:00:00Z,2019-01-11T00:00:00Z,FALSE,NA,92688,1150,rv,NA,rv,TRUE,2025-04-28 19:33:20 UTC,2025-04-28 19:33:20 UTC,NA,http://polling.reuters.com/#!response/TM1178Y17/type/smallest/filters/PD1:1,NA,NA,NA,Congress,24.7,68.3,7
57321,241,Ipsos,,Reuters,NA,NA,NA,Ipsos,Probability Panel,NA,2019-01-05T00:00:00Z,2019-01-11T00:00:00Z,FALSE,NA,92694,1381,a,NA,a,TRUE,2025-04-28 19:33:20 UTC,2025-04-28 19:33:20 UTC,NA,http://polling.reuters.com/#!response/TM1178Y17/type/smallest,NA,NA,NA,Congress,23,66.7,10.3
57320,241,Ipsos,,Reuters,NA,NA,NA,Ipsos,Probability Panel,NA,2019-01-06T00:00:00Z,2019-01-12T00:00:00Z,FALSE,NA,92687,1295,rv,NA,rv,TRUE,2025-04-28 19:33:20 UTC,2025-04-28 19:33:20 UTC,NA,http://polling.reuters.com/#!response/TM1178Y17/type/smallest/filters/PD1:1,NA,NA,NA,Congress,23.7,69.2,7.1
57320,241,Ipsos,,Reuters,NA,NA,NA,Ipsos,Probability Panel,NA,2019-01-06T00:00:00Z,2019-01-12T00:00:00Z,FALSE,NA,92693,1567,a,NA,a,TRUE,2025-04-28 19:33:20 UTC,2025-04-28 19:33:20 UTC,NA,http://polling.reuters.com/#!response/TM1178Y17/type/smallest,NA,NA,NA,Congress,22.3,67.4,10.3
57319,241,Ipsos,,Reuters,NA,NA,NA,Ipsos,Probability Panel,NA,2019-01-07T00:00:00Z,2019-01-13T00:00:00Z,FALSE,NA,92686,1373,rv,NA,rv,TRUE,2025-04-28 19:33:19 UTC,2025-04-28 19:33:19 UTC,NA,http://polling.reuters.com/#!response/TM1178Y17/type/smallest/filters/PD1:1,NA,NA,NA,Congress,23.5,69.8,6.7
57319,241,Ipsos,,Reuters,NA,NA,NA,Ipsos,Probability Panel,NA,2019-01-07T00:00:00Z,2019-01-13T00:00:00Z,FALSE,NA,92692,1662,a,NA,a,TRUE,2025-04-28 19:33:20 UTC,2025-04-28 19:33:20 UTC,NA,http://polling.reuters.com/#!response/TM1178Y17/type/smallest,NA,NA,NA,Congress,22.3,68.4,9.3
57318,241,Ipsos,,Reuters,NA,NA,NA,Ipsos,Probability Panel,NA,2019-01-08T00:00:00Z,2019-01-14T00:00:00Z,FALSE,NA,92685,1368,rv,NA,rv,TRUE,2025-04-28 19:33:19 UTC,2025-04-28 19:33:19 UTC,NA,http://polling.reuters.com/#!response/TM1178Y17/type/smallest/filters/PD1:1,NA,NA,NA,Congress,23.4,69.5,7.2
57318,241,Ipsos,,Reuters,NA,NA,NA,Ipsos,Probability Panel,NA,2019-01-08T00:00:00Z,2019-01-14T00:00:00Z,FALSE,NA,92691,1675,a,NA,a,TRUE,2025-04-28 19:33:12 UTC,2025-04-28 19:33:12 UTC,NA,http://polling.reuters.com/#!response/TM1178Y17/type/smallest,NA,NA,NA,Congress,22,68.1,9.9
57330,568,YouGov,,The Economist,NA,NA,NA,YouGov,Online Matched Sample,NA,2019-01-12T00:00:00Z,2019-01-15T00:00:00Z,FALSE,NA,92716,1289,rv,NA,rv,FALSE,2025-04-28 19:33:12 UTC,2025-04-28 19:33:12 UTC,NA,https://d25d2506sfb94s.cloudfront.net/cumulus_uploads/document/1xbksrgzje/econTabReport.pdf,NA,NA,https://d25d2506sfb94s.cloudfront.net/cumulus_uploads/document/1xbksrgzje/econTabReport.pdf,Congress,11,71,18
57331,241,Ipsos,,Reuters,NA,NA,NA,Ipsos,Probability Panel,NA,2019-01-09T00:00:00Z,2019-01-15T00:00:00Z,FALSE,NA,92764,1597,a,NA,a,TRUE,2025-04-28 19:33:10 UTC,2025-04-28 19:33:10 UTC,NA,http://polling.reuters.com/#!response/TM1178Y17/type/smallest,NA,NA,NA,Congress,21.9,68.3,9.9
57331,241,Ipsos,,Reuters,NA,NA,NA,Ipsos,Probability Panel,NA,2019-01-09T00:00:00Z,2019-01-15T00:00:00Z,FALSE,NA,92765,1295,rv,NA,rv,TRUE,2025-04-28 19:33:10 UTC,2025-04-28 19:33:10 UTC,NA,http://polling.reuters.com/#!response/TM1178Y17/type/smallest/filters/PD1:1,NA,NA,NA,Congress,23.4,69.8,6.9
57330,568,YouGov,,The Economist,NA,NA,NA,YouGov,Online Matched Sample,NA,2019-01-12T00:00:00Z,2019-01-15T00:00:00Z,FALSE,NA,92715,1500,a,NA,a,FALSE,2025-04-28 19:33:12 UTC,2025-04-28 19:33:12 UTC,NA,https://d25d2506sfb94s.cloudfront.net/cumulus_uploads/document/1xbksrgzje/econTabReport.pdf,NA,NA,https://d25d2506sfb94s.cloudfront.net/cumulus_uploads/document/1xbksrgzje/econTabReport.pdf,Congress,10,61,28
57373,241,Ipsos,,Reuters,NA,NA,NA,Ipsos,Probability Panel,NA,2019-01-10T00:00:00Z,2019-01-16T00:00:00Z,FALSE,NA,92790,1343,rv,NA,rv,TRUE,2025-04-28 19:33:20 UTC,2025-04-28 19:33:20 UTC,NA,http://polling.reuters.com/#!response/TM1178Y17/type/smallest/filters/PD1:1,NA,NA,NA,Congress,23.5,70.5,6
57373,241,Ipsos,,Reuters,NA,NA,NA,Ipsos,Probability Panel,NA,2019-01-10T00:00:00Z,2019-01-16T00:00:00Z,FALSE,NA,92796,1669,a,NA,a,TRUE,2025-04-28 19:33:10 UTC,2025-04-28 19:33:10 UTC,NA,http://polling.reuters.com/#!response/TM1178Y17/type/smallest,NA,NA,NA,Congress,22.7,68.2,9.1
57372,241,Ipsos,,Reuters,NA,NA,NA,Ipsos,Probability Panel,NA,2019-01-11T00:00:00Z,2019-01-17T00:00:00Z,FALSE,NA,92789,1238,rv,NA,rv,TRUE,2025-04-28 19:33:28 UTC,2025-04-28 19:33:28 UTC,NA,http://polling.reuters.com/#!response/TM1178Y17/type/smallest/filters/PD1:1,NA,NA,NA,Congress,22.8,71.3,5.9
57372,241,Ipsos,,Reuters,NA,NA,NA,Ipsos,Probability Panel,NA,2019-01-11T00:00:00Z,2019-01-17T00:00:00Z,FALSE,NA,92795,1544,a,NA,a,TRUE,2025-04-28 19:33:29 UTC,2025-04-28 19:33:29 UTC,NA,http://polling.reuters.com/#!response/TM1178Y17/type/smallest,NA,NA,NA,Congress,22,68.6,9.5
57371,241,Ipsos,,Reuters,NA,NA,NA,Ipsos,Probability Panel,NA,2019-01-12T00:00:00Z,2019-01-18T00:00:00Z,FALSE,NA,92788,1117,rv,NA,rv,TRUE,2025-04-28 19:33:28 UTC,2025-04-28 19:33:28 UTC,NA,http://polling.reuters.com/#!response/TM1178Y17/type/smallest/filters/PD1:1,NA,NA,NA,Congress,24,69.9,6.1
57371,241,Ipsos,,Reuters,NA,NA,NA,Ipsos,Probability Panel,NA,2019-01-12T00:00:00Z,2019-01-18T00:00:00Z,FALSE,NA,92794,1393,a,NA,a,TRUE,2025-04-28 19:33:11 UTC,2025-04-28 19:33:11 UTC,NA,http://polling.reuters.com/#!response/TM1178Y17/type/smallest,NA,NA,NA,Congress,22.9,67.9,9.2
57370,241,Ipsos,,Reuters,NA,NA,NA,Ipsos,Probability Panel,NA,2019-01-13T00:00:00Z,2019-01-19T00:00:00Z,FALSE,NA,92787,1017,rv,NA,rv,TRUE,2025-04-28 19:33:20 UTC,2025-04-28 19:33:20 UTC,NA,http://polling.reuters.com/#!response/TM1178Y17/type/smallest/filters/PD1:1,NA,NA,NA,Congress,24.1,70.1,5.8
57370,241,Ipsos,,Reuters,NA,NA,NA,Ipsos,Probability Panel,NA,2019-01-13T00:00:00Z,2019-01-19T00:00:00Z,FALSE,NA,92793,1263,a,NA,a,TRUE,2025-04-28 19:33:16 UTC,2025-04-28 19:33:16 UTC,NA,http://polling.reuters.com/#!response/TM1178Y17/type/smallest,NA,NA,NA,Congress,23.2,68,8.8
57369,241,Ipsos,,Reuters,NA,NA,NA,Ipsos,Probability Panel,NA,2019-01-14T00:00:00Z,2019-01-20T00:00:00Z,FALSE,NA,92792,1153,a,NA,a,TRUE,2025-04-28 19:33:20 UTC,2025-04-28 19:33:20 UTC,NA,http://polling.reuters.com/#!response/TM1178Y17/type/smallest,NA,NA,NA,Congress,22.7,68.5,8.8
57369,241,Ipsos,,Reuters,NA,NA,NA,Ipsos,Probability Panel,NA,2019-01-14T00:00:00Z,2019-01-20T00:00:00Z,FALSE,NA,92786,930,rv,NA,rv,TRUE,2025-04-28 19:33:20 UTC,2025-04-28 19:33:20 UTC,NA,http://polling.reuters.com/#!response/TM1178Y17/type/smallest/filters/PD1:1,NA,NA,NA,Congress,23.4,70.8,5.8
57368,241,Ipsos,,Reuters,NA,NA,NA,Ipsos,Probability Panel,NA,2019-01-15T00:00:00Z,2019-01-21T00:00:00Z,FALSE,NA,92785,931,rv,NA,rv,TRUE,2025-04-28 19:33:20 UTC,2025-04-28 19:33:20 UTC,NA,http://polling.reuters.com/#!response/TM1178Y17/type/smallest/filters/PD1:1,NA,NA,NA,Congress,21.7,73.8,4.5
57368,241,Ipsos,,Reuters,NA,NA,NA,Ipsos,Probability Panel,NA,2019-01-15T00:00:00Z,2019-01-21T00:00:00Z,FALSE,NA,92791,1151,a,NA,a,TRUE,2025-04-28 19:33:20 UTC,2025-04-28 19:33:20 UTC,NA,http://polling.reuters.com/#!response/TM1178Y17/type/smallest,NA,NA,NA,Congress,22.5,70.2,7.3
57388,241,Ipsos,,Reuters,NA,NA,NA,Ipsos,Probability Panel,NA,2019-01-16T00:00:00Z,2019-01-22T00:00:00Z,FALSE,NA,92891,850,rv,NA,rv,TRUE,2025-04-28 19:33:20 UTC,2025-04-28 19:33:20 UTC,NA,http://polling.reuters.com/#!response/TM1178Y17/type/smallest/filters/PD1:1,NA,NA,NA,Congress,20.8,74.2,5
57383,568,YouGov,,The Economist,NA,NA,NA,YouGov,Online Matched Sample,NA,2019-01-20T00:00:00Z,2019-01-22T00:00:00Z,FALSE,NA,92832,1257,rv,NA,rv,FALSE,2025-04-28 19:33:20 UTC,2025-04-28 19:33:20 UTC,NA,https://d25d2506sfb94s.cloudfront.net/cumulus_uploads/document/183c0vbnai/econTabReport.pdf,NA,NA,https://d25d2506sfb94s.cloudfront.net/cumulus_uploads/document/183c0vbnai/econTabReport.pdf,Congress,13,69,18
57390,1597,Beacon/Shaw,,Fox News,NA,NA,NA,Beacon Research/Shaw & Co. Research,Live Phone,NA,2019-01-20T00:00:00Z,2019-01-22T00:00:00Z,FALSE,NA,92841,1008,rv,NA,rv,FALSE,2025-04-28 19:33:40 UTC,2025-04-28 19:33:40 UTC,NA,https://www.foxnews.com/politics/fox-news-poll-document-1-23-19,NA,NA,NA,Congress,18,67,15
57388,241,Ipsos,,Reuters,NA,NA,NA,Ipsos,Probability Panel,NA,2019-01-16T00:00:00Z,2019-01-22T00:00:00Z,FALSE,NA,92892,1049,a,NA,a,TRUE,2025-04-28 19:33:10 UTC,2025-04-28 19:33:10 UTC,NA,http://polling.reuters.com/#!response/TM1178Y17/type/smallest,NA,NA,NA,Congress,22.3,69.7,7.9
57383,568,YouGov,,The Economist,NA,NA,NA,YouGov,Online Matched Sample,NA,2019-01-20T00:00:00Z,2019-01-22T00:00:00Z,FALSE,NA,92831,1500,a,NA,a,FALSE,2025-04-28 19:33:20 UTC,2025-04-28 19:33:20 UTC,NA,https://d25d2506sfb94s.cloudfront.net/cumulus_uploads/document/183c0vbnai/econTabReport.pdf,NA,NA,https://d25d2506sfb94s.cloudfront.net/cumulus_uploads/document/183c0vbnai/econTabReport.pdf,Congress,13,60,27
57425,241,Ipsos,,Reuters,NA,NA,NA,Ipsos,Probability Panel,NA,2019-01-17T00:00:00Z,2019-01-23T00:00:00Z,FALSE,NA,92912,1142,a,NA,a,TRUE,2025-04-28 19:33:11 UTC,2025-04-28 19:33:11 UTC,NA,http://polling.reuters.com/#!response/TM1178Y17/type/smallest,NA,NA,NA,Congress,21.8,70.2,8.1
57425,241,Ipsos,,Reuters,NA,NA,NA,Ipsos,Probability Panel,NA,2019-01-17T00:00:00Z,2019-01-23T00:00:00Z,FALSE,NA,92906,928,rv,NA,rv,TRUE,2025-04-28 19:33:20 UTC,2025-04-28 19:33:20 UTC,NA,http://polling.reuters.com/#!response/TM1178Y17/type/smallest/filters/PD1:1,NA,NA,NA,Congress,20.7,74,5.3
57424,241,Ipsos,,Reuters,NA,NA,NA,Ipsos,Probability Panel,NA,2019-01-18T00:00:00Z,2019-01-24T00:00:00Z,FALSE,NA,92911,1154,a,NA,a,TRUE,2025-04-28 19:33:11 UTC,2025-04-28 19:33:11 UTC,NA,http://polling.reuters.com/#!response/TM1178Y17/type/smallest,NA,NA,NA,Congress,21.5,70.6,7.9
57424,241,Ipsos,,Reuters,NA,NA,NA,Ipsos,Probability Panel,NA,2019-01-18T00:00:00Z,2019-01-24T00:00:00Z,FALSE,NA,92905,936,rv,NA,rv,TRUE,2025-04-28 19:33:11 UTC,2025-04-28 19:33:11 UTC,NA,http://polling.reuters.com/#!response/TM1178Y17/type/smallest/filters/PD1:1,NA,NA,NA,Congress,20.8,73.3,5.9
57423,241,Ipsos,,Reuters,NA,NA,NA,Ipsos,Probability Panel,NA,2019-01-19T00:00:00Z,2019-01-25T00:00:00Z,FALSE,NA,92910,1218,a,NA,a,TRUE,2025-04-28 19:33:11 UTC,2025-04-28 19:33:11 UTC,NA,http://polling.reuters.com/#!response/TM1178Y17/type/smallest,NA,NA,NA,Congress,20.3,71.5,8.2
57423,241,Ipsos,,Reuters,NA,NA,NA,Ipsos,Probability Panel,NA,2019-01-19T00:00:00Z,2019-01-25T00:00:00Z,FALSE,NA,92904,990,rv,NA,rv,TRUE,2025-04-28 19:33:10 UTC,2025-04-28 19:33:10 UTC,NA,http://polling.reuters.com/#!response/TM1178Y17/type/smallest/filters/PD1:1,NA,NA,NA,Congress,19.3,74.8,5.9
57422,241,Ipsos,,Reuters,NA,NA,NA,Ipsos,Probability Panel,NA,2019-01-20T00:00:00Z,2019-01-26T00:00:00Z,FALSE,NA,92903,1052,rv,NA,rv,TRUE,2025-04-28 19:33:10 UTC,2025-04-28 19:33:10 UTC,NA,http://polling.reuters.com/#!response/TM1178Y17/type/smallest/filters/PD1:1,NA,NA,NA,Congress,21.2,73,5.8
57422,241,Ipsos,,Reuters,NA,NA,NA,Ipsos,Probability Panel,NA,2019-01-20T00:00:00Z,2019-01-26T00:00:00Z,FALSE,NA,92909,1305,a,NA,a,TRUE,2025-04-28 19:33:10 UTC,2025-04-28 19:33:10 UTC,NA,http://polling.reuters.com/#!response/TM1178Y17/type/smallest,NA,NA,NA,Congress,21.7,69.5,8.8
57410,320,Monmouth,,NA,NA,NA,NA,Monmouth University Polling Institute,Live Phone,NA,2019-01-25T00:00:00Z,2019-01-27T00:00:00Z,FALSE,NA,92882,735,rv,NA,rv,FALSE,2025-04-28 19:33:20 UTC,2025-04-28 19:33:20 UTC,NA,https://www.monmouth.edu/polling-institute/documents/monmouthpoll_us_012819.pdf/,NA,NA,NA,Congress,18,73,9
57421,241,Ipsos,,Reuters,NA,NA,NA,Ipsos,Probability Panel,NA,2019-01-21T00:00:00Z,2019-01-27T00:00:00Z,FALSE,NA,92902,1165,rv,NA,rv,TRUE,2025-04-28 19:33:11 UTC,2025-04-28 19:33:11 UTC,NA,http://polling.reuters.com/#!response/TM1178Y17/type/smallest/filters/PD1:1,NA,NA,NA,Congress,21.3,72.7,6
57410,320,Monmouth,,NA,NA,NA,NA,Monmouth University Polling Institute,Live Phone,NA,2019-01-25T00:00:00Z,2019-01-27T00:00:00Z,FALSE,NA,92881,805,a,NA,a,FALSE,2025-04-28 19:33:20 UTC,2025-04-28 19:33:20 UTC,NA,https://www.monmouth.edu/polling-institute/documents/monmouthpoll_us_012819.pdf/,NA,NA,NA,Congress,18,72,10
57421,241,Ipsos,,Reuters,NA,NA,NA,Ipsos,Probability Panel,NA,2019-01-21T00:00:00Z,2019-01-27T00:00:00Z,FALSE,NA,92908,1464,a,NA,a,TRUE,2025-04-28 19:33:11 UTC,2025-04-28 19:33:11 UTC,NA,http://polling.reuters.com/#!response/TM1178Y17/type/smallest,NA,NA,NA,Congress,22,69.3,8.7
57420,241,Ipsos,,Reuters,NA,NA,NA,Ipsos,Probability Panel,NA,2019-01-22T00:00:00Z,2019-01-28T00:00:00Z,FALSE,NA,92901,1188,rv,NA,rv,TRUE,2025-04-28 19:33:11 UTC,2025-04-28 19:33:11 UTC,NA,http://polling.reuters.com/#!response/TM1178Y17/type/smallest/filters/PD1:1,NA,NA,NA,Congress,22.4,71.7,5.9
57420,241,Ipsos,,Reuters,NA,NA,NA,Ipsos,Probability Panel,NA,2019-01-22T00:00:00Z,2019-01-28T00:00:00Z,FALSE,NA,92907,1475,a,NA,a,TRUE,2025-04-28 19:33:20 UTC,2025-04-28 19:33:20 UTC,NA,http://polling.reuters.com/#!response/TM1178Y17/type/smallest,NA,NA,NA,Congress,22.6,68.8,8.5
57431,568,YouGov,,The Economist,NA,NA,NA,YouGov,Online Matched Sample,NA,2019-01-27T00:00:00Z,2019-01-29T00:00:00Z,FALSE,NA,92939,1313,rv,NA,rv,FALSE,2025-04-28 19:33:11 UTC,2025-04-28 19:33:11 UTC,NA,https://d25d2506sfb94s.cloudfront.net/cumulus_uploads/document/3kv2h8ad3b/econTabReport.pdf,NA,NA,https://d25d2506sfb94s.cloudfront.net/cumulus_uploads/document/3kv2h8ad3b/econTabReport.pdf,Congress,12,69,18
57434,241,Ipsos,,Reuters,NA,NA,NA,Ipsos,Probability Panel,NA,2019-01-23T00:00:00Z,2019-01-29T00:00:00Z,FALSE,NA,93002,1126,rv,NA,rv,TRUE,2025-04-28 19:33:11 UTC,2025-04-28 19:33:11 UTC,NA,http://polling.reuters.com/#!response/TM1178Y17/type/smallest/filters/PD1:1,NA,NA,NA,Congress,22.4,72.1,5.5
57434,241,Ipsos,,Reuters,NA,NA,NA,Ipsos,Probability Panel,NA,2019-01-23T00:00:00Z,2019-01-29T00:00:00Z,FALSE,NA,93003,1396,a,NA,a,TRUE,2025-04-28 19:33:11 UTC,2025-04-28 19:33:11 UTC,NA,http://polling.reuters.com/#!response/TM1178Y17/type/smallest,NA,NA,NA,Congress,22.4,69.2,8.4
57431,568,YouGov,,The Economist,NA,NA,NA,YouGov,Online Matched Sample,NA,2019-01-27T00:00:00Z,2019-01-29T00:00:00Z,FALSE,NA,92938,1500,a,NA,a,FALSE,2025-04-28 19:33:11 UTC,2025-04-28 19:33:11 UTC,NA,https://d25d2506sfb94s.cloudfront.net/cumulus_uploads/document/3kv2h8ad3b/econTabReport.pdf,NA,NA,https://d25d2506sfb94s.cloudfront.net/cumulus_uploads/document/3kv2h8ad3b/econTabReport.pdf,Congress,12,60,28
57462,241,Ipsos,,Reuters,NA,NA,NA,Ipsos,Probability Panel,NA,2019-01-24T00:00:00Z,2019-01-30T00:00:00Z,FALSE,NA,93024,1185,rv,NA,rv,TRUE,2025-04-28 19:33:11 UTC,2025-04-28 19:33:11 UTC,NA,http://polling.reuters.com/#!response/TM1178Y17/type/smallest/filters/PD1:1,NA,NA,NA,Congress,23.2,71.6,5.3
57462,241,Ipsos,,Reuters,NA,NA,NA,Ipsos,Probability Panel,NA,2019-01-24T00:00:00Z,2019-01-30T00:00:00Z,FALSE,NA,93030,1465,a,NA,a,TRUE,2025-04-28 19:33:11 UTC,2025-04-28 19:33:11 UTC,NA,http://polling.reuters.com/#!response/TM1178Y17/type/smallest,NA,NA,NA,Congress,22.8,68.9,8.2
57461,241,Ipsos,,Reuters,NA,NA,NA,Ipsos,Probability Panel,NA,2019-01-25T00:00:00Z,2019-01-31T00:00:00Z,FALSE,NA,93029,1506,a,NA,a,TRUE,2025-04-28 19:33:11 UTC,2025-04-28 19:33:11 UTC,NA,http://polling.reuters.com/#!response/TM1178Y17/type/smallest,NA,NA,NA,Congress,23.6,68.2,8.1
57461,241,Ipsos,,Reuters,NA,NA,NA,Ipsos,Probability Panel,NA,2019-01-25T00:00:00Z,2019-01-31T00:00:00Z,FALSE,NA,93023,1218,rv,NA,rv,TRUE,2025-04-28 19:33:11 UTC,2025-04-28 19:33:11 UTC,NA,http://polling.reuters.com/#!response/TM1178Y17/type/smallest/filters/PD1:1,NA,NA,NA,Congress,24.1,70.7,5.2
57460,241,Ipsos,,Reuters,NA,NA,NA,Ipsos,Probability Panel,NA,2019-01-26T00:00:00Z,2019-02-01T00:00:00Z,FALSE,NA,93022,1198,rv,NA,rv,TRUE,2025-04-28 19:33:11 UTC,2025-04-28 19:33:11 UTC,NA,http://polling.reuters.com/#!response/TM1178Y17/type/smallest/filters/PD1:1,NA,NA,NA,Congress,23.6,71.3,5.1
57460,241,Ipsos,,Reuters,NA,NA,NA,Ipsos,Probability Panel,NA,2019-01-26T00:00:00Z,2019-02-01T00:00:00Z,FALSE,NA,93028,1471,a,NA,a,TRUE,2025-04-28 19:33:11 UTC,2025-04-28 19:33:11 UTC,NA,http://polling.reuters.com/#!response/TM1178Y17/type/smallest,NA,NA,NA,Congress,23.2,68.8,8
57459,241,Ipsos,,Reuters,NA,NA,NA,Ipsos,Probability Panel,NA,2019-01-27T00:00:00Z,2019-02-02T00:00:00Z,FALSE,NA,93021,1144,rv,NA,rv,TRUE,2025-04-28 19:33:11 UTC,2025-04-28 19:33:11 UTC,NA,http://polling.reuters.com/#!response/TM1178Y17/type/smallest/filters/PD1:1,NA,NA,NA,Congress,23.5,71,5.5
57459,241,Ipsos,,Reuters,NA,NA,NA,Ipsos,Probability Panel,NA,2019-01-27T00:00:00Z,2019-02-02T00:00:00Z,FALSE,NA,93027,1390,a,NA,a,TRUE,2025-04-28 19:33:11 UTC,2025-04-28 19:33:11 UTC,NA,http://polling.reuters.com/#!response/TM1178Y17/type/smallest,NA,NA,NA,Congress,23.2,69,7.8
57458,241,Ipsos,,Reuters,NA,NA,NA,Ipsos,Probability Panel,NA,2019-01-28T00:00:00Z,2019-02-03T00:00:00Z,FALSE,NA,93026,1231,a,NA,a,TRUE,2025-04-28 19:33:11 UTC,2025-04-28 19:33:11 UTC,NA,http://polling.reuters.com/#!response/TM1178Y17/type/smallest,NA,NA,NA,Congress,24,68.7,7.3
57458,241,Ipsos,,Reuters,NA,NA,NA,Ipsos,Probability Panel,NA,2019-01-28T00:00:00Z,2019-02-03T00:00:00Z,FALSE,NA,93020,1039,rv,NA,rv,TRUE,2025-04-28 19:33:11 UTC,2025-04-28 19:33:11 UTC,NA,http://polling.reuters.com/#!response/TM1178Y17/type/smallest/filters/PD1:1,NA,NA,NA,Congress,24.4,70.2,5.5
57457,241,Ipsos,,Reuters,NA,NA,NA,Ipsos,Probability Panel,NA,2019-01-29T00:00:00Z,2019-02-04T00:00:00Z,FALSE,NA,93025,1223,a,NA,a,TRUE,2025-04-28 19:33:11 UTC,2025-04-28 19:33:11 UTC,NA,http://polling.reuters.com/#!response/TM1178Y17/type/smallest,NA,NA,NA,Congress,23.4,68,8.6
57457,241,Ipsos,,Reuters,NA,NA,NA,Ipsos,Probability Panel,NA,2019-01-29T00:00:00Z,2019-02-04T00:00:00Z,FALSE,NA,93019,1024,rv,NA,rv,TRUE,2025-04-28 19:33:11 UTC,2025-04-28 19:33:11 UTC,NA,http://polling.reuters.com/#!response/TM1178Y17/type/smallest/filters/PD1:1,NA,NA,NA,Congress,23.5,69.8,6.7
57470,241,Ipsos,,Reuters,NA,NA,NA,Ipsos,Probability Panel,NA,2019-01-30T00:00:00Z,2019-02-05T00:00:00Z,FALSE,NA,93088,942,rv,NA,rv,TRUE,2025-04-28 19:33:11 UTC,2025-04-28 19:33:11 UTC,NA,http://polling.reuters.com/#!response/TM1178Y17/type/smallest/filters/PD1:1,NA,NA,NA,Congress,22.6,70.3,7.1
57468,568,YouGov,,The Economist,NA,NA,NA,YouGov,Online Matched Sample,NA,2019-02-02T00:00:00Z,2019-02-05T00:00:00Z,FALSE,NA,93042,1294,rv,NA,rv,FALSE,2025-04-28 19:33:11 UTC,2025-04-28 19:33:11 UTC,NA,https://d25d2506sfb94s.cloudfront.net/cumulus_uploads/document/er2vitqfsn/econTabReport.pdf,NA,NA,https://d25d2506sfb94s.cloudfront.net/cumulus_uploads/document/er2vitqfsn/econTabReport.pdf,Congress,11,70,20
57468,568,YouGov,,The Economist,NA,NA,NA,YouGov,Online Matched Sample,NA,2019-02-02T00:00:00Z,2019-02-05T00:00:00Z,FALSE,NA,93041,1500,a,NA,a,FALSE,2025-04-28 19:33:20 UTC,2025-04-28 19:33:20 UTC,NA,https://d25d2506sfb94s.cloudfront.net/cumulus_uploads/document/er2vitqfsn/econTabReport.pdf,NA,NA,https://d25d2506sfb94s.cloudfront.net/cumulus_uploads/document/er2vitqfsn/econTabReport.pdf,Congress,12,60,29
57470,241,Ipsos,,Reuters,NA,NA,NA,Ipsos,Probability Panel,NA,2019-01-30T00:00:00Z,2019-02-05T00:00:00Z,FALSE,NA,93089,1143,a,NA,a,TRUE,2025-04-28 19:33:11 UTC,2025-04-28 19:33:11 UTC,NA,http://polling.reuters.com/#!response/TM1178Y17/type/smallest,NA,NA,NA,Congress,22.7,68.3,9
57510,241,Ipsos,,Reuters,NA,NA,NA,Ipsos,Probability Panel,NA,2019-01-31T00:00:00Z,2019-02-06T00:00:00Z,FALSE,NA,93109,1034,rv,NA,rv,TRUE,2025-04-28 19:33:11 UTC,2025-04-28 19:33:11 UTC,NA,http://polling.reuters.com/#!response/TM1178Y17/type/smallest/filters/PD1:1,NA,NA,NA,Congress,22.5,70.2,7.3
57510,241,Ipsos,,Reuters,NA,NA,NA,Ipsos,Probability Panel,NA,2019-01-31T00:00:00Z,2019-02-06T00:00:00Z,FALSE,NA,93115,1247,a,NA,a,TRUE,2025-04-28 19:33:19 UTC,2025-04-28 19:33:19 UTC,NA,http://polling.reuters.com/#!response/TM1178Y17/type/smallest,NA,NA,NA,Congress,22.7,67.6,9.7
57509,241,Ipsos,,Reuters,NA,NA,NA,Ipsos,Probability Panel,NA,2019-02-01T00:00:00Z,2019-02-07T00:00:00Z,FALSE,NA,93108,1012,rv,NA,rv,TRUE,2025-04-28 19:33:11 UTC,2025-04-28 19:33:11 UTC,NA,http://polling.reuters.com/#!response/TM1178Y17/type/smallest/filters/PD1:1,NA,NA,NA,Congress,21.7,70.5,7.8
57509,241,Ipsos,,Reuters,NA,NA,NA,Ipsos,Probability Panel,NA,2019-02-01T00:00:00Z,2019-02-07T00:00:00Z,FALSE,NA,93114,1206,a,NA,a,TRUE,2025-04-28 19:33:19 UTC,2025-04-28 19:33:19 UTC,NA,http://polling.reuters.com/#!response/TM1178Y17/type/smallest,NA,NA,NA,Congress,22.3,67.7,10
57508,241,Ipsos,,Reuters,NA,NA,NA,Ipsos,Probability Panel,NA,2019-02-02T00:00:00Z,2019-02-08T00:00:00Z,FALSE,NA,93107,975,rv,NA,rv,TRUE,2025-04-28 19:33:11 UTC,2025-04-28 19:33:11 UTC,NA,http://polling.reuters.com/#!response/TM1178Y17/type/smallest/filters/PD1:1,NA,NA,NA,Congress,22.6,68.9,8.5
57508,241,Ipsos,,Reuters,NA,NA,NA,Ipsos,Probability Panel,NA,2019-02-02T00:00:00Z,2019-02-08T00:00:00Z,FALSE,NA,93113,1163,a,NA,a,TRUE,2025-04-28 19:33:19 UTC,2025-04-28 19:33:19 UTC,NA,http://polling.reuters.com/#!response/TM1178Y17/type/smallest,NA,NA,NA,Congress,22.7,66.7,10.6
57507,241,Ipsos,,Reuters,NA,NA,NA,Ipsos,Probability Panel,NA,2019-02-03T00:00:00Z,2019-02-09T00:00:00Z,FALSE,NA,93112,1176,a,NA,a,TRUE,2025-04-28 19:33:11 UTC,2025-04-28 19:33:11 UTC,NA,http://polling.reuters.com/#!response/TM1178Y17/type/smallest,NA,NA,NA,Congress,21.8,68.5,9.7
57507,241,Ipsos,,Reuters,NA,NA,NA,Ipsos,Probability Panel,NA,2019-02-03T00:00:00Z,2019-02-09T00:00:00Z,FALSE,NA,93106,978,rv,NA,rv,TRUE,2025-04-28 19:33:11 UTC,2025-04-28 19:33:11 UTC,NA,http://polling.reuters.com/#!response/TM1178Y17/type/smallest/filters/PD1:1,NA,NA,NA,Congress,21.2,71.1,7.6
57506,241,Ipsos,,Reuters,NA,NA,NA,Ipsos,Probability Panel,NA,2019-02-04T00:00:00Z,2019-02-10T00:00:00Z,FALSE,NA,93105,958,rv,NA,rv,TRUE,2025-04-28 19:33:11 UTC,2025-04-28 19:33:11 UTC,NA,http://polling.reuters.com/#!response/TM1178Y17/type/smallest/filters/PD1:1,NA,NA,NA,Congress,22,70.3,7.7
57504,169,Gallup,,NA,NA,NA,NA,Gallup,Live Phone,NA,2019-02-01T00:00:00Z,2019-02-10T00:00:00Z,FALSE,NA,93128,1016,a,NA,a,FALSE,2025-04-28 19:33:20 UTC,2025-04-28 19:33:20 UTC,NA,https://news.gallup.com/poll/246662/trump-approval-economic-confidence-rebound.aspx,NA,NA,NA,Congress,21,76,3
57506,241,Ipsos,,Reuters,NA,NA,NA,Ipsos,Probability Panel,NA,2019-02-04T00:00:00Z,2019-02-10T00:00:00Z,FALSE,NA,93111,1151,a,NA,a,TRUE,2025-04-28 19:33:11 UTC,2025-04-28 19:33:11 UTC,NA,http://polling.reuters.com/#!response/TM1178Y17/type/smallest,NA,NA,NA,Congress,22.3,67.7,9.9
57505,241,Ipsos,,Reuters,NA,NA,NA,Ipsos,Probability Panel,NA,2019-02-05T00:00:00Z,2019-02-11T00:00:00Z,FALSE,NA,93110,1127,a,NA,a,TRUE,2025-04-28 19:33:20 UTC,2025-04-28 19:33:20 UTC,NA,http://polling.reuters.com/#!response/TM1178Y17/type/smallest,NA,NA,NA,Congress,22.2,67.6,10.3
57505,241,Ipsos,,Reuters,NA,NA,NA,Ipsos,Probability Panel,NA,2019-02-05T00:00:00Z,2019-02-11T00:00:00Z,FALSE,NA,93104,942,rv,NA,rv,TRUE,2025-04-28 19:33:11 UTC,2025-04-28 19:33:11 UTC,NA,http://polling.reuters.com/#!response/TM1178Y17/type/smallest/filters/PD1:1,NA,NA,NA,Congress,22.1,70.6,7.3
57513,241,Ipsos,,Reuters,NA,NA,NA,Ipsos,Probability Panel,NA,2019-02-06T00:00:00Z,2019-02-12T00:00:00Z,FALSE,NA,93195,877,rv,NA,rv,TRUE,2025-04-28 19:33:20 UTC,2025-04-28 19:33:20 UTC,NA,http://polling.reuters.com/#!response/TM1178Y17/type/smallest/filters/PD1:1,NA,NA,NA,Congress,22.3,71,6.7
57512,568,YouGov,,The Economist,NA,NA,NA,YouGov,Online Matched Sample,NA,2019-02-10T00:00:00Z,2019-02-12T00:00:00Z,FALSE,NA,93132,1500,a,NA,a,FALSE,2025-04-28 19:33:20 UTC,2025-04-28 19:33:20 UTC,NA,https://d25d2506sfb94s.cloudfront.net/cumulus_uploads/document/vsfatxbh8x/econTabReport.pdf,NA,NA,https://d25d2506sfb94s.cloudfront.net/cumulus_uploads/document/vsfatxbh8x/econTabReport.pdf,Congress,14,60,27
57512,568,YouGov,,The Economist,NA,NA,NA,YouGov,Online Matched Sample,NA,2019-02-10T00:00:00Z,2019-02-12T00:00:00Z,FALSE,NA,93133,1283,rv,NA,rv,FALSE,2025-04-28 19:33:20 UTC,2025-04-28 19:33:20 UTC,NA,https://d25d2506sfb94s.cloudfront.net/cumulus_uploads/document/vsfatxbh8x/econTabReport.pdf,NA,NA,https://d25d2506sfb94s.cloudfront.net/cumulus_uploads/document/vsfatxbh8x/econTabReport.pdf,Congress,15,66,19
57513,241,Ipsos,,Reuters,NA,NA,NA,Ipsos,Probability Panel,NA,2019-02-06T00:00:00Z,2019-02-12T00:00:00Z,FALSE,NA,93196,1034,a,NA,a,TRUE,2025-04-28 19:33:11 UTC,2025-04-28 19:33:11 UTC,NA,http://polling.reuters.com/#!response/TM1178Y17/type/smallest,NA,NA,NA,Congress,22.1,68.6,9.3
57551,241,Ipsos,,Reuters,NA,NA,NA,Ipsos,Probability Panel,NA,2019-02-07T00:00:00Z,2019-02-13T00:00:00Z,FALSE,NA,93213,955,rv,NA,rv,TRUE,2025-04-28 19:33:11 UTC,2025-04-28 19:33:11 UTC,NA,http://polling.reuters.com/#!response/TM1178Y17/type/smallest/filters/PD1:1,NA,NA,NA,Congress,21.5,71.7,6.9
57551,241,Ipsos,,Reuters,NA,NA,NA,Ipsos,Probability Panel,NA,2019-02-07T00:00:00Z,2019-02-13T00:00:00Z,FALSE,NA,93219,1111,a,NA,a,TRUE,2025-04-28 19:33:11 UTC,2025-04-28 19:33:11 UTC,NA,http://polling.reuters.com/#!response/TM1178Y17/type/smallest,NA,NA,NA,Congress,21.7,69.5,8.8
57550,241,Ipsos,,Reuters,NA,NA,NA,Ipsos,Probability Panel,NA,2019-02-08T00:00:00Z,2019-02-14T00:00:00Z,FALSE,NA,93218,1192,a,NA,a,TRUE,2025-04-28 19:33:20 UTC,2025-04-28 19:33:20 UTC,NA,http://polling.reuters.com/#!response/TM1178Y17/type/smallest,NA,NA,NA,Congress,23.1,68.8,8.1
57550,241,Ipsos,,Reuters,NA,NA,NA,Ipsos,Probability Panel,NA,2019-02-08T00:00:00Z,2019-02-14T00:00:00Z,FALSE,NA,93212,1009,rv,NA,rv,TRUE,2025-04-28 19:33:11 UTC,2025-04-28 19:33:11 UTC,NA,http://polling.reuters.com/#!response/TM1178Y17/type/smallest/filters/PD1:1,NA,NA,NA,Congress,22.5,71.1,6.4
57549,241,Ipsos,,Reuters,NA,NA,NA,Ipsos,Probability Panel,NA,2019-02-09T00:00:00Z,2019-02-15T00:00:00Z,FALSE,NA,93211,1097,rv,NA,rv,TRUE,2025-04-28 19:33:11 UTC,2025-04-28 19:33:11 UTC,NA,http://polling.reuters.com/#!response/TM1178Y17/type/smallest/filters/PD1:1,NA,NA,NA,Congress,24.2,69.8,6
57549,241,Ipsos,,Reuters,NA,NA,NA,Ipsos,Probability Panel,NA,2019-02-09T00:00:00Z,2019-02-15T00:00:00Z,FALSE,NA,93217,1309,a,NA,a,TRUE,2025-04-28 19:33:20 UTC,2025-04-28 19:33:20 UTC,NA,http://polling.reuters.com/#!response/TM1178Y17/type/smallest,NA,NA,NA,Congress,24.9,66.7,8.4
57548,241,Ipsos,,Reuters,NA,NA,NA,Ipsos,Probability Panel,NA,2019-02-10T00:00:00Z,2019-02-16T00:00:00Z,FALSE,NA,93216,1382,a,NA,a,TRUE,2025-04-28 19:33:20 UTC,2025-04-28 19:33:20 UTC,NA,http://polling.reuters.com/#!response/TM1178Y17/type/smallest,NA,NA,NA,Congress,26.6,65.2,8.2
57548,241,Ipsos,,Reuters,NA,NA,NA,Ipsos,Probability Panel,NA,2019-02-10T00:00:00Z,2019-02-16T00:00:00Z,FALSE,NA,93210,1156,rv,NA,rv,TRUE,2025-04-28 19:33:30 UTC,2025-04-28 19:33:30 UTC,NA,http://polling.reuters.com/#!response/TM1178Y17/type/smallest/filters/PD1:1,NA,NA,NA,Congress,25.9,68.4,5.7
57547,241,Ipsos,,Reuters,NA,NA,NA,Ipsos,Probability Panel,NA,2019-02-11T00:00:00Z,2019-02-17T00:00:00Z,FALSE,NA,93209,1229,rv,NA,rv,TRUE,2025-04-28 19:33:11 UTC,2025-04-28 19:33:11 UTC,NA,http://polling.reuters.com/#!response/TM1178Y17/type/smallest/filters/PD1:1,NA,NA,NA,Congress,26.1,68.5,5.4
57547,241,Ipsos,,Reuters,NA,NA,NA,Ipsos,Probability Panel,NA,2019-02-11T00:00:00Z,2019-02-17T00:00:00Z,FALSE,NA,93215,1475,a,NA,a,TRUE,2025-04-28 19:33:30 UTC,2025-04-28 19:33:30 UTC,NA,http://polling.reuters.com/#!response/TM1178Y17/type/smallest,NA,NA,NA,Congress,26.2,65.3,8.5
57546,241,Ipsos,,Reuters,NA,NA,NA,Ipsos,Probability Panel,NA,2019-02-12T00:00:00Z,2019-02-18T00:00:00Z,FALSE,NA,93214,1580,a,NA,a,TRUE,2025-04-28 19:33:11 UTC,2025-04-28 19:33:11 UTC,NA,http://polling.reuters.com/#!response/TM1178Y17/type/smallest,NA,NA,NA,Congress,26.6,66,7.4
57546,241,Ipsos,,Reuters,NA,NA,NA,Ipsos,Probability Panel,NA,2019-02-12T00:00:00Z,2019-02-18T00:00:00Z,FALSE,NA,93208,1318,rv,NA,rv,TRUE,2025-04-28 19:33:20 UTC,2025-04-28 19:33:20 UTC,NA,http://polling.reuters.com/#!response/TM1178Y17/type/smallest/filters/PD1:1,NA,NA,NA,Congress,26.3,68.9,4.7
57559,241,Ipsos,,Reuters,NA,NA,NA,Ipsos,Probability Panel,NA,2019-02-13T00:00:00Z,2019-02-19T00:00:00Z,FALSE,NA,93312,1375,rv,NA,rv,TRUE,2025-04-28 19:33:30 UTC,2025-04-28 19:33:30 UTC,NA,http://polling.reuters.com/#!response/TM1178Y17/type/smallest/filters/PD1:1,NA,NA,NA,Congress,26.9,67.9,5.2
57555,568,YouGov,,The Economist,NA,NA,NA,YouGov,Online Matched Sample,NA,2019-02-17T00:00:00Z,2019-02-19T00:00:00Z,FALSE,NA,93240,1318,rv,NA,rv,FALSE,2025-04-28 19:33:31 UTC,2025-04-28 19:33:31 UTC,NA,https://d25d2506sfb94s.cloudfront.net/cumulus_uploads/document/873pc8imz6/econTabReport.pdf,NA,NA,https://d25d2506sfb94s.cloudfront.net/cumulus_uploads/document/873pc8imz6/econTabReport.pdf,Congress,17,63,19
57559,241,Ipsos,,Reuters,NA,NA,NA,Ipsos,Probability Panel,NA,2019-02-13T00:00:00Z,2019-02-19T00:00:00Z,FALSE,NA,93319,1667,a,NA,a,TRUE,2025-04-28 19:33:11 UTC,2025-04-28 19:33:11 UTC,NA,http://polling.reuters.com/#!response/TM1178Y17/type/smallest,NA,NA,NA,Congress,27.4,64.8,7.8
57555,568,YouGov,,The Economist,NA,NA,NA,YouGov,Online Matched Sample,NA,2019-02-17T00:00:00Z,2019-02-19T00:00:00Z,FALSE,NA,93239,1500,a,NA,a,FALSE,2025-04-28 19:33:31 UTC,2025-04-28 19:33:31 UTC,NA,https://d25d2506sfb94s.cloudfront.net/cumulus_uploads/document/873pc8imz6/econTabReport.pdf,NA,NA,https://d25d2506sfb94s.cloudfront.net/cumulus_uploads/document/873pc8imz6/econTabReport.pdf,Congress,16,57,27
57591,241,Ipsos,,Reuters,NA,NA,NA,Ipsos,Probability Panel,NA,2019-02-14T00:00:00Z,2019-02-20T00:00:00Z,FALSE,NA,93318,1761,a,NA,a,TRUE,2025-04-28 19:33:28 UTC,2025-04-28 19:33:28 UTC,NA,http://polling.reuters.com/#!response/TM1178Y17/type/smallest,NA,NA,NA,Congress,27.6,64.6,7.8
57591,241,Ipsos,,Reuters,NA,NA,NA,Ipsos,Probability Panel,NA,2019-02-14T00:00:00Z,2019-02-20T00:00:00Z,FALSE,NA,93311,1446,rv,NA,rv,TRUE,2025-04-28 19:33:28 UTC,2025-04-28 19:33:28 UTC,NA,http://polling.reuters.com/#!response/TM1178Y17/type/smallest/filters/PD1:1,NA,NA,NA,Congress,27.2,67.7,5.1
57590,241,Ipsos,,Reuters,NA,NA,NA,Ipsos,Probability Panel,NA,2019-02-15T00:00:00Z,2019-02-21T00:00:00Z,FALSE,NA,93317,1752,a,NA,a,TRUE,2025-04-28 19:33:11 UTC,2025-04-28 19:33:11 UTC,NA,http://polling.reuters.com/#!response/TM1178Y17/type/smallest,NA,NA,NA,Congress,26.7,65.4,8
57590,241,Ipsos,,Reuters,NA,NA,NA,Ipsos,Probability Panel,NA,2019-02-15T00:00:00Z,2019-02-21T00:00:00Z,FALSE,NA,93310,1441,rv,NA,rv,TRUE,2025-04-28 19:33:11 UTC,2025-04-28 19:33:11 UTC,NA,http://polling.reuters.com/#!response/TM1178Y17/type/smallest/filters/PD1:1,NA,NA,NA,Congress,26.6,68.7,4.8
57589,241,Ipsos,,Reuters,NA,NA,NA,Ipsos,Probability Panel,NA,2019-02-16T00:00:00Z,2019-02-22T00:00:00Z,FALSE,NA,93309,1424,rv,NA,rv,TRUE,2025-04-28 19:33:28 UTC,2025-04-28 19:33:28 UTC,NA,http://polling.reuters.com/#!response/TM1178Y17/type/smallest/filters/PD1:1,NA,NA,NA,Congress,25.5,70,4.5
57589,241,Ipsos,,Reuters,NA,NA,NA,Ipsos,Probability Panel,NA,2019-02-16T00:00:00Z,2019-02-22T00:00:00Z,FALSE,NA,93316,1746,a,NA,a,TRUE,2025-04-28 19:33:28 UTC,2025-04-28 19:33:28 UTC,NA,http://polling.reuters.com/#!response/TM1178Y17/type/smallest,NA,NA,NA,Congress,25.4,66.7,7.9
57588,241,Ipsos,,Reuters,NA,NA,NA,Ipsos,Probability Panel,NA,2019-02-17T00:00:00Z,2019-02-23T00:00:00Z,FALSE,NA,93308,1425,rv,NA,rv,TRUE,2025-04-28 19:33:28 UTC,2025-04-28 19:33:28 UTC,NA,http://polling.reuters.com/#!response/TM1178Y17/type/smallest/filters/PD1:1,NA,NA,NA,Congress,25.1,70.3,4.7
57588,241,Ipsos,,Reuters,NA,NA,NA,Ipsos,Probability Panel,NA,2019-02-17T00:00:00Z,2019-02-23T00:00:00Z,FALSE,NA,93315,1746,a,NA,a,TRUE,2025-04-28 19:33:28 UTC,2025-04-28 19:33:28 UTC,NA,http://polling.reuters.com/#!response/TM1178Y17/type/smallest,NA,NA,NA,Congress,25.1,66.7,8.2
57587,241,Ipsos,,Reuters,NA,NA,NA,Ipsos,Probability Panel,NA,2019-02-18T00:00:00Z,2019-02-24T00:00:00Z,FALSE,NA,93307,1441,rv,NA,rv,TRUE,2025-04-28 19:33:20 UTC,2025-04-28 19:33:20 UTC,NA,http://polling.reuters.com/#!response/TM1178Y17/type/smallest/filters/PD1:1,NA,NA,NA,Congress,24.2,71.2,4.6
57587,241,Ipsos,,Reuters,NA,NA,NA,Ipsos,Probability Panel,NA,2019-02-18T00:00:00Z,2019-02-24T00:00:00Z,FALSE,NA,93314,1774,a,NA,a,TRUE,2025-04-28 19:33:28 UTC,2025-04-28 19:33:28 UTC,NA,http://polling.reuters.com/#!response/TM1178Y17/type/smallest,NA,NA,NA,Congress,24.7,67.5,7.8
57586,241,Ipsos,,Reuters,NA,NA,NA,Ipsos,Probability Panel,NA,2019-02-19T00:00:00Z,2019-02-25T00:00:00Z,FALSE,NA,93306,1427,rv,NA,rv,TRUE,2025-04-28 19:33:28 UTC,2025-04-28 19:33:28 UTC,NA,http://polling.reuters.com/#!response/TM1178Y17/type/smallest/filters/PD1:1,NA,NA,NA,Congress,24,70.3,5.6
57586,241,Ipsos,,Reuters,NA,NA,NA,Ipsos,Probability Panel,NA,2019-02-19T00:00:00Z,2019-02-25T00:00:00Z,FALSE,NA,93313,1768,a,NA,a,TRUE,2025-04-28 19:33:28 UTC,2025-04-28 19:33:28 UTC,NA,http://polling.reuters.com/#!response/TM1178Y17/type/smallest,NA,NA,NA,Congress,24.4,66.6,9
57599,241,Ipsos,,Reuters,NA,NA,NA,Ipsos,Probability Panel,NA,2019-02-20T00:00:00Z,2019-02-26T00:00:00Z,FALSE,NA,93443,1759,a,NA,a,TRUE,2025-04-28 19:33:19 UTC,2025-04-28 19:33:19 UTC,NA,http://polling.reuters.com/#!response/TM1178Y17/type/smallest,NA,NA,NA,Congress,23.5,67.3,9.2
57599,241,Ipsos,,Reuters,NA,NA,NA,Ipsos,Probability Panel,NA,2019-02-20T00:00:00Z,2019-02-26T00:00:00Z,FALSE,NA,93436,1427,rv,NA,rv,TRUE,2025-04-28 19:33:31 UTC,2025-04-28 19:33:31 UTC,NA,http://polling.reuters.com/#!response/TM1178Y17/type/smallest/filters/PD1:1,NA,NA,NA,Congress,23.7,70.7,5.6
57596,568,YouGov,,The Economist,NA,NA,NA,YouGov,Online Matched Sample,NA,2019-02-24T00:00:00Z,2019-02-26T00:00:00Z,FALSE,NA,93360,1500,a,NA,a,FALSE,2025-04-28 19:33:20 UTC,2025-04-28 19:33:20 UTC,NA,https://d25d2506sfb94s.cloudfront.net/cumulus_uploads/document/oo6kz6sf4b/econTabReport.pdf,NA,NA,https://d25d2506sfb94s.cloudfront.net/cumulus_uploads/document/oo6kz6sf4b/econTabReport.pdf,Congress,16,55,29
57596,568,YouGov,,The Economist,NA,NA,NA,YouGov,Online Matched Sample,NA,2019-02-24T00:00:00Z,2019-02-26T00:00:00Z,FALSE,NA,93361,1328,rv,NA,rv,FALSE,2025-04-28 19:33:20 UTC,2025-04-28 19:33:20 UTC,NA,https://d25d2506sfb94s.cloudfront.net/cumulus_uploads/document/oo6kz6sf4b/econTabReport.pdf,NA,NA,https://d25d2506sfb94s.cloudfront.net/cumulus_uploads/document/oo6kz6sf4b/econTabReport.pdf,Congress,16,63,21
57633,241,Ipsos,,Reuters,NA,NA,NA,Ipsos,Probability Panel,NA,2019-02-21T00:00:00Z,2019-02-27T00:00:00Z,FALSE,NA,93442,1777,a,NA,a,TRUE,2025-04-28 19:33:11 UTC,2025-04-28 19:33:11 UTC,NA,http://polling.reuters.com/#!response/TM1178Y17/type/smallest,NA,NA,NA,Congress,23.7,66.5,9.8
57633,241,Ipsos,,Reuters,NA,NA,NA,Ipsos,Probability Panel,NA,2019-02-21T00:00:00Z,2019-02-27T00:00:00Z,FALSE,NA,93435,1421,rv,NA,rv,TRUE,2025-04-28 19:33:11 UTC,2025-04-28 19:33:11 UTC,NA,http://polling.reuters.com/#!response/TM1178Y17/type/smallest/filters/PD1:1,NA,NA,NA,Congress,24.2,69.5,6.3
57632,241,Ipsos,,Reuters,NA,NA,NA,Ipsos,Probability Panel,NA,2019-02-22T00:00:00Z,2019-02-28T00:00:00Z,FALSE,NA,93434,1584,rv,NA,rv,TRUE,2025-04-28 19:33:10 UTC,2025-04-28 19:33:10 UTC,NA,http://polling.reuters.com/#!response/TM1178Y17/type/smallest/filters/PD1:1,NA,NA,NA,Congress,25.1,68.3,6.6
57632,241,Ipsos,,Reuters,NA,NA,NA,Ipsos,Probability Panel,NA,2019-02-22T00:00:00Z,2019-02-28T00:00:00Z,FALSE,NA,93441,1966,a,NA,a,TRUE,2025-04-28 19:33:19 UTC,2025-04-28 19:33:19 UTC,NA,http://polling.reuters.com/#!response/TM1178Y17/type/smallest,NA,NA,NA,Congress,24.9,65.4,9.7
57631,241,Ipsos,,Reuters,NA,NA,NA,Ipsos,Probability Panel,NA,2019-02-23T00:00:00Z,2019-03-01T00:00:00Z,FALSE,NA,93433,1611,rv,NA,rv,TRUE,2025-04-28 19:33:10 UTC,2025-04-28 19:33:10 UTC,NA,http://polling.reuters.com/#!response/TM1178Y17/type/smallest/filters/PD1:1,NA,NA,NA,Congress,25.5,67.8,6.7
57631,241,Ipsos,,Reuters,NA,NA,NA,Ipsos,Probability Panel,NA,2019-02-23T00:00:00Z,2019-03-01T00:00:00Z,FALSE,NA,93440,1981,a,NA,a,TRUE,2025-04-28 19:33:19 UTC,2025-04-28 19:33:19 UTC,NA,http://polling.reuters.com/#!response/TM1178Y17/type/smallest,NA,NA,NA,Congress,25.4,64.6,10
66583,552,Winston,,Winning the Issues,NA,NA,NA,The Winston Group,Online Opt-In Panel,NA,2019-02-28T00:00:00Z,2019-03-01T00:00:00Z,FALSE,REP,124097,1000,rv,NA,rv,FALSE,2025-04-28 19:33:12 UTC,2025-04-28 19:33:12 UTC,NA,https://www.winningtheissues.org/wp-content/uploads/2019/03/Winning-the-Issues-February-2019-Survey.pdf,NA,NA,NA,Congress,23,56,21
57630,241,Ipsos,,Reuters,NA,NA,NA,Ipsos,Probability Panel,NA,2019-02-24T00:00:00Z,2019-03-02T00:00:00Z,FALSE,NA,93439,1898,a,NA,a,TRUE,2025-04-28 19:33:11 UTC,2025-04-28 19:33:11 UTC,NA,http://polling.reuters.com/#!response/TM1178Y17/type/smallest,NA,NA,NA,Congress,25.1,64.5,10.5
57630,241,Ipsos,,Reuters,NA,NA,NA,Ipsos,Probability Panel,NA,2019-02-24T00:00:00Z,2019-03-02T00:00:00Z,FALSE,NA,93432,1550,rv,NA,rv,TRUE,2025-04-28 19:33:11 UTC,2025-04-28 19:33:11 UTC,NA,http://polling.reuters.com/#!response/TM1178Y17/type/smallest/filters/PD1:1,NA,NA,NA,Congress,25.1,67.8,7.1
57629,241,Ipsos,,Reuters,NA,NA,NA,Ipsos,Probability Panel,NA,2019-02-25T00:00:00Z,2019-03-03T00:00:00Z,FALSE,NA,93438,1803,a,NA,a,TRUE,2025-04-28 19:33:11 UTC,2025-04-28 19:33:11 UTC,NA,http://polling.reuters.com/#!response/TM1178Y17/type/smallest,NA,NA,NA,Congress,25.2,63.5,11.3
57629,241,Ipsos,,Reuters,NA,NA,NA,Ipsos,Probability Panel,NA,2019-02-25T00:00:00Z,2019-03-03T00:00:00Z,FALSE,NA,93431,1480,rv,NA,rv,TRUE,2025-04-28 19:33:11 UTC,2025-04-28 19:33:11 UTC,NA,http://polling.reuters.com/#!response/TM1178Y17/type/smallest/filters/PD1:1,NA,NA,NA,Congress,25.1,67,7.9
57628,241,Ipsos,,Reuters,NA,NA,NA,Ipsos,Probability Panel,NA,2019-02-26T00:00:00Z,2019-03-04T00:00:00Z,FALSE,NA,93430,1423,rv,NA,rv,TRUE,2025-04-28 19:33:11 UTC,2025-04-28 19:33:11 UTC,NA,http://polling.reuters.com/#!response/TM1178Y17/type/smallest/filters/PD1:1,NA,NA,NA,Congress,24.4,68,7.6
57628,241,Ipsos,,Reuters,NA,NA,NA,Ipsos,Probability Panel,NA,2019-02-26T00:00:00Z,2019-03-04T00:00:00Z,FALSE,NA,93437,1720,a,NA,a,TRUE,2025-04-28 19:33:11 UTC,2025-04-28 19:33:11 UTC,NA,http://polling.reuters.com/#!response/TM1178Y17/type/smallest,NA,NA,NA,Congress,24.6,64.3,11.1
57641,320,Monmouth,,NA,NA,NA,NA,Monmouth University Polling Institute,Live Phone,NA,2019-03-01T00:00:00Z,2019-03-04T00:00:00Z,FALSE,NA,93480,746,rv,NA,rv,FALSE,2025-04-28 19:33:20 UTC,2025-04-28 19:33:20 UTC,NA,https://www.monmouth.edu/polling-institute/documents/monmouthpoll_us_030619.pdf/,NA,NA,NA,Congress,22,70,8
57641,320,Monmouth,,NA,NA,NA,NA,Monmouth University Polling Institute,Live Phone,NA,2019-03-01T00:00:00Z,2019-03-04T00:00:00Z,FALSE,NA,93479,802,a,NA,a,FALSE,2025-04-28 19:33:20 UTC,2025-04-28 19:33:20 UTC,NA,https://www.monmouth.edu/polling-institute/documents/monmouthpoll_us_030619.pdf/,NA,NA,NA,Congress,23,68,9
57644,241,Ipsos,,Reuters,NA,NA,NA,Ipsos,Probability Panel,NA,2019-02-27T00:00:00Z,2019-03-05T00:00:00Z,FALSE,NA,93554,1633,a,NA,a,TRUE,2025-04-28 19:33:20 UTC,2025-04-28 19:33:20 UTC,NA,http://polling.reuters.com/#!response/TM1178Y17/type/smallest,NA,NA,NA,Congress,25.1,63.7,11.2
57644,241,Ipsos,,Reuters,NA,NA,NA,Ipsos,Probability Panel,NA,2019-02-27T00:00:00Z,2019-03-05T00:00:00Z,FALSE,NA,93547,1362,rv,NA,rv,TRUE,2025-04-28 19:33:20 UTC,2025-04-28 19:33:20 UTC,NA,http://polling.reuters.com/#!response/TM1178Y17/type/smallest/filters/PD1:1,NA,NA,NA,Congress,25,67.6,7.5
57638,568,YouGov,,The Economist,NA,NA,NA,YouGov,Online Matched Sample,NA,2019-03-03T00:00:00Z,2019-03-05T00:00:00Z,FALSE,NA,93474,1304,rv,NA,rv,FALSE,2025-04-28 19:33:31 UTC,2025-04-28 19:33:31 UTC,NA,https://d25d2506sfb94s.cloudfront.net/cumulus_uploads/document/9d5s05pspt/econTabReport.pdf,NA,NA,https://d25d2506sfb94s.cloudfront.net/cumulus_uploads/document/9d5s05pspt/econTabReport.pdf,Congress,20,61,21
57638,568,YouGov,,The Economist,NA,NA,NA,YouGov,Online Matched Sample,NA,2019-03-03T00:00:00Z,2019-03-05T00:00:00Z,FALSE,NA,93473,1500,a,NA,a,FALSE,2025-04-28 19:33:31 UTC,2025-04-28 19:33:31 UTC,NA,https://d25d2506sfb94s.cloudfront.net/cumulus_uploads/document/9d5s05pspt/econTabReport.pdf,NA,NA,https://d25d2506sfb94s.cloudfront.net/cumulus_uploads/document/9d5s05pspt/econTabReport.pdf,Congress,19,48,32
57670,241,Ipsos,,Reuters,NA,NA,NA,Ipsos,Probability Panel,NA,2019-02-28T00:00:00Z,2019-03-06T00:00:00Z,FALSE,NA,93553,1537,a,NA,a,TRUE,2025-04-28 19:33:35 UTC,2025-04-28 19:33:35 UTC,NA,http://polling.reuters.com/#!response/TM1178Y17/type/smallest,NA,NA,NA,Congress,24.7,65.1,10.2
57670,241,Ipsos,,Reuters,NA,NA,NA,Ipsos,Probability Panel,NA,2019-02-28T00:00:00Z,2019-03-06T00:00:00Z,FALSE,NA,93546,1307,rv,NA,rv,TRUE,2025-04-28 19:33:11 UTC,2025-04-28 19:33:11 UTC,NA,http://polling.reuters.com/#!response/TM1178Y17/type/smallest/filters/PD1:1,NA,NA,NA,Congress,24,69.4,6.7
57671,241,Ipsos,,Reuters,NA,NA,NA,Ipsos,Probability Panel,NA,2019-03-01T00:00:00Z,2019-03-07T00:00:00Z,FALSE,NA,93545,1078,rv,NA,rv,TRUE,2025-04-28 19:33:20 UTC,2025-04-28 19:33:20 UTC,NA,http://polling.reuters.com/#!response/TM1178Y17/type/smallest/filters/PD1:1,NA,NA,NA,Congress,22.1,70.3,7.6
57671,241,Ipsos,,Reuters,NA,NA,NA,Ipsos,Probability Panel,NA,2019-03-01T00:00:00Z,2019-03-07T00:00:00Z,FALSE,NA,93552,1268,a,NA,a,TRUE,2025-04-28 19:33:20 UTC,2025-04-28 19:33:20 UTC,NA,http://polling.reuters.com/#!response/TM1178Y17/type/smallest,NA,NA,NA,Congress,23.3,65.2,11.6
57672,241,Ipsos,,Reuters,NA,NA,NA,Ipsos,Probability Panel,NA,2019-03-02T00:00:00Z,2019-03-08T00:00:00Z,FALSE,NA,93551,1153,a,NA,a,TRUE,2025-04-28 19:33:35 UTC,2025-04-28 19:33:35 UTC,NA,http://polling.reuters.com/#!response/TM1178Y17/type/smallest,NA,NA,NA,Congress,22.5,65.9,11.6
57672,241,Ipsos,,Reuters,NA,NA,NA,Ipsos,Probability Panel,NA,2019-03-02T00:00:00Z,2019-03-08T00:00:00Z,FALSE,NA,93544,984,rv,NA,rv,TRUE,2025-04-28 19:33:35 UTC,2025-04-28 19:33:35 UTC,NA,http://polling.reuters.com/#!response/TM1178Y17/type/smallest/filters/PD1:1,NA,NA,NA,Congress,22.7,69,8.3
57673,241,Ipsos,,Reuters,NA,NA,NA,Ipsos,Probability Panel,NA,2019-03-03T00:00:00Z,2019-03-09T00:00:00Z,FALSE,NA,93543,966,rv,NA,rv,TRUE,2025-04-28 19:33:35 UTC,2025-04-28 19:33:35 UTC,NA,http://polling.reuters.com/#!response/TM1178Y17/type/smallest/filters/PD1:1,NA,NA,NA,Congress,22.7,69.6,7.7
57673,241,Ipsos,,Reuters,NA,NA,NA,Ipsos,Probability Panel,NA,2019-03-03T00:00:00Z,2019-03-09T00:00:00Z,FALSE,NA,93550,1140,a,NA,a,TRUE,2025-04-28 19:33:35 UTC,2025-04-28 19:33:35 UTC,NA,http://polling.reuters.com/#!response/TM1178Y17/type/smallest,NA,NA,NA,Congress,22.1,65.9,12
57686,169,Gallup,,NA,NA,NA,NA,Gallup,Live Phone,NA,2019-03-01T00:00:00Z,2019-03-10T00:00:00Z,FALSE,NA,93767,1039,a,NA,a,FALSE,2025-04-28 19:33:31 UTC,2025-04-28 19:33:31 UTC,NA,https://news.gallup.com/poll/247928/job-approval-congress-reaches-two-year-high.aspx,NA,NA,NA,Congress,26,70,4
57674,241,Ipsos,,Reuters,NA,NA,NA,Ipsos,Probability Panel,NA,2019-03-04T00:00:00Z,2019-03-10T00:00:00Z,FALSE,NA,93542,961,rv,NA,rv,TRUE,2025-04-28 19:33:35 UTC,2025-04-28 19:33:35 UTC,NA,http://polling.reuters.com/#!response/TM1178Y17/type/smallest/filters/PD1:1,NA,NA,NA,Congress,23.8,69.8,6.5
57674,241,Ipsos,,Reuters,NA,NA,NA,Ipsos,Probability Panel,NA,2019-03-04T00:00:00Z,2019-03-10T00:00:00Z,FALSE,NA,93549,1140,a,NA,a,TRUE,2025-04-28 19:33:35 UTC,2025-04-28 19:33:35 UTC,NA,http://polling.reuters.com/#!response/TM1178Y17/type/smallest,NA,NA,NA,Congress,22.8,66.5,10.8
57675,241,Ipsos,,Reuters,NA,NA,NA,Ipsos,Probability Panel,NA,2019-03-05T00:00:00Z,2019-03-11T00:00:00Z,FALSE,NA,93548,1102,a,NA,a,TRUE,2025-04-28 19:33:35 UTC,2025-04-28 19:33:35 UTC,NA,http://polling.reuters.com/#!response/TM1178Y17/type/smallest,NA,NA,NA,Congress,22.8,65.4,11.8
57675,241,Ipsos,,Reuters,NA,NA,NA,Ipsos,Probability Panel,NA,2019-03-05T00:00:00Z,2019-03-11T00:00:00Z,FALSE,NA,93541,919,rv,NA,rv,TRUE,2025-04-28 19:33:35 UTC,2025-04-28 19:33:35 UTC,NA,http://polling.reuters.com/#!response/TM1178Y17/type/smallest/filters/PD1:1,NA,NA,NA,Congress,24.2,68.3,7.5
57682,241,Ipsos,,Reuters,NA,NA,NA,Ipsos,Probability Panel,NA,2019-03-06T00:00:00Z,2019-03-12T00:00:00Z,FALSE,NA,93644,1105,a,NA,a,TRUE,2025-04-28 19:33:31 UTC,2025-04-28 19:33:31 UTC,NA,http://polling.reuters.com/#!response/TM1178Y17/type/smallest,NA,NA,NA,Congress,22,66.1,11.9
57682,241,Ipsos,,Reuters,NA,NA,NA,Ipsos,Probability Panel,NA,2019-03-06T00:00:00Z,2019-03-12T00:00:00Z,FALSE,NA,93637,918,rv,NA,rv,TRUE,2025-04-28 19:33:31 UTC,2025-04-28 19:33:31 UTC,NA,http://polling.reuters.com/#!response/TM1178Y17/type/smallest/filters/PD1:1,NA,NA,NA,Congress,22.8,69.2,8
57679,568,YouGov,,The Economist,NA,NA,NA,YouGov,Online Matched Sample,NA,2019-03-10T00:00:00Z,2019-03-12T00:00:00Z,FALSE,NA,93576,1279,rv,NA,rv,FALSE,2025-04-28 19:33:31 UTC,2025-04-28 19:33:31 UTC,NA,https://d25d2506sfb94s.cloudfront.net/cumulus_uploads/document/a5islr4zij/econTabReport.pdf,NA,NA,https://d25d2506sfb94s.cloudfront.net/cumulus_uploads/document/a5islr4zij/econTabReport.pdf,Congress,15,66,19
57679,568,YouGov,,The Economist,NA,NA,NA,YouGov,Online Matched Sample,NA,2019-03-10T00:00:00Z,2019-03-12T00:00:00Z,FALSE,NA,93575,1500,a,NA,a,FALSE,2025-04-28 19:33:31 UTC,2025-04-28 19:33:31 UTC,NA,https://d25d2506sfb94s.cloudfront.net/cumulus_uploads/document/a5islr4zij/econTabReport.pdf,NA,NA,https://d25d2506sfb94s.cloudfront.net/cumulus_uploads/document/a5islr4zij/econTabReport.pdf,Congress,16,57,27
57711,241,Ipsos,,Reuters,NA,NA,NA,Ipsos,Probability Panel,NA,2019-03-07T00:00:00Z,2019-03-13T00:00:00Z,FALSE,NA,93643,1099,a,NA,a,TRUE,2025-04-28 19:33:19 UTC,2025-04-28 19:33:19 UTC,NA,http://polling.reuters.com/#!response/TM1178Y17/type/smallest,NA,NA,NA,Congress,22.8,64.9,12.3
57711,241,Ipsos,,Reuters,NA,NA,NA,Ipsos,Probability Panel,NA,2019-03-07T00:00:00Z,2019-03-13T00:00:00Z,FALSE,NA,93636,912,rv,NA,rv,TRUE,2025-04-28 19:33:30 UTC,2025-04-28 19:33:30 UTC,NA,http://polling.reuters.com/#!response/TM1178Y17/type/smallest/filters/PD1:1,NA,NA,NA,Congress,23.1,68.9,8
57710,241,Ipsos,,Reuters,NA,NA,NA,Ipsos,Probability Panel,NA,2019-03-08T00:00:00Z,2019-03-14T00:00:00Z,FALSE,NA,93635,911,rv,NA,rv,TRUE,2025-04-28 19:33:30 UTC,2025-04-28 19:33:30 UTC,NA,http://polling.reuters.com/#!response/TM1178Y17/type/smallest/filters/PD1:1,NA,NA,NA,Congress,24.3,68.9,6.8
57710,241,Ipsos,,Reuters,NA,NA,NA,Ipsos,Probability Panel,NA,2019-03-08T00:00:00Z,2019-03-14T00:00:00Z,FALSE,NA,93642,1094,a,NA,a,TRUE,2025-04-28 19:33:30 UTC,2025-04-28 19:33:30 UTC,NA,http://polling.reuters.com/#!response/TM1178Y17/type/smallest,NA,NA,NA,Congress,23.7,65,11.2
57709,241,Ipsos,,Reuters,NA,NA,NA,Ipsos,Probability Panel,NA,2019-03-09T00:00:00Z,2019-03-15T00:00:00Z,FALSE,NA,93634,908,rv,NA,rv,TRUE,2025-04-28 19:33:30 UTC,2025-04-28 19:33:30 UTC,NA,http://polling.reuters.com/#!response/TM1178Y17/type/smallest/filters/PD1:1,NA,NA,NA,Congress,24.3,69.4,6.3
57709,241,Ipsos,,Reuters,NA,NA,NA,Ipsos,Probability Panel,NA,2019-03-09T00:00:00Z,2019-03-15T00:00:00Z,FALSE,NA,93641,1095,a,NA,a,TRUE,2025-04-28 19:33:20 UTC,2025-04-28 19:33:20 UTC,NA,http://polling.reuters.com/#!response/TM1178Y17/type/smallest,NA,NA,NA,Congress,24.1,65,10.8
57708,241,Ipsos,,Reuters,NA,NA,NA,Ipsos,Probability Panel,NA,2019-03-10T00:00:00Z,2019-03-16T00:00:00Z,FALSE,NA,93640,1105,a,NA,a,TRUE,2025-04-28 19:33:20 UTC,2025-04-28 19:33:20 UTC,NA,http://polling.reuters.com/#!response/TM1178Y17/type/smallest,NA,NA,NA,Congress,28,62.3,9.7
57708,241,Ipsos,,Reuters,NA,NA,NA,Ipsos,Probability Panel,NA,2019-03-10T00:00:00Z,2019-03-16T00:00:00Z,FALSE,NA,93633,921,rv,NA,rv,TRUE,2025-04-28 19:33:30 UTC,2025-04-28 19:33:30 UTC,NA,http://polling.reuters.com/#!response/TM1178Y17/type/smallest/filters/PD1:1,NA,NA,NA,Congress,28.2,65.6,6.2
57707,241,Ipsos,,Reuters,NA,NA,NA,Ipsos,Probability Panel,NA,2019-03-11T00:00:00Z,2019-03-17T00:00:00Z,FALSE,NA,93632,926,rv,NA,rv,TRUE,2025-04-28 19:33:30 UTC,2025-04-28 19:33:30 UTC,NA,http://polling.reuters.com/#!response/TM1178Y17/type/smallest/filters/PD1:1,NA,NA,NA,Congress,28.7,64.7,6.6
57707,241,Ipsos,,Reuters,NA,NA,NA,Ipsos,Probability Panel,NA,2019-03-11T00:00:00Z,2019-03-17T00:00:00Z,FALSE,NA,93639,1093,a,NA,a,TRUE,2025-04-28 19:33:30 UTC,2025-04-28 19:33:30 UTC,NA,http://polling.reuters.com/#!response/TM1178Y17/type/smallest,NA,NA,NA,Congress,28.3,61.7,10
57706,241,Ipsos,,Reuters,NA,NA,NA,Ipsos,Probability Panel,NA,2019-03-12T00:00:00Z,2019-03-18T00:00:00Z,FALSE,NA,93631,961,rv,NA,rv,TRUE,2025-04-28 19:33:30 UTC,2025-04-28 19:33:30 UTC,NA,http://polling.reuters.com/#!response/TM1178Y17/type/smallest/filters/PD1:1,NA,NA,NA,Congress,28.2,66,5.8
57706,241,Ipsos,,Reuters,NA,NA,NA,Ipsos,Probability Panel,NA,2019-03-12T00:00:00Z,2019-03-18T00:00:00Z,FALSE,NA,93638,1125,a,NA,a,TRUE,2025-04-28 19:33:30 UTC,2025-04-28 19:33:30 UTC,NA,http://polling.reuters.com/#!response/TM1178Y17/type/smallest,NA,NA,NA,Congress,27.8,62.6,9.6
57722,241,Ipsos,,Reuters,NA,NA,NA,Ipsos,Probability Panel,NA,2019-03-13T00:00:00Z,2019-03-19T00:00:00Z,FALSE,NA,93820,945,rv,NA,rv,TRUE,2025-04-28 19:33:31 UTC,2025-04-28 19:33:31 UTC,NA,http://polling.reuters.com/#!response/TM1178Y17/type/smallest/filters/PD1:1,NA,NA,NA,Congress,28.6,65.7,5.7
57719,568,YouGov,,The Economist,NA,NA,NA,YouGov,Online Matched Sample,NA,2019-03-17T00:00:00Z,2019-03-19T00:00:00Z,FALSE,NA,93690,1500,a,NA,a,FALSE,2025-04-28 19:33:20 UTC,2025-04-28 19:33:20 UTC,NA,https://d25d2506sfb94s.cloudfront.net/cumulus_uploads/document/civrx2u2zk/econTabReport.pdf,NA,NA,https://d25d2506sfb94s.cloudfront.net/cumulus_uploads/document/civrx2u2zk/econTabReport.pdf,Congress,16,56,28
57722,241,Ipsos,,Reuters,NA,NA,NA,Ipsos,Probability Panel,NA,2019-03-13T00:00:00Z,2019-03-19T00:00:00Z,FALSE,NA,93827,1107,a,NA,a,TRUE,2025-04-28 19:33:11 UTC,2025-04-28 19:33:11 UTC,NA,NA,NA,NA,NA,Congress,27.6,62.5,9.9
57719,568,YouGov,,The Economist,NA,NA,NA,YouGov,Online Matched Sample,NA,2019-03-17T00:00:00Z,2019-03-19T00:00:00Z,FALSE,NA,93691,1287,rv,NA,rv,FALSE,2025-04-28 19:33:11 UTC,2025-04-28 19:33:11 UTC,NA,https://d25d2506sfb94s.cloudfront.net/cumulus_uploads/document/civrx2u2zk/econTabReport.pdf,NA,NA,https://d25d2506sfb94s.cloudfront.net/cumulus_uploads/document/civrx2u2zk/econTabReport.pdf,Congress,17,63,20
57774,241,Ipsos,,Reuters,NA,NA,NA,Ipsos,Probability Panel,NA,2019-03-14T00:00:00Z,2019-03-20T00:00:00Z,FALSE,NA,93826,1222,a,NA,a,TRUE,2025-04-28 19:33:10 UTC,2025-04-28 19:33:10 UTC,NA,http://polling.reuters.com/#!response/TM1178Y17/type/smallest,NA,NA,NA,Congress,27,62.8,10.3
57774,241,Ipsos,,Reuters,NA,NA,NA,Ipsos,Probability Panel,NA,2019-03-14T00:00:00Z,2019-03-20T00:00:00Z,FALSE,NA,93819,1050,rv,NA,rv,TRUE,2025-04-28 19:33:10 UTC,2025-04-28 19:33:10 UTC,NA,http://polling.reuters.com/#!response/TM1178Y17/type/smallest/filters/PD1:1,NA,NA,NA,Congress,28.7,65.3,6
57773,241,Ipsos,,Reuters,NA,NA,NA,Ipsos,Probability Panel,NA,2019-03-15T00:00:00Z,2019-03-21T00:00:00Z,FALSE,NA,93825,1517,a,NA,a,TRUE,2025-04-28 19:33:10 UTC,2025-04-28 19:33:10 UTC,NA,http://polling.reuters.com/#!response/TM1178Y17/type/smallest,NA,NA,NA,Congress,24.9,64,11.1
57773,241,Ipsos,,Reuters,NA,NA,NA,Ipsos,Probability Panel,NA,2019-03-15T00:00:00Z,2019-03-21T00:00:00Z,FALSE,NA,93818,1311,rv,NA,rv,TRUE,2025-04-28 19:33:10 UTC,2025-04-28 19:33:10 UTC,NA,http://polling.reuters.com/#!response/TM1178Y17/type/smallest/filters/PD1:1,NA,NA,NA,Congress,26.2,66.9,6.9
57772,241,Ipsos,,Reuters,NA,NA,NA,Ipsos,Probability Panel,NA,2019-03-16T00:00:00Z,2019-03-22T00:00:00Z,FALSE,NA,93824,1613,a,NA,a,TRUE,2025-04-28 19:33:10 UTC,2025-04-28 19:33:10 UTC,NA,http://polling.reuters.com/#!response/TM1178Y17/type/smallest,NA,NA,NA,Congress,25.9,63.5,10.6
57772,241,Ipsos,,Reuters,NA,NA,NA,Ipsos,Probability Panel,NA,2019-03-16T00:00:00Z,2019-03-22T00:00:00Z,FALSE,NA,93817,1401,rv,NA,rv,TRUE,2025-04-28 19:33:10 UTC,2025-04-28 19:33:10 UTC,NA,http://polling.reuters.com/#!response/TM1178Y17/type/smallest/filters/PD1:1,NA,NA,NA,Congress,27.1,66.2,6.7
57771,241,Ipsos,,Reuters,NA,NA,NA,Ipsos,Probability Panel,NA,2019-03-17T00:00:00Z,2019-03-23T00:00:00Z,FALSE,NA,93823,1792,a,NA,a,TRUE,2025-04-28 19:33:10 UTC,2025-04-28 19:33:10 UTC,NA,http://polling.reuters.com/#!response/TM1178Y17/type/smallest,NA,NA,NA,Congress,24.4,64.5,11.1
57771,241,Ipsos,,Reuters,NA,NA,NA,Ipsos,Probability Panel,NA,2019-03-17T00:00:00Z,2019-03-23T00:00:00Z,FALSE,NA,93816,1558,rv,NA,rv,TRUE,2025-04-28 19:33:11 UTC,2025-04-28 19:33:11 UTC,NA,http://polling.reuters.com/#!response/TM1178Y17/type/smallest/filters/PD1:1,NA,NA,NA,Congress,25.5,66.8,7.7
57770,241,Ipsos,,Reuters,NA,NA,NA,Ipsos,Probability Panel,NA,2019-03-18T00:00:00Z,2019-03-24T00:00:00Z,FALSE,NA,93822,1924,a,NA,a,TRUE,2025-04-28 19:33:11 UTC,2025-04-28 19:33:11 UTC,NA,http://polling.reuters.com/#!response/TM1178Y17/type/smallest,NA,NA,NA,Congress,24.2,65.3,10.5
57770,241,Ipsos,,Reuters,NA,NA,NA,Ipsos,Probability Panel,NA,2019-03-18T00:00:00Z,2019-03-24T00:00:00Z,FALSE,NA,93815,1660,rv,NA,rv,TRUE,2025-04-28 19:33:11 UTC,2025-04-28 19:33:11 UTC,NA,http://polling.reuters.com/#!response/TM1178Y17/type/smallest/filters/PD1:1,NA,NA,NA,Congress,25.5,67,7.6
57769,241,Ipsos,,Reuters,NA,NA,NA,Ipsos,Probability Panel,NA,2019-03-19T00:00:00Z,2019-03-25T00:00:00Z,FALSE,NA,93821,2120,a,NA,a,TRUE,2025-04-28 19:33:10 UTC,2025-04-28 19:33:10 UTC,NA,http://polling.reuters.com/#!response/TM1178Y17/type/smallest,NA,NA,NA,Congress,25,64.4,10.6
57769,241,Ipsos,,Reuters,NA,NA,NA,Ipsos,Probability Panel,NA,2019-03-19T00:00:00Z,2019-03-25T00:00:00Z,FALSE,NA,93814,1812,rv,NA,rv,TRUE,2025-04-28 19:33:10 UTC,2025-04-28 19:33:10 UTC,NA,http://polling.reuters.com/#!response/TM1178Y17/type/smallest/filters/PD1:1,NA,NA,NA,Congress,26,66.6,7.4
57779,241,Ipsos,,Reuters,NA,NA,NA,Ipsos,Probability Panel,NA,2019-03-20T00:00:00Z,2019-03-26T00:00:00Z,FALSE,NA,93932,1962,rv,NA,rv,TRUE,2025-04-28 19:33:10 UTC,2025-04-28 19:33:10 UTC,NA,http://polling.reuters.com/#!response/TM1178Y17/type/smallest/filters/PD1:1,NA,NA,NA,Congress,26.6,66.2,7.3
57779,241,Ipsos,,Reuters,NA,NA,NA,Ipsos,Probability Panel,NA,2019-03-20T00:00:00Z,2019-03-26T00:00:00Z,FALSE,NA,93938,2300,a,NA,a,TRUE,2025-04-28 19:33:31 UTC,2025-04-28 19:33:31 UTC,NA,http://polling.reuters.com/#!response/TM1178Y17/type/smallest,NA,NA,NA,Congress,25.4,63.7,10.9
57776,568,YouGov,,The Economist,NA,NA,NA,YouGov,Online Matched Sample,NA,2019-03-24T00:00:00Z,2019-03-26T00:00:00Z,FALSE,NA,93847,1249,rv,NA,rv,FALSE,2025-04-28 19:33:11 UTC,2025-04-28 19:33:11 UTC,NA,https://d25d2506sfb94s.cloudfront.net/cumulus_uploads/document/6ujvi5p8z1/econTabReport.pdf,NA,NA,https://d25d2506sfb94s.cloudfront.net/cumulus_uploads/document/6ujvi5p8z1/econTabReport.pdf,Congress,15,65,20
57776,568,YouGov,,The Economist,NA,NA,NA,YouGov,Online Matched Sample,NA,2019-03-24T00:00:00Z,2019-03-26T00:00:00Z,FALSE,NA,93846,1500,a,NA,a,FALSE,2025-04-28 19:33:11 UTC,2025-04-28 19:33:11 UTC,NA,https://d25d2506sfb94s.cloudfront.net/cumulus_uploads/document/6ujvi5p8z1/econTabReport.pdf,NA,NA,https://d25d2506sfb94s.cloudfront.net/cumulus_uploads/document/6ujvi5p8z1/econTabReport.pdf,Congress,15,56,28
57818,241,Ipsos,,Reuters,NA,NA,NA,Ipsos,Probability Panel,NA,2019-03-21T00:00:00Z,2019-03-27T00:00:00Z,FALSE,NA,93931,1972,rv,NA,rv,TRUE,2025-04-28 19:33:34 UTC,2025-04-28 19:33:34 UTC,NA,http://polling.reuters.com/#!response/TM1178Y17/type/smallest/filters/PD1:1,NA,NA,NA,Congress,26.8,65.7,7.5
57818,241,Ipsos,,Reuters,NA,NA,NA,Ipsos,Probability Panel,NA,2019-03-21T00:00:00Z,2019-03-27T00:00:00Z,FALSE,NA,93937,2318,a,NA,a,TRUE,2025-04-28 19:33:34 UTC,2025-04-28 19:33:34 UTC,NA,http://polling.reuters.com/#!response/TM1178Y17/type/smallest,NA,NA,NA,Congress,25.5,63.5,11
57817,241,Ipsos,,Reuters,NA,NA,NA,Ipsos,Probability Panel,NA,2019-03-22T00:00:00Z,2019-03-28T00:00:00Z,FALSE,NA,93930,1751,rv,NA,rv,TRUE,2025-04-28 19:33:32 UTC,2025-04-28 19:33:32 UTC,NA,http://polling.reuters.com/#!response/TM1178Y17/type/smallest/filters/PD1:1,NA,NA,NA,Congress,27.8,65.1,7
57817,241,Ipsos,,Reuters,NA,NA,NA,Ipsos,Probability Panel,NA,2019-03-22T00:00:00Z,2019-03-28T00:00:00Z,FALSE,NA,93936,2073,a,NA,a,TRUE,2025-04-28 19:33:32 UTC,2025-04-28 19:33:32 UTC,NA,http://polling.reuters.com/#!response/TM1178Y17/type/smallest,NA,NA,NA,Congress,26.5,63.2,10.3
57816,241,Ipsos,,Reuters,NA,NA,NA,Ipsos,Probability Panel,NA,2019-03-23T00:00:00Z,2019-03-29T00:00:00Z,FALSE,NA,93929,1860,rv,NA,rv,TRUE,2025-04-28 19:33:35 UTC,2025-04-28 19:33:35 UTC,NA,http://polling.reuters.com/#!response/TM1178Y17/type/smallest/filters/PD1:1,NA,NA,NA,Congress,27.5,65.3,7.2
57816,241,Ipsos,,Reuters,NA,NA,NA,Ipsos,Probability Panel,NA,2019-03-23T00:00:00Z,2019-03-29T00:00:00Z,FALSE,NA,93935,2195,a,NA,a,TRUE,2025-04-28 19:33:32 UTC,2025-04-28 19:33:32 UTC,NA,http://polling.reuters.com/#!response/TM1178Y17/type/smallest,NA,NA,NA,Congress,26.4,63.2,10.4
57815,241,Ipsos,,Reuters,NA,NA,NA,Ipsos,Probability Panel,NA,2019-03-24T00:00:00Z,2019-03-30T00:00:00Z,FALSE,NA,93928,1791,rv,NA,rv,TRUE,2025-04-28 19:33:35 UTC,2025-04-28 19:33:35 UTC,NA,http://polling.reuters.com/#!response/TM1178Y17/type/smallest/filters/PD1:1,NA,NA,NA,Congress,27.9,65.2,6.8
57815,241,Ipsos,,Reuters,NA,NA,NA,Ipsos,Probability Panel,NA,2019-03-24T00:00:00Z,2019-03-30T00:00:00Z,FALSE,NA,93934,2121,a,NA,a,TRUE,2025-04-28 19:33:12 UTC,2025-04-28 19:33:12 UTC,NA,http://polling.reuters.com/#!response/TM1178Y17/type/smallest,NA,NA,NA,Congress,26.6,62.9,10.5
57814,241,Ipsos,,Reuters,NA,NA,NA,Ipsos,Probability Panel,NA,2019-03-25T00:00:00Z,2019-03-31T00:00:00Z,FALSE,NA,93933,2145,a,NA,a,TRUE,2025-04-28 19:33:20 UTC,2025-04-28 19:33:20 UTC,NA,http://polling.reuters.com/#!response/TM1178Y17/type/smallest,NA,NA,NA,Congress,27.3,61.7,11
57814,241,Ipsos,,Reuters,NA,NA,NA,Ipsos,Probability Panel,NA,2019-03-25T00:00:00Z,2019-03-31T00:00:00Z,FALSE,NA,93927,1791,rv,NA,rv,TRUE,2025-04-28 19:33:35 UTC,2025-04-28 19:33:35 UTC,NA,http://polling.reuters.com/#!response/TM1178Y17/type/smallest/filters/PD1:1,NA,NA,NA,Congress,28.4,64.8,6.9
66584,552,Winston,,Winning the Issues,NA,NA,NA,The Winston Group,Online Opt-In Panel,NA,2019-03-30T00:00:00Z,2019-03-31T00:00:00Z,FALSE,REP,124098,1000,rv,NA,rv,FALSE,2025-04-28 19:33:12 UTC,2025-04-28 19:33:12 UTC,NA,https://www.winningtheissues.org/wp-content/uploads/2019/05/Winning-the-Issues-March-2019.pdf,NA,NA,NA,Congress,20,56,24
57824,241,Ipsos,,Reuters,NA,NA,NA,Ipsos,Probability Panel,NA,2019-03-26T00:00:00Z,2019-04-01T00:00:00Z,FALSE,NA,94027,1668,rv,NA,rv,TRUE,2025-04-28 19:33:34 UTC,2025-04-28 19:33:34 UTC,NA,http://polling.reuters.com/#!response/TM1178Y17/type/smallest/filters/PD1:1,NA,NA,NA,Congress,28.8,64.1,7.1
57824,241,Ipsos,,Reuters,NA,NA,NA,Ipsos,Probability Panel,NA,2019-03-26T00:00:00Z,2019-04-01T00:00:00Z,FALSE,NA,94035,1987,a,NA,a,TRUE,2025-04-28 19:33:34 UTC,2025-04-28 19:33:34 UTC,NA,http://polling.reuters.com/#!response/TM1178Y17/type/smallest,NA,NA,NA,Congress,27.8,61.6,10.7
57856,241,Ipsos,,Reuters,NA,NA,NA,Ipsos,Probability Panel,NA,2019-03-27T00:00:00Z,2019-04-02T00:00:00Z,FALSE,NA,94034,1659,a,NA,a,TRUE,2025-04-28 19:33:35 UTC,2025-04-28 19:33:35 UTC,NA,http://polling.reuters.com/#!response/TM1178Y17/type/smallest,NA,NA,NA,Congress,28.2,61.6,10.3
57821,568,YouGov,,The Economist,NA,NA,NA,YouGov,Online Matched Sample,NA,2019-03-31T00:00:00Z,2019-04-02T00:00:00Z,FALSE,NA,93964,1500,a,NA,a,FALSE,2025-04-28 19:33:12 UTC,2025-04-28 19:33:12 UTC,NA,https://d25d2506sfb94s.cloudfront.net/cumulus_uploads/document/t1fl59zsim/econTabReport.pdf,NA,NA,https://d25d2506sfb94s.cloudfront.net/cumulus_uploads/document/t1fl59zsim/econTabReport.pdf,Congress,14,57,29
57821,568,YouGov,,The Economist,NA,NA,NA,YouGov,Online Matched Sample,NA,2019-03-31T00:00:00Z,2019-04-02T00:00:00Z,FALSE,NA,93965,1227,rv,NA,rv,FALSE,2025-04-28 19:33:12 UTC,2025-04-28 19:33:12 UTC,NA,https://d25d2506sfb94s.cloudfront.net/cumulus_uploads/document/t1fl59zsim/econTabReport.pdf,NA,NA,https://d25d2506sfb94s.cloudfront.net/cumulus_uploads/document/t1fl59zsim/econTabReport.pdf,Congress,15,65,20
57856,241,Ipsos,,Reuters,NA,NA,NA,Ipsos,Probability Panel,NA,2019-03-27T00:00:00Z,2019-04-02T00:00:00Z,FALSE,NA,94026,1390,rv,NA,rv,TRUE,2025-04-28 19:33:35 UTC,2025-04-28 19:33:35 UTC,NA,http://polling.reuters.com/#!response/TM1178Y17/type/smallest/filters/PD1:1,NA,NA,NA,Congress,28.8,64.2,7
57855,241,Ipsos,,Reuters,NA,NA,NA,Ipsos,Probability Panel,NA,2019-03-28T00:00:00Z,2019-04-03T00:00:00Z,FALSE,NA,94025,1134,rv,NA,rv,TRUE,2025-04-28 19:33:35 UTC,2025-04-28 19:33:35 UTC,NA,http://polling.reuters.com/#!response/TM1178Y17/type/smallest/filters/PD1:1,NA,NA,NA,Congress,28.9,64.6,6.5
57855,241,Ipsos,,Reuters,NA,NA,NA,Ipsos,Probability Panel,NA,2019-03-28T00:00:00Z,2019-04-03T00:00:00Z,FALSE,NA,94033,1361,a,NA,a,TRUE,2025-04-28 19:33:35 UTC,2025-04-28 19:33:35 UTC,NA,http://polling.reuters.com/#!response/TM1178Y17/type/smallest,NA,NA,NA,Congress,28.4,61.7,10
57854,241,Ipsos,,Reuters,NA,NA,NA,Ipsos,Probability Panel,NA,2019-03-29T00:00:00Z,2019-04-04T00:00:00Z,FALSE,NA,94032,1149,a,NA,a,TRUE,2025-04-28 19:33:35 UTC,2025-04-28 19:33:35 UTC,NA,http://polling.reuters.com/#!response/TM1178Y17/type/smallest,NA,NA,NA,Congress,28.9,60.6,10.5
57854,241,Ipsos,,Reuters,NA,NA,NA,Ipsos,Probability Panel,NA,2019-03-29T00:00:00Z,2019-04-04T00:00:00Z,FALSE,NA,94024,955,rv,NA,rv,TRUE,2025-04-28 19:33:35 UTC,2025-04-28 19:33:35 UTC,NA,http://polling.reuters.com/#!response/TM1178Y17/type/smallest/filters/PD1:1,NA,NA,NA,Congress,29.5,63.7,6.8
57853,241,Ipsos,,Reuters,NA,NA,NA,Ipsos,Probability Panel,NA,2019-03-30T00:00:00Z,2019-04-05T00:00:00Z,FALSE,NA,94023,824,rv,NA,rv,TRUE,2025-04-28 19:33:34 UTC,2025-04-28 19:33:34 UTC,NA,http://polling.reuters.com/#!response/TM1178Y17/type/smallest/filters/PD1:1,NA,NA,NA,Congress,29.2,63.7,7.1
57853,241,Ipsos,,Reuters,NA,NA,NA,Ipsos,Probability Panel,NA,2019-03-30T00:00:00Z,2019-04-05T00:00:00Z,FALSE,NA,94031,1010,a,NA,a,TRUE,2025-04-28 19:33:34 UTC,2025-04-28 19:33:34 UTC,NA,http://polling.reuters.com/#!response/TM1178Y17/type/smallest,NA,NA,NA,Congress,27.9,60.6,11.6
57852,241,Ipsos,,Reuters,NA,NA,NA,Ipsos,Probability Panel,NA,2019-03-31T00:00:00Z,2019-04-06T00:00:00Z,FALSE,NA,94022,851,rv,NA,rv,TRUE,2025-04-28 19:33:34 UTC,2025-04-28 19:33:34 UTC,NA,http://polling.reuters.com/#!response/TM1178Y17/type/smallest/filters/PD1:1,NA,NA,NA,Congress,29.3,62.7,8.1
57852,241,Ipsos,,Reuters,NA,NA,NA,Ipsos,Probability Panel,NA,2019-03-31T00:00:00Z,2019-04-06T00:00:00Z,FALSE,NA,94030,1039,a,NA,a,TRUE,2025-04-28 19:33:34 UTC,2025-04-28 19:33:34 UTC,NA,http://polling.reuters.com/#!response/TM1178Y17/type/smallest,NA,NA,NA,Congress,28,59.2,12.8
57851,241,Ipsos,,Reuters,NA,NA,NA,Ipsos,Probability Panel,NA,2019-04-01T00:00:00Z,2019-04-07T00:00:00Z,FALSE,NA,94029,1027,a,NA,a,TRUE,2025-04-28 19:33:34 UTC,2025-04-28 19:33:34 UTC,NA,http://polling.reuters.com/#!response/TM1178Y17/type/smallest,NA,NA,NA,Congress,26.8,59.3,14
57851,241,Ipsos,,Reuters,NA,NA,NA,Ipsos,Probability Panel,NA,2019-04-01T00:00:00Z,2019-04-07T00:00:00Z,FALSE,NA,94021,851,rv,NA,rv,TRUE,2025-04-28 19:33:34 UTC,2025-04-28 19:33:34 UTC,NA,http://polling.reuters.com/#!response/TM1178Y17/type/smallest/filters/PD1:1,NA,NA,NA,Congress,28,62.9,9.1
57850,241,Ipsos,,Reuters,NA,NA,NA,Ipsos,Probability Panel,NA,2019-04-02T00:00:00Z,2019-04-08T00:00:00Z,FALSE,NA,94028,1161,a,NA,a,TRUE,2025-04-28 19:33:34 UTC,2025-04-28 19:33:34 UTC,NA,http://polling.reuters.com/#!response/TM1178Y17/type/smallest,NA,NA,NA,Congress,25.9,60.8,13.3
57850,241,Ipsos,,Reuters,NA,NA,NA,Ipsos,Probability Panel,NA,2019-04-02T00:00:00Z,2019-04-08T00:00:00Z,FALSE,NA,94020,966,rv,NA,rv,TRUE,2025-04-28 19:33:34 UTC,2025-04-28 19:33:34 UTC,NA,http://polling.reuters.com/#!response/TM1178Y17/type/smallest/filters/PD1:1,NA,NA,NA,Congress,26.9,64.6,8.5
57864,568,YouGov,,The Economist,NA,NA,NA,YouGov,Online Matched Sample,NA,2019-04-06T00:00:00Z,2019-04-09T00:00:00Z,FALSE,NA,94064,1500,a,NA,a,FALSE,2025-04-28 19:33:12 UTC,2025-04-28 19:33:12 UTC,NA,https://d25d2506sfb94s.cloudfront.net/cumulus_uploads/document/ocwi3vp02h/econTabReport.pdf,NA,NA,https://d25d2506sfb94s.cloudfront.net/cumulus_uploads/document/ocwi3vp02h/econTabReport.pdf,Congress,17,54,29
57897,241,Ipsos,,Reuters,NA,NA,NA,Ipsos,Probability Panel,NA,2019-04-03T00:00:00Z,2019-04-09T00:00:00Z,FALSE,NA,94128,1240,a,NA,a,TRUE,2025-04-28 19:33:35 UTC,2025-04-28 19:33:35 UTC,NA,http://polling.reuters.com/#!response/TM1178Y17/type/smallest,NA,NA,NA,Congress,25.9,60.8,13.3
57876,169,Gallup,,NA,NA,NA,NA,Gallup,Live Phone,NA,2019-04-01T00:00:00Z,2019-04-09T00:00:00Z,FALSE,NA,94236,1012,a,NA,a,FALSE,2025-04-28 19:33:31 UTC,2025-04-28 19:33:31 UTC,NA,https://news.gallup.com/poll/1600/congress-public.aspx,https://news.gallup.com/poll/1600/congress-public.aspx,NA,NA,Congress,20,77,3
57897,241,Ipsos,,Reuters,NA,NA,NA,Ipsos,Probability Panel,NA,2019-04-03T00:00:00Z,2019-04-09T00:00:00Z,FALSE,NA,94129,1033,rv,NA,rv,TRUE,2025-04-28 19:33:35 UTC,2025-04-28 19:33:35 UTC,NA,http://polling.reuters.com/#!response/TM1178Y17/type/smallest/filters/PD1:1,NA,NA,NA,Congress,27.1,64.6,8.3
57864,568,YouGov,,The Economist,NA,NA,NA,YouGov,Online Matched Sample,NA,2019-04-06T00:00:00Z,2019-04-09T00:00:00Z,FALSE,NA,94065,1267,rv,NA,rv,FALSE,2025-04-28 19:33:31 UTC,2025-04-28 19:33:31 UTC,NA,https://d25d2506sfb94s.cloudfront.net/cumulus_uploads/document/ocwi3vp02h/econTabReport.pdf,NA,NA,https://d25d2506sfb94s.cloudfront.net/cumulus_uploads/document/ocwi3vp02h/econTabReport.pdf,Congress,18,61,21
57900,320,Monmouth,,NA,NA,NA,NA,Monmouth University Polling Institute,Live Phone,NA,2019-04-11T00:00:00Z,2019-04-15T00:00:00Z,FALSE,NA,94138,801,a,NA,a,FALSE,2025-04-28 19:33:32 UTC,2025-04-28 19:33:32 UTC,NA,https://www.monmouth.edu/polling-institute/documents/monmouthpoll_us_041719.pdf/,NA,NA,NA,Congress,24,62,14
57900,320,Monmouth,,NA,NA,NA,NA,Monmouth University Polling Institute,Live Phone,NA,2019-04-11T00:00:00Z,2019-04-15T00:00:00Z,FALSE,NA,94139,711,rv,NA,rv,FALSE,2025-04-28 19:33:32 UTC,2025-04-28 19:33:32 UTC,NA,https://www.monmouth.edu/polling-institute/documents/monmouthpoll_us_041719.pdf/,NA,NA,NA,Congress,23,64,13
57905,241,Ipsos,,Reuters,NA,NA,NA,Ipsos,Probability Panel,NA,2019-04-15T00:00:00Z,2019-04-16T00:00:00Z,FALSE,NA,94148,1006,a,NA,a,FALSE,2025-04-28 19:33:35 UTC,2025-04-28 19:33:35 UTC,NA,https://www.ipsos.com/sites/default/files/ct/news/documents/2019-04/2019_reuters_tracking_-_core_political_04_17_2019.pdf,NA,https://www.ipsos.com/sites/default/files/ct/news/documents/2019-04/2019_reuters_tracking_-_core_political_04_17_2019.pdf,NA,Congress,24,64,13
57901,568,YouGov,,The Economist,NA,NA,NA,YouGov,Online Matched Sample,NA,2019-04-13T00:00:00Z,2019-04-16T00:00:00Z,FALSE,NA,94142,1500,a,NA,a,FALSE,2025-04-28 19:33:12 UTC,2025-04-28 19:33:12 UTC,NA,https://d25d2506sfb94s.cloudfront.net/cumulus_uploads/document/egvqvgp5a7/econTabReport.pdf,NA,NA,https://d25d2506sfb94s.cloudfront.net/cumulus_uploads/document/egvqvgp5a7/econTabReport.pdf,Congress,16,54,30
66585,552,Winston,,Winning the Issues,NA,NA,NA,The Winston Group,Online Opt-In Panel,NA,2019-04-15T00:00:00Z,2019-04-16T00:00:00Z,FALSE,REP,124099,1000,rv,NA,rv,FALSE,2025-04-28 19:33:12 UTC,2025-04-28 19:33:12 UTC,NA,https://www.winningtheissues.org/wp-content/uploads/2019/05/Winning-the-Issues-April-I-2019.pdf,NA,NA,NA,Congress,22,59,19
57901,568,YouGov,,The Economist,NA,NA,NA,YouGov,Online Matched Sample,NA,2019-04-13T00:00:00Z,2019-04-16T00:00:00Z,FALSE,NA,94143,1186,rv,NA,rv,FALSE,2025-04-28 19:33:12 UTC,2025-04-28 19:33:12 UTC,NA,https://d25d2506sfb94s.cloudfront.net/cumulus_uploads/document/egvqvgp5a7/econTabReport.pdf,NA,NA,https://d25d2506sfb94s.cloudfront.net/cumulus_uploads/document/egvqvgp5a7/econTabReport.pdf,Congress,16,64,20
57945,568,YouGov,,The Economist,NA,NA,NA,YouGov,Online Matched Sample,NA,2019-04-21T00:00:00Z,2019-04-23T00:00:00Z,FALSE,NA,94213,1500,a,NA,a,FALSE,2025-04-28 19:33:12 UTC,2025-04-28 19:33:12 UTC,NA,https://d25d2506sfb94s.cloudfront.net/cumulus_uploads/document/75p17530i6/econTabReport.pdf,NA,NA,https://d25d2506sfb94s.cloudfront.net/cumulus_uploads/document/75p17530i6/econTabReport.pdf,Congress,17,53,31
57945,568,YouGov,,The Economist,NA,NA,NA,YouGov,Online Matched Sample,NA,2019-04-21T00:00:00Z,2019-04-23T00:00:00Z,FALSE,NA,94214,1268,rv,NA,rv,FALSE,2025-04-28 19:33:32 UTC,2025-04-28 19:33:32 UTC,NA,https://d25d2506sfb94s.cloudfront.net/cumulus_uploads/document/75p17530i6/econTabReport.pdf,NA,NA,https://d25d2506sfb94s.cloudfront.net/cumulus_uploads/document/75p17530i6/econTabReport.pdf,Congress,17,59,23
57985,568,YouGov,,The Economist,NA,NA,NA,YouGov,Online Matched Sample,NA,2019-04-27T00:00:00Z,2019-04-30T00:00:00Z,FALSE,NA,94314,1500,a,NA,a,FALSE,2025-04-28 19:33:20 UTC,2025-04-28 19:33:20 UTC,NA,https://d25d2506sfb94s.cloudfront.net/cumulus_uploads/document/g7xsqei38g/econTabReport.pdf,NA,NA,https://d25d2506sfb94s.cloudfront.net/cumulus_uploads/document/g7xsqei38g/econTabReport.pdf,Congress,18,55,28
57985,568,YouGov,,The Economist,NA,NA,NA,YouGov,Online Matched Sample,NA,2019-04-27T00:00:00Z,2019-04-30T00:00:00Z,FALSE,NA,94315,1073,rv,NA,rv,FALSE,2025-04-28 19:33:20 UTC,2025-04-28 19:33:20 UTC,NA,https://d25d2506sfb94s.cloudfront.net/cumulus_uploads/document/g7xsqei38g/econTabReport.pdf,NA,NA,https://d25d2506sfb94s.cloudfront.net/cumulus_uploads/document/g7xsqei38g/econTabReport.pdf,Congress,18,62,20
58028,568,YouGov,,The Economist,NA,NA,NA,YouGov,Online Matched Sample,NA,2019-05-05T00:00:00Z,2019-05-07T00:00:00Z,FALSE,NA,94402,1500,a,NA,a,FALSE,2025-04-28 19:33:12 UTC,2025-04-28 19:33:12 UTC,NA,https://d25d2506sfb94s.cloudfront.net/cumulus_uploads/document/tkqga43437/econTabReport.pdf,NA,NA,https://d25d2506sfb94s.cloudfront.net/cumulus_uploads/document/tkqga43437/econTabReport.pdf,Congress,15,55,30
58028,568,YouGov,,The Economist,NA,NA,NA,YouGov,Online Matched Sample,NA,2019-05-05T00:00:00Z,2019-05-07T00:00:00Z,FALSE,NA,94403,1168,rv,NA,rv,FALSE,2025-04-28 19:33:12 UTC,2025-04-28 19:33:12 UTC,NA,https://d25d2506sfb94s.cloudfront.net/cumulus_uploads/document/tkqga43437/econTabReport.pdf,NA,NA,https://d25d2506sfb94s.cloudfront.net/cumulus_uploads/document/tkqga43437/econTabReport.pdf,Congress,16,63,21
58029,241,Ipsos,,Reuters,NA,NA,NA,Ipsos,Probability Panel,NA,2019-05-06T00:00:00Z,2019-05-07T00:00:00Z,FALSE,NA,94405,1006,a,NA,a,FALSE,2025-04-28 19:33:35 UTC,2025-04-28 19:33:35 UTC,NA,https://www.ipsos.com/sites/default/files/ct/news/documents/2019-05/2019_reuters_tracking_-_core_political_05_08_2019.pdf,NA,https://www.ipsos.com/sites/default/files/ct/news/documents/2019-05/2019_reuters_tracking_-_core_political_05_08_2019.pdf,NA,Congress,24,63,13
58092,169,Gallup,,NA,NA,NA,NA,Gallup,Live Phone,NA,2019-05-01T00:00:00Z,2019-05-12T00:00:00Z,FALSE,NA,94593,1009,a,NA,a,FALSE,2025-04-28 19:33:20 UTC,2025-04-28 19:33:20 UTC,NA,https://news.gallup.com/poll/257762/congressional-approval-steady.aspx,NA,NA,NA,Congress,20,75,5
58076,568,YouGov,,The Economist,NA,NA,NA,YouGov,Online Matched Sample,NA,2019-05-12T00:00:00Z,2019-05-14T00:00:00Z,FALSE,NA,94480,1244,rv,NA,rv,FALSE,2025-04-28 19:33:20 UTC,2025-04-28 19:33:20 UTC,NA,https://d25d2506sfb94s.cloudfront.net/cumulus_uploads/document/fs1r87zj1f/econTabReport.pdf,NA,NA,https://d25d2506sfb94s.cloudfront.net/cumulus_uploads/document/fs1r87zj1f/econTabReport.pdf,Congress,20,59,20
58076,568,YouGov,,The Economist,NA,NA,NA,YouGov,Online Matched Sample,NA,2019-05-12T00:00:00Z,2019-05-14T00:00:00Z,FALSE,NA,94479,1500,a,NA,a,FALSE,2025-04-28 19:33:20 UTC,2025-04-28 19:33:20 UTC,NA,https://d25d2506sfb94s.cloudfront.net/cumulus_uploads/document/fs1r87zj1f/econTabReport.pdf,NA,NA,https://d25d2506sfb94s.cloudfront.net/cumulus_uploads/document/fs1r87zj1f/econTabReport.pdf,Congress,19,51,30
58085,1597,Beacon/Shaw,,Fox News,NA,NA,NA,Beacon Research/Shaw & Co. Research,Live Phone,NA,2019-05-11T00:00:00Z,2019-05-14T00:00:00Z,FALSE,NA,94500,1008,rv,NA,rv,FALSE,2025-04-28 19:33:20 UTC,2025-04-28 19:33:20 UTC,NA,https://www.foxnews.com/politics/fox-news-poll-5-15,NA,NA,NA,Congress,21,66,13
58116,320,Monmouth,,NA,NA,NA,NA,Monmouth University Polling Institute,Live Phone,NA,2019-05-16T00:00:00Z,2019-05-20T00:00:00Z,FALSE,NA,94557,719,rv,NA,rv,FALSE,2025-04-28 19:33:32 UTC,2025-04-28 19:33:32 UTC,NA,https://www.monmouth.edu/polling-institute/documents/monmouthpoll_us_052219.pdf/,NA,NA,NA,Congress,19,73,7
58116,320,Monmouth,,NA,NA,NA,NA,Monmouth University Polling Institute,Live Phone,NA,2019-05-16T00:00:00Z,2019-05-20T00:00:00Z,FALSE,NA,94556,802,a,NA,a,FALSE,2025-04-28 19:33:20 UTC,2025-04-28 19:33:20 UTC,NA,https://www.monmouth.edu/polling-institute/documents/monmouthpoll_us_052219.pdf/,NA,NA,NA,Congress,20,71,9
58114,568,YouGov,,The Economist,NA,NA,NA,YouGov,Online Matched Sample,NA,2019-05-18T00:00:00Z,2019-05-21T00:00:00Z,FALSE,NA,94551,1500,a,NA,a,FALSE,2025-04-28 19:33:32 UTC,2025-04-28 19:33:32 UTC,NA,https://d25d2506sfb94s.cloudfront.net/cumulus_uploads/document/dl1xj5lsd9/econTabReport.pdf,NA,NA,https://d25d2506sfb94s.cloudfront.net/cumulus_uploads/document/dl1xj5lsd9/econTabReport.pdf,Congress,14,57,28
58114,568,YouGov,,The Economist,NA,NA,NA,YouGov,Online Matched Sample,NA,2019-05-18T00:00:00Z,2019-05-21T00:00:00Z,FALSE,NA,94552,1113,rv,NA,rv,FALSE,2025-04-28 19:33:12 UTC,2025-04-28 19:33:12 UTC,NA,https://d25d2506sfb94s.cloudfront.net/cumulus_uploads/document/dl1xj5lsd9/econTabReport.pdf,NA,NA,https://d25d2506sfb94s.cloudfront.net/cumulus_uploads/document/dl1xj5lsd9/econTabReport.pdf,Congress,15,65,20
58145,568,YouGov,,The Economist,NA,NA,NA,YouGov,Online Matched Sample,NA,2019-05-26T00:00:00Z,2019-05-28T00:00:00Z,FALSE,NA,94637,1500,a,NA,a,FALSE,2025-04-28 19:33:08 UTC,2025-04-28 19:33:08 UTC,NA,https://d25d2506sfb94s.cloudfront.net/cumulus_uploads/document/o9fgzgielo/econTabReport.pdf,NA,NA,https://d25d2506sfb94s.cloudfront.net/cumulus_uploads/document/o9fgzgielo/econTabReport.pdf,Congress,15,56,29
58145,568,YouGov,,The Economist,NA,NA,NA,YouGov,Online Matched Sample,NA,2019-05-26T00:00:00Z,2019-05-28T00:00:00Z,FALSE,NA,94638,1120,rv,NA,rv,FALSE,2025-04-28 19:33:12 UTC,2025-04-28 19:33:12 UTC,NA,https://d25d2506sfb94s.cloudfront.net/cumulus_uploads/document/o9fgzgielo/econTabReport.pdf,NA,NA,https://d25d2506sfb94s.cloudfront.net/cumulus_uploads/document/o9fgzgielo/econTabReport.pdf,Congress,17,62,21
58157,241,Ipsos,,Reuters,NA,NA,NA,Ipsos,Probability Panel,NA,2019-05-28T00:00:00Z,2019-05-29T00:00:00Z,FALSE,NA,94656,1117,a,NA,a,FALSE,2025-04-28 19:33:12 UTC,2025-04-28 19:33:12 UTC,NA,https://www.ipsos.com/sites/default/files/ct/news/documents/2019-05/2019_reuters_tracking_-_core_political_congressional_approval_tracker_05_30_2019.pdf,NA,https://www.ipsos.com/sites/default/files/ct/news/documents/2019-05/2019_reuters_tracking_-_core_political_congressional_approval_tracker_05_30_2019.pdf,NA,Congress,25,64,11
58157,241,Ipsos,,Reuters,NA,NA,NA,Ipsos,Probability Panel,NA,2019-05-28T00:00:00Z,2019-05-29T00:00:00Z,FALSE,NA,94657,984,rv,NA,rv,FALSE,2025-04-28 19:33:12 UTC,2025-04-28 19:33:12 UTC,NA,https://www.ipsos.com/sites/default/files/ct/news/documents/2019-05/2019_reuters_tracking_-_core_political_congressional_approval_tracker_05_30_2019.pdf,NA,https://www.ipsos.com/sites/default/files/ct/news/documents/2019-05/2019_reuters_tracking_-_core_political_congressional_approval_tracker_05_30_2019.pdf,NA,Congress,26,66,8
58190,568,YouGov,,The Economist,NA,NA,NA,YouGov,Online Matched Sample,NA,2019-06-02T00:00:00Z,2019-06-04T00:00:00Z,FALSE,NA,94760,1195,rv,NA,rv,FALSE,2025-04-28 19:33:08 UTC,2025-04-28 19:33:08 UTC,NA,https://d25d2506sfb94s.cloudfront.net/cumulus_uploads/document/c4ndc02jx7/econTabReport.pdf,NA,NA,https://d25d2506sfb94s.cloudfront.net/cumulus_uploads/document/c4ndc02jx7/econTabReport.pdf,Congress,14,65,21
58190,568,YouGov,,The Economist,NA,NA,NA,YouGov,Online Matched Sample,NA,2019-06-02T00:00:00Z,2019-06-04T00:00:00Z,FALSE,NA,94759,1500,a,NA,a,FALSE,2025-04-28 19:33:13 UTC,2025-04-28 19:33:13 UTC,NA,https://d25d2506sfb94s.cloudfront.net/cumulus_uploads/document/c4ndc02jx7/econTabReport.pdf,NA,NA,https://d25d2506sfb94s.cloudfront.net/cumulus_uploads/document/c4ndc02jx7/econTabReport.pdf,Congress,14,58,29
58424,568,YouGov,,The Economist,NA,NA,NA,YouGov,Online Matched Sample,NA,2019-06-09T00:00:00Z,2019-06-11T00:00:00Z,FALSE,NA,97749,1107,rv,NA,rv,FALSE,2025-04-28 19:33:13 UTC,2025-04-28 19:33:13 UTC,NA,https://d25d2506sfb94s.cloudfront.net/cumulus_uploads/document/b0wzlf9avh/econTabReport.pdf,NA,NA,https://d25d2506sfb94s.cloudfront.net/cumulus_uploads/document/b0wzlf9avh/econTabReport.pdf,Congress,14,69,17
58424,568,YouGov,,The Economist,NA,NA,NA,YouGov,Online Matched Sample,NA,2019-06-09T00:00:00Z,2019-06-11T00:00:00Z,FALSE,NA,97748,1500,a,NA,a,FALSE,2025-04-28 19:33:13 UTC,2025-04-28 19:33:13 UTC,NA,https://d25d2506sfb94s.cloudfront.net/cumulus_uploads/document/b0wzlf9avh/econTabReport.pdf,NA,NA,https://d25d2506sfb94s.cloudfront.net/cumulus_uploads/document/b0wzlf9avh/econTabReport.pdf,Congress,12,61,27
58502,169,Gallup,,NA,NA,NA,NA,Gallup,Live Phone,NA,2019-06-03T00:00:00Z,2019-06-16T00:00:00Z,FALSE,NA,99790,1018,a,NA,a,FALSE,2025-04-28 19:33:17 UTC,2025-04-28 19:33:17 UTC,NA,https://news.gallup.com/poll/1600/congress-public.aspx,https://news.gallup.com/poll/1600/congress-public.aspx,NA,NA,Congress,19,78,3
58505,320,Monmouth,,NA,NA,NA,NA,Monmouth University Polling Institute,Live Phone,NA,2019-06-12T00:00:00Z,2019-06-17T00:00:00Z,FALSE,NA,98192,751,a,NA,a,FALSE,2025-04-28 19:33:20 UTC,2025-04-28 19:33:20 UTC,NA,https://www.monmouth.edu/polling-institute/documents/monmouthpoll_us_062019.pdf/,NA,NA,NA,Congress,19,69,12
58505,320,Monmouth,,NA,NA,NA,NA,Monmouth University Polling Institute,Live Phone,NA,2019-06-12T00:00:00Z,2019-06-17T00:00:00Z,FALSE,NA,98193,660,rv,NA,rv,FALSE,2025-04-28 19:33:20 UTC,2025-04-28 19:33:20 UTC,NA,https://www.monmouth.edu/polling-institute/documents/monmouthpoll_us_062019.pdf/,NA,NA,NA,Congress,17,72,11
58491,241,Ipsos,,Reuters,NA,NA,NA,Ipsos,Probability Panel,NA,2019-06-17T00:00:00Z,2019-06-18T00:00:00Z,FALSE,NA,98179,1027,a,NA,a,FALSE,2025-04-28 19:33:13 UTC,2025-04-28 19:33:13 UTC,NA,https://www.ipsos.com/sites/default/files/ct/news/documents/2019-06/2019_reuters_tracking_-_core_political_congressional_approval_tracker_06_19_2019.pdf,NA,https://www.ipsos.com/sites/default/files/ct/news/documents/2019-06/2019_reuters_tracking_-_core_political_congressional_approval_tracker_06_19_2019.pdf,NA,Congress,22,64,13
58498,568,YouGov,,The Economist,NA,NA,NA,YouGov,Online Matched Sample,NA,2019-06-16T00:00:00Z,2019-06-18T00:00:00Z,FALSE,NA,98086,1500,a,NA,a,FALSE,2025-04-28 19:33:13 UTC,2025-04-28 19:33:13 UTC,NA,https://d25d2506sfb94s.cloudfront.net/cumulus_uploads/document/f0cbavpadc/econTabReport.pdf,NA,NA,https://d25d2506sfb94s.cloudfront.net/cumulus_uploads/document/f0cbavpadc/econTabReport.pdf,Congress,15,56,29
58498,568,YouGov,,The Economist,NA,NA,NA,YouGov,Online Matched Sample,NA,2019-06-16T00:00:00Z,2019-06-18T00:00:00Z,FALSE,NA,98087,1202,rv,NA,rv,FALSE,2025-04-28 19:33:20 UTC,2025-04-28 19:33:20 UTC,NA,https://d25d2506sfb94s.cloudfront.net/cumulus_uploads/document/f0cbavpadc/econTabReport.pdf,NA,NA,https://d25d2506sfb94s.cloudfront.net/cumulus_uploads/document/f0cbavpadc/econTabReport.pdf,Congress,14,64,22
58491,241,Ipsos,,Reuters,NA,NA,NA,Ipsos,Probability Panel,NA,2019-06-17T00:00:00Z,2019-06-18T00:00:00Z,FALSE,NA,98180,892,rv,NA,rv,FALSE,2025-04-28 19:33:16 UTC,2025-04-28 19:33:16 UTC,NA,https://www.ipsos.com/sites/default/files/ct/news/documents/2019-06/2019_reuters_tracking_-_core_political_congressional_approval_tracker_06_19_2019.pdf,NA,https://www.ipsos.com/sites/default/files/ct/news/documents/2019-06/2019_reuters_tracking_-_core_political_congressional_approval_tracker_06_19_2019.pdf,NA,Congress,24,67,9
58550,568,YouGov,,The Economist,NA,NA,NA,YouGov,Online Matched Sample,NA,2019-06-22T00:00:00Z,2019-06-25T00:00:00Z,FALSE,NA,98460,1111,rv,NA,rv,FALSE,2025-04-28 19:33:20 UTC,2025-04-28 19:33:20 UTC,NA,https://d25d2506sfb94s.cloudfront.net/cumulus_uploads/document/obzwo5cjei/econTabReport.pdf,NA,NA,https://d25d2506sfb94s.cloudfront.net/cumulus_uploads/document/obzwo5cjei/econTabReport.pdf,Congress,15,64,20
58550,568,YouGov,,The Economist,NA,NA,NA,YouGov,Online Matched Sample,NA,2019-06-22T00:00:00Z,2019-06-25T00:00:00Z,FALSE,NA,98459,1500,a,NA,a,FALSE,2025-04-28 19:33:20 UTC,2025-04-28 19:33:20 UTC,NA,https://d25d2506sfb94s.cloudfront.net/cumulus_uploads/document/obzwo5cjei/econTabReport.pdf,NA,NA,https://d25d2506sfb94s.cloudfront.net/cumulus_uploads/document/obzwo5cjei/econTabReport.pdf,Congress,15,57,27
58606,568,YouGov,,The Economist,NA,NA,NA,YouGov,Online Matched Sample,NA,2019-06-30T00:00:00Z,2019-07-02T00:00:00Z,FALSE,NA,98943,1500,a,NA,a,FALSE,2025-04-28 19:33:20 UTC,2025-04-28 19:33:20 UTC,NA,https://d25d2506sfb94s.cloudfront.net/cumulus_uploads/document/4ggh3e3308/econTabReport.pdf,NA,NA,https://d25d2506sfb94s.cloudfront.net/cumulus_uploads/document/4ggh3e3308/econTabReport.pdf,Congress,15,55,30
58606,568,YouGov,,The Economist,NA,NA,NA,YouGov,Online Matched Sample,NA,2019-06-30T00:00:00Z,2019-07-02T00:00:00Z,FALSE,NA,98944,1265,rv,NA,rv,FALSE,2025-04-28 19:33:20 UTC,2025-04-28 19:33:20 UTC,NA,https://d25d2506sfb94s.cloudfront.net/cumulus_uploads/document/4ggh3e3308/econTabReport.pdf,NA,NA,https://d25d2506sfb94s.cloudfront.net/cumulus_uploads/document/4ggh3e3308/econTabReport.pdf,Congress,14,65,20
58637,568,YouGov,,The Economist,NA,NA,NA,YouGov,Online Matched Sample,NA,2019-07-07T00:00:00Z,2019-07-09T00:00:00Z,FALSE,NA,99142,1140,rv,NA,rv,FALSE,2025-04-28 19:33:13 UTC,2025-04-28 19:33:13 UTC,NA,https://d25d2506sfb94s.cloudfront.net/cumulus_uploads/document/al25duedar/econTabReport.pdf,NA,NA,https://d25d2506sfb94s.cloudfront.net/cumulus_uploads/document/al25duedar/econTabReport.pdf,Congress,15,65,20
58637,568,YouGov,,The Economist,NA,NA,NA,YouGov,Online Matched Sample,NA,2019-07-07T00:00:00Z,2019-07-09T00:00:00Z,FALSE,NA,99141,1500,a,NA,a,FALSE,2025-04-28 19:33:13 UTC,2025-04-28 19:33:13 UTC,NA,https://d25d2506sfb94s.cloudfront.net/cumulus_uploads/document/al25duedar/econTabReport.pdf,NA,NA,https://d25d2506sfb94s.cloudfront.net/cumulus_uploads/document/al25duedar/econTabReport.pdf,Congress,15,58,29
58684,169,Gallup,,NA,NA,NA,NA,Gallup,Live Phone,NA,2019-07-01T00:00:00Z,2019-07-12T00:00:00Z,FALSE,NA,99789,1525,a,NA,a,FALSE,2025-04-28 19:33:20 UTC,2025-04-28 19:33:20 UTC,NA,https://news.gallup.com/poll/1600/congress-public.aspx,https://news.gallup.com/poll/1600/congress-public.aspx,NA,NA,Congress,17,76,6
58689,1193,SurveyMonkey,,NBC News,NA,NA,NA,SurveyMonkey,Online Opt-In Panel,NA,2019-07-02T00:00:00Z,2019-07-16T00:00:00Z,FALSE,NA,99477,13553,rv,NA,rv,FALSE,2025-04-28 19:33:13 UTC,2025-04-28 19:33:13 UTC,NA,https://www.nbcnews.com/politics/2020-election/nbc-news-poll-biden-sanders-warren-lead-2020-field-n1031506,NA,NA,NA,Congress,24,75,2
58677,568,YouGov,,The Economist,NA,NA,NA,YouGov,Online Matched Sample,NA,2019-07-14T00:00:00Z,2019-07-16T00:00:00Z,FALSE,NA,99378,1149,rv,NA,rv,FALSE,2025-04-28 19:33:13 UTC,2025-04-28 19:33:13 UTC,NA,https://d25d2506sfb94s.cloudfront.net/cumulus_uploads/document/xj7rpmvws8/econTabReport.pdf,NA,NA,https://d25d2506sfb94s.cloudfront.net/cumulus_uploads/document/xj7rpmvws8/econTabReport.pdf,Congress,15,65,20
58677,568,YouGov,,The Economist,NA,NA,NA,YouGov,Online Matched Sample,NA,2019-07-14T00:00:00Z,2019-07-16T00:00:00Z,FALSE,NA,99377,1500,a,NA,a,FALSE,2025-04-28 19:33:13 UTC,2025-04-28 19:33:13 UTC,NA,https://d25d2506sfb94s.cloudfront.net/cumulus_uploads/document/xj7rpmvws8/econTabReport.pdf,NA,NA,https://d25d2506sfb94s.cloudfront.net/cumulus_uploads/document/xj7rpmvws8/econTabReport.pdf,Congress,16,55,28
58674,241,Ipsos,,Reuters,NA,NA,NA,Ipsos,Probability Panel,NA,2019-07-15T00:00:00Z,2019-07-16T00:00:00Z,FALSE,NA,99459,954,rv,NA,rv,FALSE,2025-04-28 19:33:13 UTC,2025-04-28 19:33:13 UTC,NA,https://www.ipsos.com/sites/default/files/ct/news/documents/2019-07/2019_reuters_tracking_-_core_political_congressional_approval_tracker_07_17_2019.pdf,NA,https://www.ipsos.com/sites/default/files/ct/news/documents/2019-07/2019_reuters_tracking_-_core_political_congressional_approval_tracker_07_17_2019.pdf,NA,Congress,24,68,8
58674,241,Ipsos,,Reuters,NA,NA,NA,Ipsos,Probability Panel,NA,2019-07-15T00:00:00Z,2019-07-16T00:00:00Z,FALSE,NA,99458,1113,a,NA,a,FALSE,2025-04-28 19:33:13 UTC,2025-04-28 19:33:13 UTC,NA,https://www.ipsos.com/sites/default/files/ct/news/documents/2019-07/2019_reuters_tracking_-_core_political_congressional_approval_tracker_07_17_2019.pdf,NA,https://www.ipsos.com/sites/default/files/ct/news/documents/2019-07/2019_reuters_tracking_-_core_political_congressional_approval_tracker_07_17_2019.pdf,NA,Congress,22,66,11
58726,568,YouGov,,The Economist,NA,NA,NA,YouGov,Online Matched Sample,NA,2019-07-21T00:00:00Z,2019-07-23T00:00:00Z,FALSE,NA,99646,1212,rv,NA,rv,FALSE,2025-04-28 19:33:13 UTC,2025-04-28 19:33:13 UTC,NA,https://d25d2506sfb94s.cloudfront.net/cumulus_uploads/document/n0eqovafro/econTabReport.pdf,NA,NA,https://d25d2506sfb94s.cloudfront.net/cumulus_uploads/document/n0eqovafro/econTabReport.pdf,Congress,15,64,21
58726,568,YouGov,,The Economist,NA,NA,NA,YouGov,Online Matched Sample,NA,2019-07-21T00:00:00Z,2019-07-23T00:00:00Z,FALSE,NA,99645,1500,a,NA,a,FALSE,2025-04-28 19:33:13 UTC,2025-04-28 19:33:13 UTC,NA,https://d25d2506sfb94s.cloudfront.net/cumulus_uploads/document/n0eqovafro/econTabReport.pdf,NA,NA,https://d25d2506sfb94s.cloudfront.net/cumulus_uploads/document/n0eqovafro/econTabReport.pdf,Congress,14,56,30
58752,396,Quinnipiac,,NA,NA,NA,NA,Quinnipiac University,Live Phone,NA,2019-07-25T00:00:00Z,2019-07-28T00:00:00Z,FALSE,NA,99920,1306,rv,NA,rv,FALSE,2025-04-28 19:33:30 UTC,2025-04-28 19:33:30 UTC,NA,https://poll.qu.edu/poll-release-legacy?releaseid=3636,NA,NA,https://poll.qu.edu/poll-release-legacy?releaseid=3636,Congress,14,77,9
58777,568,YouGov,,The Economist,NA,NA,NA,YouGov,Online Matched Sample,NA,2019-07-27T00:00:00Z,2019-07-30T00:00:00Z,FALSE,NA,99949,1500,a,NA,a,FALSE,2025-04-28 19:33:21 UTC,2025-04-28 19:33:21 UTC,NA,https://d25d2506sfb94s.cloudfront.net/cumulus_uploads/document/hash0nbry8/econTabReport.pdf,NA,NA,https://d25d2506sfb94s.cloudfront.net/cumulus_uploads/document/hash0nbry8/econTabReport.pdf,Congress,16,56,28
58777,568,YouGov,,The Economist,NA,NA,NA,YouGov,Online Matched Sample,NA,2019-07-27T00:00:00Z,2019-07-30T00:00:00Z,FALSE,NA,99950,1101,rv,NA,rv,FALSE,2025-04-28 19:33:21 UTC,2025-04-28 19:33:21 UTC,NA,https://d25d2506sfb94s.cloudfront.net/cumulus_uploads/document/hash0nbry8/econTabReport.pdf,NA,NA,https://d25d2506sfb94s.cloudfront.net/cumulus_uploads/document/hash0nbry8/econTabReport.pdf,Congress,16,65,19
58830,568,YouGov,,The Economist,NA,NA,NA,YouGov,Online Matched Sample,NA,2019-08-03T00:00:00Z,2019-08-06T00:00:00Z,FALSE,NA,100214,1161,rv,NA,rv,FALSE,2025-04-28 19:33:21 UTC,2025-04-28 19:33:21 UTC,NA,https://d25d2506sfb94s.cloudfront.net/cumulus_uploads/document/7jv630mjdk/econTabReport.pdf,NA,NA,https://d25d2506sfb94s.cloudfront.net/cumulus_uploads/document/7jv630mjdk/econTabReport.pdf,Congress,14,64,22
58830,568,YouGov,,The Economist,NA,NA,NA,YouGov,Online Matched Sample,NA,2019-08-03T00:00:00Z,2019-08-06T00:00:00Z,FALSE,NA,100213,1500,a,NA,a,FALSE,2025-04-28 19:33:21 UTC,2025-04-28 19:33:21 UTC,NA,https://d25d2506sfb94s.cloudfront.net/cumulus_uploads/document/7jv630mjdk/econTabReport.pdf,NA,NA,https://d25d2506sfb94s.cloudfront.net/cumulus_uploads/document/7jv630mjdk/econTabReport.pdf,Congress,14,56,30
58901,568,YouGov,,The Economist,NA,NA,NA,YouGov,Online Matched Sample,NA,2019-08-10T00:00:00Z,2019-08-13T00:00:00Z,FALSE,NA,100486,1127,rv,NA,rv,FALSE,2025-04-28 19:33:21 UTC,2025-04-28 19:33:21 UTC,NA,https://d25d2506sfb94s.cloudfront.net/cumulus_uploads/document/mujbtdyiti/econTabReport.pdf,NA,NA,https://d25d2506sfb94s.cloudfront.net/cumulus_uploads/document/mujbtdyiti/econTabReport.pdf,Congress,13,70,17
58901,568,YouGov,,The Economist,NA,NA,NA,YouGov,Online Matched Sample,NA,2019-08-10T00:00:00Z,2019-08-13T00:00:00Z,FALSE,NA,100485,1500,a,NA,a,FALSE,2025-04-28 19:33:21 UTC,2025-04-28 19:33:21 UTC,NA,https://d25d2506sfb94s.cloudfront.net/cumulus_uploads/document/mujbtdyiti/econTabReport.pdf,NA,NA,https://d25d2506sfb94s.cloudfront.net/cumulus_uploads/document/mujbtdyiti/econTabReport.pdf,Congress,14,60,27
58903,241,Ipsos,,Reuters,NA,NA,NA,Ipsos,Probability Panel,NA,2019-08-12T00:00:00Z,2019-08-13T00:00:00Z,FALSE,NA,100589,980,rv,NA,rv,FALSE,2025-04-28 19:33:14 UTC,2025-04-28 19:33:14 UTC,NA,https://www.ipsos.com/sites/default/files/ct/news/documents/2019-08/2019_reuters_tracking_-_core_political_congressional_approval_tracker_08_14_2019.pdf,NA,https://www.ipsos.com/sites/default/files/ct/news/documents/2019-08/2019_reuters_tracking_-_core_political_congressional_approval_tracker_08_14_2019.pdf,NA,Congress,28,62,10
58903,241,Ipsos,,Reuters,NA,NA,NA,Ipsos,Probability Panel,NA,2019-08-12T00:00:00Z,2019-08-13T00:00:00Z,FALSE,NA,100588,1116,a,NA,a,FALSE,2025-04-28 19:33:14 UTC,2025-04-28 19:33:14 UTC,NA,https://www.ipsos.com/sites/default/files/ct/news/documents/2019-08/2019_reuters_tracking_-_core_political_congressional_approval_tracker_08_14_2019.pdf,NA,https://www.ipsos.com/sites/default/files/ct/news/documents/2019-08/2019_reuters_tracking_-_core_political_congressional_approval_tracker_08_14_2019.pdf,NA,Congress,27,59,13
58916,169,Gallup,,NA,NA,NA,NA,Gallup,Live Phone,NA,2019-08-01T00:00:00Z,2019-08-14T00:00:00Z,FALSE,NA,102281,1522,a,NA,a,FALSE,2025-04-28 19:33:21 UTC,2025-04-28 19:33:21 UTC,NA,https://news.gallup.com/poll/1600/congress-public.aspx,https://news.gallup.com/poll/1600/congress-public.aspx,NA,NA,Congress,17,79,5
58975,568,YouGov,,The Economist,NA,NA,NA,YouGov,Online Matched Sample,NA,2019-08-17T00:00:00Z,2019-08-20T00:00:00Z,FALSE,NA,100881,1500,a,NA,a,FALSE,2025-04-28 19:33:21 UTC,2025-04-28 19:33:21 UTC,NA,https://d25d2506sfb94s.cloudfront.net/cumulus_uploads/document/u4gcv1suy6/econTabReport.pdf,NA,NA,https://d25d2506sfb94s.cloudfront.net/cumulus_uploads/document/u4gcv1suy6/econTabReport.pdf,Congress,13,60,27
58975,568,YouGov,,The Economist,NA,NA,NA,YouGov,Online Matched Sample,NA,2019-08-17T00:00:00Z,2019-08-20T00:00:00Z,FALSE,NA,100882,1111,rv,NA,rv,FALSE,2025-04-28 19:33:21 UTC,2025-04-28 19:33:21 UTC,NA,https://d25d2506sfb94s.cloudfront.net/cumulus_uploads/document/u4gcv1suy6/econTabReport.pdf,NA,NA,https://d25d2506sfb94s.cloudfront.net/cumulus_uploads/document/u4gcv1suy6/econTabReport.pdf,Congress,14,66,20
59003,320,Monmouth,,NA,NA,NA,NA,Monmouth University Polling Institute,Live Phone,NA,2019-08-16T00:00:00Z,2019-08-20T00:00:00Z,FALSE,NA,101026,689,rv,NA,rv,FALSE,2025-04-28 19:33:21 UTC,2025-04-28 19:33:21 UTC,NA,https://www.monmouth.edu/polling-institute/documents/monmouthpoll_us_082219.pdf/,NA,NA,NA,Congress,16,72,12
59003,320,Monmouth,,NA,NA,NA,NA,Monmouth University Polling Institute,Live Phone,NA,2019-08-16T00:00:00Z,2019-08-20T00:00:00Z,FALSE,NA,101025,800,a,NA,a,FALSE,2025-04-28 19:33:21 UTC,2025-04-28 19:33:21 UTC,NA,https://www.monmouth.edu/polling-institute/documents/monmouthpoll_us_082219.pdf/,NA,NA,NA,Congress,17,71,13
59452,568,YouGov,,The Economist,NA,NA,NA,YouGov,Online Matched Sample,NA,2019-08-24T00:00:00Z,2019-08-27T00:00:00Z,FALSE,NA,101860,1093,rv,NA,rv,FALSE,2025-04-28 19:33:14 UTC,2025-04-28 19:33:14 UTC,NA,https://d25d2506sfb94s.cloudfront.net/cumulus_uploads/document/b17i8aeg5p/econTabReport.pdf,NA,NA,https://d25d2506sfb94s.cloudfront.net/cumulus_uploads/document/b17i8aeg5p/econTabReport.pdf,Congress,14,63,23
59452,568,YouGov,,The Economist,NA,NA,NA,YouGov,Online Matched Sample,NA,2019-08-24T00:00:00Z,2019-08-27T00:00:00Z,FALSE,NA,101859,1500,a,NA,a,FALSE,2025-04-28 19:33:21 UTC,2025-04-28 19:33:21 UTC,NA,https://d25d2506sfb94s.cloudfront.net/cumulus_uploads/document/b17i8aeg5p/econTabReport.pdf,NA,NA,https://d25d2506sfb94s.cloudfront.net/cumulus_uploads/document/b17i8aeg5p/econTabReport.pdf,Congress,15,55,30
59485,568,YouGov,,The Economist,NA,NA,NA,YouGov,Online Matched Sample,NA,2019-09-01T00:00:00Z,2019-09-03T00:00:00Z,FALSE,NA,102248,1500,a,NA,a,FALSE,2025-04-28 19:33:14 UTC,2025-04-28 19:33:14 UTC,NA,https://d25d2506sfb94s.cloudfront.net/cumulus_uploads/document/3gj4ffirhi/econTabReport.pdf,NA,NA,https://d25d2506sfb94s.cloudfront.net/cumulus_uploads/document/3gj4ffirhi/econTabReport.pdf,Congress,14,58,29
59485,568,YouGov,,The Economist,NA,NA,NA,YouGov,Online Matched Sample,NA,2019-09-01T00:00:00Z,2019-09-03T00:00:00Z,FALSE,NA,102249,1069,rv,NA,rv,FALSE,2025-04-28 19:33:14 UTC,2025-04-28 19:33:14 UTC,NA,https://d25d2506sfb94s.cloudfront.net/cumulus_uploads/document/3gj4ffirhi/econTabReport.pdf,NA,NA,https://d25d2506sfb94s.cloudfront.net/cumulus_uploads/document/3gj4ffirhi/econTabReport.pdf,Congress,13,65,22
59490,241,Ipsos,,Reuters,NA,NA,NA,Ipsos,Probability Panel,NA,2019-09-03T00:00:00Z,2019-09-04T00:00:00Z,FALSE,NA,102247,950,rv,NA,rv,FALSE,2025-04-28 19:33:30 UTC,2025-04-28 19:33:30 UTC,NA,https://www.ipsos.com/sites/default/files/ct/news/documents/2019-09/2019_reuters_tracking_-_core_political_congressional_approval_tracker_09_04_2019.pdf,NA,https://www.ipsos.com/sites/default/files/ct/news/documents/2019-09/2019_reuters_tracking_-_core_political_congressional_approval_tracker_09_04_2019.pdf,NA,Congress,22,68,9
59490,241,Ipsos,,Reuters,NA,NA,NA,Ipsos,Probability Panel,NA,2019-09-03T00:00:00Z,2019-09-04T00:00:00Z,FALSE,NA,102246,1116,a,NA,a,FALSE,2025-04-28 19:33:30 UTC,2025-04-28 19:33:30 UTC,NA,https://www.ipsos.com/sites/default/files/ct/news/documents/2019-09/2019_reuters_tracking_-_core_political_congressional_approval_tracker_09_04_2019.pdf,NA,https://www.ipsos.com/sites/default/files/ct/news/documents/2019-09/2019_reuters_tracking_-_core_political_congressional_approval_tracker_09_04_2019.pdf,NA,Congress,22,65,13
59539,568,YouGov,,The Economist,NA,NA,NA,YouGov,Online Matched Sample,NA,2019-09-08T00:00:00Z,2019-09-10T00:00:00Z,FALSE,NA,102458,1188,rv,NA,rv,FALSE,2025-04-28 19:33:31 UTC,2025-04-28 19:33:31 UTC,NA,https://d25d2506sfb94s.cloudfront.net/cumulus_uploads/document/hrk03f83zc/econTabReport.pdf,NA,NA,https://d25d2506sfb94s.cloudfront.net/cumulus_uploads/document/hrk03f83zc/econTabReport.pdf,Congress,14,64,21
59539,568,YouGov,,The Economist,NA,NA,NA,YouGov,Online Matched Sample,NA,2019-09-08T00:00:00Z,2019-09-10T00:00:00Z,FALSE,NA,102457,1500,a,NA,a,FALSE,2025-04-28 19:33:14 UTC,2025-04-28 19:33:14 UTC,NA,https://d25d2506sfb94s.cloudfront.net/cumulus_uploads/document/hrk03f83zc/econTabReport.pdf,NA,NA,https://d25d2506sfb94s.cloudfront.net/cumulus_uploads/document/hrk03f83zc/econTabReport.pdf,Congress,16,55,30
59613,169,Gallup,,NA,NA,NA,NA,Gallup,Live Phone,NA,2019-09-03T00:00:00Z,2019-09-15T00:00:00Z,FALSE,NA,103798,1525,a,NA,a,FALSE,2025-04-28 19:33:21 UTC,2025-04-28 19:33:21 UTC,NA,https://news.gallup.com/poll/1600/congress-public.aspx,https://news.gallup.com/poll/1600/congress-public.aspx,NA,NA,Congress,18,78,3
59601,568,YouGov,,The Economist,NA,NA,NA,YouGov,Online Matched Sample,NA,2019-09-14T00:00:00Z,2019-09-17T00:00:00Z,FALSE,NA,102830,1184,rv,NA,rv,FALSE,2025-04-28 19:33:14 UTC,2025-04-28 19:33:14 UTC,NA,https://d25d2506sfb94s.cloudfront.net/cumulus_uploads/document/m1n9ik6irs/econTabReport.pdf,NA,NA,https://d25d2506sfb94s.cloudfront.net/cumulus_uploads/document/m1n9ik6irs/econTabReport.pdf,Congress,14,67,19
59601,568,YouGov,,The Economist,NA,NA,NA,YouGov,Online Matched Sample,NA,2019-09-14T00:00:00Z,2019-09-17T00:00:00Z,FALSE,NA,102829,1500,a,NA,a,FALSE,2025-04-28 19:33:14 UTC,2025-04-28 19:33:14 UTC,NA,https://d25d2506sfb94s.cloudfront.net/cumulus_uploads/document/m1n9ik6irs/econTabReport.pdf,NA,NA,https://d25d2506sfb94s.cloudfront.net/cumulus_uploads/document/m1n9ik6irs/econTabReport.pdf,Congress,14,58,28
59712,568,YouGov,,The Economist,NA,NA,NA,YouGov,Online Matched Sample,NA,2019-09-22T00:00:00Z,2019-09-24T00:00:00Z,FALSE,NA,103284,1198,rv,NA,rv,FALSE,2025-04-28 19:33:15 UTC,2025-04-28 19:33:15 UTC,NA,https://d25d2506sfb94s.cloudfront.net/cumulus_uploads/document/hqfjbs2lws/econTabReport.pdf,NA,NA,https://d25d2506sfb94s.cloudfront.net/cumulus_uploads/document/hqfjbs2lws/econTabReport.pdf,Congress,14,63,22
59712,568,YouGov,,The Economist,NA,NA,NA,YouGov,Online Matched Sample,NA,2019-09-22T00:00:00Z,2019-09-24T00:00:00Z,FALSE,NA,103283,1500,a,NA,a,FALSE,2025-04-28 19:33:15 UTC,2025-04-28 19:33:15 UTC,NA,https://d25d2506sfb94s.cloudfront.net/cumulus_uploads/document/hqfjbs2lws/econTabReport.pdf,NA,NA,https://d25d2506sfb94s.cloudfront.net/cumulus_uploads/document/hqfjbs2lws/econTabReport.pdf,Congress,14,56,30
59757,320,Monmouth,,NA,NA,NA,NA,Monmouth University Polling Institute,Live Phone,NA,2019-09-23T00:00:00Z,2019-09-29T00:00:00Z,FALSE,NA,103511,1161,a,NA,a,FALSE,2025-04-28 19:33:32 UTC,2025-04-28 19:33:32 UTC,NA,https://www.monmouth.edu/polling-institute/documents/monmouthpoll_us_100119.pdf/,NA,NA,NA,Congress,21,68,11
59757,320,Monmouth,,NA,NA,NA,NA,Monmouth University Polling Institute,Live Phone,NA,2019-09-23T00:00:00Z,2019-09-29T00:00:00Z,FALSE,NA,103512,1017,rv,NA,rv,FALSE,2025-04-28 19:33:32 UTC,2025-04-28 19:33:32 UTC,NA,https://www.monmouth.edu/polling-institute/documents/monmouthpoll_us_100119.pdf/,NA,NA,NA,Congress,19,70,10
60088,568,YouGov,,The George Washington University,NA,NA,NA,YouGov,Online Matched Sample,NA,2019-09-26T00:00:00Z,2019-09-30T00:00:00Z,FALSE,NA,104470,1200,rv,NA,rv,FALSE,2025-04-28 19:33:21 UTC,2025-04-28 19:33:21 UTC,NA,https://smpa.gwu.edu/sites/g/files/zaxdzs2046/f/downloads/GW%20Politics%20Poll%20Late%20September%202019%20Toplines%20%281%29.pdf,NA,https://smpa.gwu.edu/sites/g/files/zaxdzs2046/f/downloads/GW%20Politics%20Poll%20Late%20September%202019%20Toplines%20%281%29.pdf,NA,Congress,23,67.3,9.7
59765,568,YouGov,,The Economist,NA,NA,NA,YouGov,Online Matched Sample,NA,2019-09-28T00:00:00Z,2019-10-01T00:00:00Z,FALSE,NA,103594,1087,rv,NA,rv,FALSE,2025-04-28 19:33:15 UTC,2025-04-28 19:33:15 UTC,NA,https://d25d2506sfb94s.cloudfront.net/cumulus_uploads/document/eb2rrb9ofh/econTabReport.pdf,NA,NA,https://d25d2506sfb94s.cloudfront.net/cumulus_uploads/document/eb2rrb9ofh/econTabReport.pdf,Congress,17,62,21
59765,568,YouGov,,The Economist,NA,NA,NA,YouGov,Online Matched Sample,NA,2019-09-28T00:00:00Z,2019-10-01T00:00:00Z,FALSE,NA,103593,1500,a,NA,a,FALSE,2025-04-28 19:33:15 UTC,2025-04-28 19:33:15 UTC,NA,https://d25d2506sfb94s.cloudfront.net/cumulus_uploads/document/eb2rrb9ofh/econTabReport.pdf,NA,NA,https://d25d2506sfb94s.cloudfront.net/cumulus_uploads/document/eb2rrb9ofh/econTabReport.pdf,Congress,17,54,29
59902,396,Quinnipiac,,NA,NA,NA,NA,Quinnipiac University,Live Phone,NA,2019-10-04T00:00:00Z,2019-10-07T00:00:00Z,FALSE,NA,103952,1483,rv,NA,rv,FALSE,2025-04-28 19:33:30 UTC,2025-04-28 19:33:30 UTC,NA,https://poll.qu.edu/poll-release-legacy?releaseid=3643,NA,NA,https://poll.qu.edu/poll-release-legacy?releaseid=3643,Congress,19,71,10
59915,568,YouGov,,The Economist,NA,NA,NA,YouGov,Online Matched Sample,NA,2019-10-06T00:00:00Z,2019-10-08T00:00:00Z,FALSE,NA,103984,1500,a,NA,a,FALSE,2025-04-28 19:33:21 UTC,2025-04-28 19:33:21 UTC,NA,https://d25d2506sfb94s.cloudfront.net/cumulus_uploads/document/x3neaunoh2/econTabReport.pdf,NA,NA,https://d25d2506sfb94s.cloudfront.net/cumulus_uploads/document/x3neaunoh2/econTabReport.pdf,Congress,15,53,32
59915,568,YouGov,,The Economist,NA,NA,NA,YouGov,Online Matched Sample,NA,2019-10-06T00:00:00Z,2019-10-08T00:00:00Z,FALSE,NA,103985,1241,rv,NA,rv,FALSE,2025-04-28 19:33:21 UTC,2025-04-28 19:33:21 UTC,NA,https://d25d2506sfb94s.cloudfront.net/cumulus_uploads/document/x3neaunoh2/econTabReport.pdf,NA,NA,https://d25d2506sfb94s.cloudfront.net/cumulus_uploads/document/x3neaunoh2/econTabReport.pdf,Congress,16,62,23
59938,1597,Beacon/Shaw,,Fox News,NA,NA,NA,Beacon Research/Shaw & Co. Research,Live Phone,NA,2019-10-06T00:00:00Z,2019-10-08T00:00:00Z,FALSE,NA,104121,1003,rv,NA,rv,FALSE,2025-04-28 19:33:40 UTC,2025-04-28 19:33:40 UTC,NA,https://www.foxnews.com/politics/fox-news-poll-results-october-6-8-2019,NA,NA,NA,Congress,21,63,16
60097,169,Gallup,,NA,NA,NA,NA,Gallup,Live Phone,NA,2019-10-01T00:00:00Z,2019-10-13T00:00:00Z,FALSE,NA,104542,1526,a,NA,a,FALSE,2025-04-28 19:33:21 UTC,2025-04-28 19:33:21 UTC,NA,https://news.gallup.com/poll/267491/congress-approval-support-impeaching-trump.aspx,NA,NA,NA,Congress,25,70,5
60100,568,YouGov,,The Economist,NA,NA,NA,YouGov,Online Matched Sample,NA,2019-10-13T00:00:00Z,2019-10-15T00:00:00Z,FALSE,NA,104548,1136,rv,NA,rv,FALSE,2025-04-28 19:33:21 UTC,2025-04-28 19:33:21 UTC,NA,https://d25d2506sfb94s.cloudfront.net/cumulus_uploads/document/kvoamfqbbo/econTabReport.pdf,NA,NA,https://d25d2506sfb94s.cloudfront.net/cumulus_uploads/document/kvoamfqbbo/econTabReport.pdf,Congress,20,59,21
60100,568,YouGov,,The Economist,NA,NA,NA,YouGov,Online Matched Sample,NA,2019-10-13T00:00:00Z,2019-10-15T00:00:00Z,FALSE,NA,104547,1500,a,NA,a,FALSE,2025-04-28 19:33:21 UTC,2025-04-28 19:33:21 UTC,NA,https://d25d2506sfb94s.cloudfront.net/cumulus_uploads/document/kvoamfqbbo/econTabReport.pdf,NA,NA,https://d25d2506sfb94s.cloudfront.net/cumulus_uploads/document/kvoamfqbbo/econTabReport.pdf,Congress,17,52,31
62241,568,YouGov,,The Economist,NA,NA,NA,YouGov,Online Matched Sample,NA,2019-10-20T00:00:00Z,2019-10-22T00:00:00Z,FALSE,NA,111207,1500,a,NA,a,FALSE,2025-04-28 19:33:22 UTC,2025-04-28 19:33:22 UTC,NA,https://d25d2506sfb94s.cloudfront.net/cumulus_uploads/document/s96v7z4zoa/econTabReport.pdf,NA,NA,https://d25d2506sfb94s.cloudfront.net/cumulus_uploads/document/s96v7z4zoa/econTabReport.pdf,Congress,17,52,30
62241,568,YouGov,,The Economist,NA,NA,NA,YouGov,Online Matched Sample,NA,2019-10-20T00:00:00Z,2019-10-22T00:00:00Z,FALSE,NA,111208,1204,rv,NA,rv,FALSE,2025-04-28 19:33:22 UTC,2025-04-28 19:33:22 UTC,NA,https://d25d2506sfb94s.cloudfront.net/cumulus_uploads/document/s96v7z4zoa/econTabReport.pdf,NA,NA,https://d25d2506sfb94s.cloudfront.net/cumulus_uploads/document/s96v7z4zoa/econTabReport.pdf,Congress,18,61,23
62521,1360,AP-NORC,,NA,NA,NA,NA,AP-NORC,Live Phone/Probability Panel,NA,2019-10-24T00:00:00Z,2019-10-28T00:00:00Z,FALSE,NA,112553,1075,a,NA,a,FALSE,2025-04-28 19:33:16 UTC,2025-04-28 19:33:16 UTC,NA,http://www.apnorc.org/PDFs/AP-NORC%20Omnibus%20October%202019/Impeach_DSL%20Topline.pdf,NA,http://www.apnorc.org/PDFs/AP-NORC%20Omnibus%20October%202019/Impeach_DSL%20Topline.pdf,NA,Congress,27,71,2
62515,568,YouGov,,The Economist,NA,NA,NA,YouGov,Online Matched Sample,NA,2019-10-27T00:00:00Z,2019-10-29T00:00:00Z,FALSE,NA,112446,1274,rv,NA,rv,FALSE,2025-04-28 19:33:20 UTC,2025-04-28 19:33:20 UTC,NA,https://d25d2506sfb94s.cloudfront.net/cumulus_uploads/document/zgaz948hzw/econTabReport.pdf,NA,NA,https://d25d2506sfb94s.cloudfront.net/cumulus_uploads/document/zgaz948hzw/econTabReport.pdf,Congress,18,62,20
62515,568,YouGov,,The Economist,NA,NA,NA,YouGov,Online Matched Sample,NA,2019-10-27T00:00:00Z,2019-10-29T00:00:00Z,FALSE,NA,112445,1500,a,NA,a,FALSE,2025-04-28 19:33:13 UTC,2025-04-28 19:33:13 UTC,NA,https://d25d2506sfb94s.cloudfront.net/cumulus_uploads/document/zgaz948hzw/econTabReport.pdf,NA,NA,https://d25d2506sfb94s.cloudfront.net/cumulus_uploads/document/zgaz948hzw/econTabReport.pdf,Congress,18,54,28
62563,320,Monmouth,,NA,NA,NA,NA,Monmouth University Polling Institute,Live Phone,NA,2019-10-30T00:00:00Z,2019-11-03T00:00:00Z,FALSE,NA,112738,908,a,NA,a,FALSE,2025-04-28 19:33:13 UTC,2025-04-28 19:33:13 UTC,NA,https://www.monmouth.edu/polling-institute/documents/monmouthpoll_us_110519.pdf/,NA,NA,NA,Congress,23,64,13
62563,320,Monmouth,,NA,NA,NA,NA,Monmouth University Polling Institute,Live Phone,NA,2019-10-30T00:00:00Z,2019-11-03T00:00:00Z,FALSE,NA,112739,835,rv,NA,rv,FALSE,2025-04-28 19:33:13 UTC,2025-04-28 19:33:13 UTC,NA,https://www.monmouth.edu/polling-institute/documents/monmouthpoll_us_110519.pdf/,NA,NA,NA,Congress,23,66,11
62570,568,YouGov,,The Economist,NA,NA,NA,YouGov,Online Matched Sample,NA,2019-11-03T00:00:00Z,2019-11-05T00:00:00Z,FALSE,NA,112749,1500,a,NA,a,FALSE,2025-04-28 19:33:21 UTC,2025-04-28 19:33:21 UTC,NA,https://d25d2506sfb94s.cloudfront.net/cumulus_uploads/document/cseozthmrp/econTabReport.pdf,NA,NA,https://d25d2506sfb94s.cloudfront.net/cumulus_uploads/document/cseozthmrp/econTabReport.pdf,Congress,16,52,31
62570,568,YouGov,,The Economist,NA,NA,NA,YouGov,Online Matched Sample,NA,2019-11-03T00:00:00Z,2019-11-05T00:00:00Z,FALSE,NA,112750,1201,rv,NA,rv,FALSE,2025-04-28 19:33:21 UTC,2025-04-28 19:33:21 UTC,NA,https://d25d2506sfb94s.cloudfront.net/cumulus_uploads/document/cseozthmrp/econTabReport.pdf,NA,NA,https://d25d2506sfb94s.cloudfront.net/cumulus_uploads/document/cseozthmrp/econTabReport.pdf,Congress,16,60,24
62614,568,YouGov,,The Economist,NA,NA,NA,YouGov,Online Matched Sample,NA,2019-11-10T00:00:00Z,2019-11-12T00:00:00Z,FALSE,NA,112940,1206,rv,NA,rv,FALSE,2025-04-28 19:33:16 UTC,2025-04-28 19:33:16 UTC,NA,https://d25d2506sfb94s.cloudfront.net/cumulus_uploads/document/7umtlf80ov/econTabReport.pdf,NA,NA,https://d25d2506sfb94s.cloudfront.net/cumulus_uploads/document/7umtlf80ov/econTabReport.pdf,Congress,17,64,19
62614,568,YouGov,,The Economist,NA,NA,NA,YouGov,Online Matched Sample,NA,2019-11-10T00:00:00Z,2019-11-12T00:00:00Z,FALSE,NA,112939,1500,a,NA,a,FALSE,2025-04-28 19:33:10 UTC,2025-04-28 19:33:10 UTC,NA,https://d25d2506sfb94s.cloudfront.net/cumulus_uploads/document/7umtlf80ov/econTabReport.pdf,NA,NA,https://d25d2506sfb94s.cloudfront.net/cumulus_uploads/document/7umtlf80ov/econTabReport.pdf,Congress,17,56,28
62671,169,Gallup,,NA,NA,NA,NA,Gallup,Live Phone,NA,2019-11-01T00:00:00Z,2019-11-14T00:00:00Z,FALSE,NA,113896,1015,a,NA,a,FALSE,2025-04-28 19:33:22 UTC,2025-04-28 19:33:22 UTC,NA,https://news.gallup.com/poll/268520/economic-confidence-satisfaction-improve-november.aspx,NA,NA,NA,Congress,24,72,3
62670,568,YouGov,,The Economist,NA,NA,NA,YouGov,Online Matched Sample,NA,2019-11-17T00:00:00Z,2019-11-19T00:00:00Z,FALSE,NA,113261,1224,rv,NA,rv,FALSE,2025-04-28 19:33:25 UTC,2025-04-28 19:33:25 UTC,NA,https://d25d2506sfb94s.cloudfront.net/cumulus_uploads/document/u9tu99dui5/econTabReport.pdf,NA,NA,https://d25d2506sfb94s.cloudfront.net/cumulus_uploads/document/u9tu99dui5/econTabReport.pdf,Congress,17,59,23
62670,568,YouGov,,The Economist,NA,NA,NA,YouGov,Online Matched Sample,NA,2019-11-17T00:00:00Z,2019-11-19T00:00:00Z,FALSE,NA,113260,1500,a,NA,a,FALSE,2025-04-28 19:33:18 UTC,2025-04-28 19:33:18 UTC,NA,https://d25d2506sfb94s.cloudfront.net/cumulus_uploads/document/u9tu99dui5/econTabReport.pdf,NA,NA,https://d25d2506sfb94s.cloudfront.net/cumulus_uploads/document/u9tu99dui5/econTabReport.pdf,Congress,16,53,31
62982,568,YouGov,,The Economist,NA,NA,NA,YouGov,Online Matched Sample,NA,2019-11-24T00:00:00Z,2019-11-26T00:00:00Z,FALSE,NA,114025,1189,rv,NA,rv,FALSE,2025-04-28 19:33:18 UTC,2025-04-28 19:33:18 UTC,NA,https://d25d2506sfb94s.cloudfront.net/cumulus_uploads/document/a10nw9wbas/econTabReport.pdf,NA,NA,https://d25d2506sfb94s.cloudfront.net/cumulus_uploads/document/a10nw9wbas/econTabReport.pdf,Congress,16,62,22
62982,568,YouGov,,The Economist,NA,NA,NA,YouGov,Online Matched Sample,NA,2019-11-24T00:00:00Z,2019-11-26T00:00:00Z,FALSE,NA,114024,1500,a,NA,a,FALSE,2025-04-28 19:33:25 UTC,2025-04-28 19:33:25 UTC,NA,https://d25d2506sfb94s.cloudfront.net/cumulus_uploads/document/a10nw9wbas/econTabReport.pdf,NA,NA,https://d25d2506sfb94s.cloudfront.net/cumulus_uploads/document/a10nw9wbas/econTabReport.pdf,Congress,16,55,29
63007,568,YouGov,,The Economist,NA,NA,NA,YouGov,Online Matched Sample,NA,2019-12-01T00:00:00Z,2019-12-03T00:00:00Z,FALSE,NA,114182,1500,a,NA,a,FALSE,2025-04-28 19:33:18 UTC,2025-04-28 19:33:18 UTC,NA,https://d25d2506sfb94s.cloudfront.net/cumulus_uploads/document/799kgtotz3/econTabReport.pdf,NA,NA,https://d25d2506sfb94s.cloudfront.net/cumulus_uploads/document/799kgtotz3/econTabReport.pdf,Congress,16,54,30
63007,568,YouGov,,The Economist,NA,NA,NA,YouGov,Online Matched Sample,NA,2019-12-01T00:00:00Z,2019-12-03T00:00:00Z,FALSE,NA,114183,1200,rv,NA,rv,FALSE,2025-04-28 19:33:18 UTC,2025-04-28 19:33:18 UTC,NA,https://d25d2506sfb94s.cloudfront.net/cumulus_uploads/document/799kgtotz3/econTabReport.pdf,NA,NA,https://d25d2506sfb94s.cloudfront.net/cumulus_uploads/document/799kgtotz3/econTabReport.pdf,Congress,16,63,20
63041,320,Monmouth,,NA,NA,NA,NA,Monmouth University Polling Institute,Live Phone,NA,2019-12-04T00:00:00Z,2019-12-08T00:00:00Z,FALSE,NA,114813,903,a,NA,a,FALSE,2025-04-28 19:33:23 UTC,2025-04-28 19:33:23 UTC,NA,https://www.monmouth.edu/polling-institute/documents/monmouthpoll_us_121119.pdf/,NA,NA,NA,Congress,22,65,13
63041,320,Monmouth,,NA,NA,NA,NA,Monmouth University Polling Institute,Live Phone,NA,2019-12-04T00:00:00Z,2019-12-08T00:00:00Z,FALSE,NA,114814,838,rv,NA,rv,FALSE,2025-04-28 19:33:23 UTC,2025-04-28 19:33:23 UTC,NA,https://www.monmouth.edu/polling-institute/documents/monmouthpoll_us_121119.pdf/,NA,NA,NA,Congress,21,67,12
63055,396,Quinnipiac,,NA,NA,NA,NA,Quinnipiac University,Live Phone,NA,2019-12-04T00:00:00Z,2019-12-09T00:00:00Z,FALSE,NA,114516,1553,rv,NA,rv,FALSE,2025-04-28 19:33:30 UTC,2025-04-28 19:33:30 UTC,NA,https://poll.qu.edu/poll-release-legacy?releaseid=3651,NA,NA,https://poll.qu.edu/poll-release-legacy?releaseid=3651,Congress,25,66,9
63065,568,YouGov,,The Economist,NA,NA,NA,YouGov,Online Matched Sample,NA,2019-12-07T00:00:00Z,2019-12-10T00:00:00Z,FALSE,NA,114571,1500,a,NA,a,FALSE,2025-04-28 19:33:19 UTC,2025-04-28 19:33:19 UTC,NA,https://d25d2506sfb94s.cloudfront.net/cumulus_uploads/document/4yqcix83qw/econTabReport.pdf,NA,NA,https://d25d2506sfb94s.cloudfront.net/cumulus_uploads/document/4yqcix83qw/econTabReport.pdf,Congress,16,54,30
63065,568,YouGov,,The Economist,NA,NA,NA,YouGov,Online Matched Sample,NA,2019-12-07T00:00:00Z,2019-12-10T00:00:00Z,FALSE,NA,114572,1209,rv,NA,rv,FALSE,2025-04-28 19:33:19 UTC,2025-04-28 19:33:19 UTC,NA,https://d25d2506sfb94s.cloudfront.net/cumulus_uploads/document/4yqcix83qw/econTabReport.pdf,NA,NA,https://d25d2506sfb94s.cloudfront.net/cumulus_uploads/document/4yqcix83qw/econTabReport.pdf,Congress,17,61,22
63115,1597,Beacon/Shaw,,Fox News,NA,NA,NA,Beacon Research/Shaw & Co. Research,Live Phone,NA,2019-12-08T00:00:00Z,2019-12-11T00:00:00Z,FALSE,NA,114889,1000,rv,NA,rv,FALSE,2025-04-28 19:33:40 UTC,2025-04-28 19:33:40 UTC,NA,https://www.scribd.com/document/439839999/Fox-December-8-11-2019-National-Topline-December-15-Release,NA,https://www.scribd.com/document/439839999/Fox-December-8-11-2019-National-Topline-December-15-Release,NA,Congress,23,62,15
63143,169,Gallup,,NA,NA,NA,NA,Gallup,Live Phone,NA,2019-12-02T00:00:00Z,2019-12-15T00:00:00Z,FALSE,NA,115040,1025,a,NA,a,FALSE,2025-04-28 19:33:31 UTC,2025-04-28 19:33:31 UTC,NA,https://news.gallup.com/poll/271691/trump-approval-inches-support-impeachment-dips.aspx,NA,NA,NA,Congress,27,68,4
63146,568,YouGov,,The Economist,NA,NA,NA,YouGov,Online Matched Sample,NA,2019-12-14T00:00:00Z,2019-12-17T00:00:00Z,FALSE,NA,114973,1500,a,NA,a,FALSE,2025-04-28 19:33:19 UTC,2025-04-28 19:33:19 UTC,NA,https://d25d2506sfb94s.cloudfront.net/cumulus_uploads/document/ua3ar45wbg/econTabReport.pdf,NA,NA,https://d25d2506sfb94s.cloudfront.net/cumulus_uploads/document/ua3ar45wbg/econTabReport.pdf,Congress,19,54,28
63146,568,YouGov,,The Economist,NA,NA,NA,YouGov,Online Matched Sample,NA,2019-12-14T00:00:00Z,2019-12-17T00:00:00Z,FALSE,NA,114974,1164,rv,NA,rv,FALSE,2025-04-28 19:33:19 UTC,2025-04-28 19:33:19 UTC,NA,https://d25d2506sfb94s.cloudfront.net/cumulus_uploads/document/ua3ar45wbg/econTabReport.pdf,NA,NA,https://d25d2506sfb94s.cloudfront.net/cumulus_uploads/document/ua3ar45wbg/econTabReport.pdf,Congress,19,61,19
63187,568,YouGov,,The Economist,NA,NA,NA,YouGov,Online Matched Sample,NA,2019-12-22T00:00:00Z,2019-12-24T00:00:00Z,FALSE,NA,115175,1240,rv,NA,rv,FALSE,2025-04-28 19:33:13 UTC,2025-04-28 19:33:13 UTC,NA,https://d25d2506sfb94s.cloudfront.net/cumulus_uploads/document/t4lyjjoemc/econTabReport.pdf,NA,NA,https://d25d2506sfb94s.cloudfront.net/cumulus_uploads/document/t4lyjjoemc/econTabReport.pdf,Congress,18,60,21
63187,568,YouGov,,The Economist,NA,NA,NA,YouGov,Online Matched Sample,NA,2019-12-22T00:00:00Z,2019-12-24T00:00:00Z,FALSE,NA,115174,1500,a,NA,a,FALSE,2025-04-28 19:33:20 UTC,2025-04-28 19:33:20 UTC,NA,https://d25d2506sfb94s.cloudfront.net/cumulus_uploads/document/t4lyjjoemc/econTabReport.pdf,NA,NA,https://d25d2506sfb94s.cloudfront.net/cumulus_uploads/document/t4lyjjoemc/econTabReport.pdf,Congress,17,54,29
63206,568,YouGov,,The Economist,NA,NA,NA,YouGov,Online Matched Sample,NA,2019-12-28T00:00:00Z,2019-12-31T00:00:00Z,FALSE,NA,115316,1123,rv,NA,rv,FALSE,2025-04-28 19:33:20 UTC,2025-04-28 19:33:20 UTC,NA,https://d25d2506sfb94s.cloudfront.net/cumulus_uploads/document/2r6hyqtv9p/econTabReport.pdf,NA,NA,https://d25d2506sfb94s.cloudfront.net/cumulus_uploads/document/2r6hyqtv9p/econTabReport.pdf,Congress,17,60,22
63206,568,YouGov,,The Economist,NA,NA,NA,YouGov,Online Matched Sample,NA,2019-12-28T00:00:00Z,2019-12-31T00:00:00Z,FALSE,NA,115315,1500,a,NA,a,FALSE,2025-04-28 19:33:20 UTC,2025-04-28 19:33:20 UTC,NA,https://d25d2506sfb94s.cloudfront.net/cumulus_uploads/document/2r6hyqtv9p/econTabReport.pdf,NA,NA,https://d25d2506sfb94s.cloudfront.net/cumulus_uploads/document/2r6hyqtv9p/econTabReport.pdf,Congress,16,51,32
63231,568,YouGov,,The Economist,NA,NA,NA,YouGov,Online Matched Sample,NA,2020-01-05T00:00:00Z,2020-01-07T00:00:00Z,FALSE,NA,115453,1185,rv,NA,rv,FALSE,2025-04-28 19:33:41 UTC,2025-04-28 19:33:41 UTC,NA,https://d25d2506sfb94s.cloudfront.net/cumulus_uploads/document/6s5t9qkjll/econTabReport.pdf,NA,NA,https://d25d2506sfb94s.cloudfront.net/cumulus_uploads/document/6s5t9qkjll/econTabReport.pdf,Congress,17,60,24
63231,568,YouGov,,The Economist,NA,NA,NA,YouGov,Online Matched Sample,NA,2020-01-05T00:00:00Z,2020-01-07T00:00:00Z,FALSE,NA,115452,1500,a,NA,a,FALSE,2025-04-28 19:33:41 UTC,2025-04-28 19:33:41 UTC,NA,https://d25d2506sfb94s.cloudfront.net/cumulus_uploads/document/6s5t9qkjll/econTabReport.pdf,NA,NA,https://d25d2506sfb94s.cloudfront.net/cumulus_uploads/document/6s5t9qkjll/econTabReport.pdf,Congress,16,52,32
63278,568,YouGov,,The Economist,NA,NA,NA,YouGov,Online Matched Sample,NA,2020-01-11T00:00:00Z,2020-01-14T00:00:00Z,FALSE,NA,115713,1108,rv,NA,rv,FALSE,2025-04-28 19:33:41 UTC,2025-04-28 19:33:41 UTC,NA,https://d25d2506sfb94s.cloudfront.net/cumulus_uploads/document/ueji3eha6i/econTabReport.pdf,NA,NA,https://d25d2506sfb94s.cloudfront.net/cumulus_uploads/document/ueji3eha6i/econTabReport.pdf,Congress,16,63,21
63278,568,YouGov,,The Economist,NA,NA,NA,YouGov,Online Matched Sample,NA,2020-01-11T00:00:00Z,2020-01-14T00:00:00Z,FALSE,NA,115712,1500,a,NA,a,FALSE,2025-04-28 19:33:41 UTC,2025-04-28 19:33:41 UTC,NA,https://d25d2506sfb94s.cloudfront.net/cumulus_uploads/document/ueji3eha6i/econTabReport.pdf,NA,NA,https://d25d2506sfb94s.cloudfront.net/cumulus_uploads/document/ueji3eha6i/econTabReport.pdf,Congress,15,54,30
63299,169,Gallup,,NA,NA,NA,NA,Gallup,Live Phone,NA,2020-01-02T00:00:00Z,2020-01-15T00:00:00Z,FALSE,NA,116643,1014,a,NA,a,FALSE,2025-04-28 19:33:25 UTC,2025-04-28 19:33:25 UTC,NA,https://news.gallup.com/poll/1600/congress-public.aspx,https://news.gallup.com/poll/1600/congress-public.aspx,NA,NA,Congress,23,72,5
63310,320,Monmouth,,NA,NA,NA,NA,Monmouth University Polling Institute,Live Phone,NA,2020-01-16T00:00:00Z,2020-01-20T00:00:00Z,FALSE,NA,115903,903,a,NA,a,FALSE,2025-04-28 19:33:41 UTC,2025-04-28 19:33:41 UTC,NA,https://www.monmouth.edu/polling-institute/documents/monmouthpoll_us_012120.pdf/,NA,NA,NA,Congress,24,62,14
63310,320,Monmouth,,NA,NA,NA,NA,Monmouth University Polling Institute,Live Phone,NA,2020-01-16T00:00:00Z,2020-01-20T00:00:00Z,FALSE,NA,115904,847,rv,NA,rv,FALSE,2025-04-28 19:33:41 UTC,2025-04-28 19:33:41 UTC,NA,https://www.monmouth.edu/polling-institute/documents/monmouthpoll_us_012120.pdf/,NA,NA,NA,Congress,24,64,11
63323,568,YouGov,,The Economist,NA,NA,NA,YouGov,Online Matched Sample,NA,2020-01-19T00:00:00Z,2020-01-21T00:00:00Z,FALSE,NA,115967,1176,rv,NA,rv,FALSE,2025-04-28 19:33:16 UTC,2025-04-28 19:33:16 UTC,NA,https://d25d2506sfb94s.cloudfront.net/cumulus_uploads/document/alq58zq5zt/econTabReport.pdf,NA,NA,https://d25d2506sfb94s.cloudfront.net/cumulus_uploads/document/alq58zq5zt/econTabReport.pdf,Congress,22,60,24
63323,568,YouGov,,The Economist,NA,NA,NA,YouGov,Online Matched Sample,NA,2020-01-19T00:00:00Z,2020-01-21T00:00:00Z,FALSE,NA,115966,1500,a,NA,a,FALSE,2025-04-28 19:33:41 UTC,2025-04-28 19:33:41 UTC,NA,https://d25d2506sfb94s.cloudfront.net/cumulus_uploads/document/alq58zq5zt/econTabReport.pdf,NA,NA,https://d25d2506sfb94s.cloudfront.net/cumulus_uploads/document/alq58zq5zt/econTabReport.pdf,Congress,17,52,32
63350,1597,Beacon/Shaw,,Fox News,NA,NA,NA,Beacon Research/Shaw & Co. Research,Live Phone,NA,2020-01-19T00:00:00Z,2020-01-22T00:00:00Z,FALSE,NA,116132,1005,rv,NA,rv,FALSE,2025-04-28 19:33:41 UTC,2025-04-28 19:33:41 UTC,NA,NA,NA,NA,NA,Congress,26,58,17
63386,568,YouGov,,The Economist,NA,NA,NA,YouGov,Online Matched Sample,NA,2020-01-26T00:00:00Z,2020-01-28T00:00:00Z,FALSE,NA,116273,1500,a,NA,a,FALSE,2025-04-28 19:33:41 UTC,2025-04-28 19:33:41 UTC,NA,https://d25d2506sfb94s.cloudfront.net/cumulus_uploads/document/3ormein07a/econTabReport.pdf,NA,NA,https://d25d2506sfb94s.cloudfront.net/cumulus_uploads/document/3ormein07a/econTabReport.pdf,Congress,16,54,30
63386,568,YouGov,,The Economist,NA,NA,NA,YouGov,Online Matched Sample,NA,2020-01-26T00:00:00Z,2020-01-28T00:00:00Z,FALSE,NA,116274,1182,rv,NA,rv,FALSE,2025-04-28 19:33:41 UTC,2025-04-28 19:33:41 UTC,NA,https://d25d2506sfb94s.cloudfront.net/cumulus_uploads/document/3ormein07a/econTabReport.pdf,NA,NA,https://d25d2506sfb94s.cloudfront.net/cumulus_uploads/document/3ormein07a/econTabReport.pdf,Congress,18,61,21
63451,568,YouGov,,The Economist,NA,NA,NA,YouGov,Online Matched Sample,NA,2020-02-02T00:00:00Z,2020-02-04T00:00:00Z,FALSE,NA,116587,1277,rv,NA,rv,FALSE,2025-04-28 19:33:41 UTC,2025-04-28 19:33:41 UTC,NA,https://d25d2506sfb94s.cloudfront.net/cumulus_uploads/document/73jqd6u5mv/econTabReport.pdf,NA,NA,https://d25d2506sfb94s.cloudfront.net/cumulus_uploads/document/73jqd6u5mv/econTabReport.pdf,Congress,14,67,18
63451,568,YouGov,,The Economist,NA,NA,NA,YouGov,Online Matched Sample,NA,2020-02-02T00:00:00Z,2020-02-04T00:00:00Z,FALSE,NA,116586,1500,a,NA,a,FALSE,2025-04-28 19:33:41 UTC,2025-04-28 19:33:41 UTC,NA,https://d25d2506sfb94s.cloudfront.net/cumulus_uploads/document/73jqd6u5mv/econTabReport.pdf,NA,NA,https://d25d2506sfb94s.cloudfront.net/cumulus_uploads/document/73jqd6u5mv/econTabReport.pdf,Congress,15,57,29
63495,320,Monmouth,,NA,NA,NA,NA,Monmouth University Polling Institute,Live Phone,NA,2020-02-06T00:00:00Z,2020-02-09T00:00:00Z,FALSE,NA,116749,827,rv,NA,rv,FALSE,2025-04-28 19:33:11 UTC,2025-04-28 19:33:11 UTC,NA,https://www.monmouth.edu/polling-institute/documents/monmouthpoll_us_021020.pdf/,NA,NA,NA,Congress,20,70,10
63495,320,Monmouth,,NA,NA,NA,NA,Monmouth University Polling Institute,Live Phone,NA,2020-02-06T00:00:00Z,2020-02-09T00:00:00Z,FALSE,NA,116748,902,a,NA,a,FALSE,2025-04-28 19:33:11 UTC,2025-04-28 19:33:11 UTC,NA,https://www.monmouth.edu/polling-institute/documents/monmouthpoll_us_021020.pdf/,NA,NA,NA,Congress,20,69,11
63523,568,YouGov,,The Economist,NA,NA,NA,YouGov,Online Matched Sample,NA,2020-02-09T00:00:00Z,2020-02-11T00:00:00Z,FALSE,NA,116889,1140,rv,NA,rv,FALSE,2025-04-28 19:33:41 UTC,2025-04-28 19:33:41 UTC,NA,https://d25d2506sfb94s.cloudfront.net/cumulus_uploads/document/79zfxkws33/econTabReport.pdf,NA,NA,https://d25d2506sfb94s.cloudfront.net/cumulus_uploads/document/79zfxkws33/econTabReport.pdf,Congress,18,62,20
63523,568,YouGov,,The Economist,NA,NA,NA,YouGov,Online Matched Sample,NA,2020-02-09T00:00:00Z,2020-02-11T00:00:00Z,FALSE,NA,116888,1500,a,NA,a,FALSE,2025-04-28 19:33:41 UTC,2025-04-28 19:33:41 UTC,NA,https://d25d2506sfb94s.cloudfront.net/cumulus_uploads/document/79zfxkws33/econTabReport.pdf,NA,NA,https://d25d2506sfb94s.cloudfront.net/cumulus_uploads/document/79zfxkws33/econTabReport.pdf,Congress,16,54,30
64592,568,YouGov,,The George Washington University,NA,NA,NA,YouGov,Online Matched Sample,NA,2020-02-03T00:00:00Z,2020-02-14T00:00:00Z,FALSE,NA,119161,1200,rv,NA,rv,FALSE,2025-04-28 19:33:32 UTC,2025-04-28 19:33:32 UTC,NA,https://smpa.gwu.edu/sites/g/files/zaxdzs2046/f/downloads/GW%20Politics%20Poll%20February%202020%20Toplines%20Final%20%281%29%20%283%29%20%281%29.pdf,NA,https://smpa.gwu.edu/sites/g/files/zaxdzs2046/f/downloads/GW%20Politics%20Poll%20February%202020%20Toplines%20Final%20%281%29%20%283%29%20%281%29.pdf,NA,Congress,15.6,71,13.4
64484,1360,AP-NORC,,NA,NA,NA,NA,AP-NORC,Live Phone/Probability Panel,NA,2020-02-13T00:00:00Z,2020-02-16T00:00:00Z,FALSE,NA,119240,1074,a,NA,a,FALSE,2025-04-28 19:33:25 UTC,2025-04-28 19:33:25 UTC,NA,http://apnorc.org/PDFs/Omnibus%202020/February/topline_omni_feb_full_v3.pdf,NA,http://apnorc.org/PDFs/Omnibus%202020/February/topline_omni_feb_full_v3.pdf,NA,Congress,20,79,2
64465,169,Gallup,,NA,NA,NA,NA,Gallup,Live Phone,NA,2020-02-03T00:00:00Z,2020-02-16T00:00:00Z,FALSE,NA,118593,1028,a,NA,a,FALSE,2025-04-28 19:33:23 UTC,2025-04-28 19:33:23 UTC,NA,https://news.gallup.com/poll/286280/trump-job-approval-steady.aspx,NA,NA,NA,Congress,23,74,3
64407,568,YouGov,,The Economist,NA,NA,NA,YouGov,Online Matched Sample,NA,2020-02-16T00:00:00Z,2020-02-18T00:00:00Z,FALSE,NA,118485,1150,rv,NA,rv,FALSE,2025-04-28 19:33:41 UTC,2025-04-28 19:33:41 UTC,NA,https://d25d2506sfb94s.cloudfront.net/cumulus_uploads/document/m3wzkd0n59/econTabReport.pdf,NA,NA,https://d25d2506sfb94s.cloudfront.net/cumulus_uploads/document/m3wzkd0n59/econTabReport.pdf,Congress,14,65,20
64407,568,YouGov,,The Economist,NA,NA,NA,YouGov,Online Matched Sample,NA,2020-02-16T00:00:00Z,2020-02-18T00:00:00Z,FALSE,NA,118484,1500,a,NA,a,FALSE,2025-04-28 19:33:41 UTC,2025-04-28 19:33:41 UTC,NA,https://d25d2506sfb94s.cloudfront.net/cumulus_uploads/document/m3wzkd0n59/econTabReport.pdf,NA,NA,https://d25d2506sfb94s.cloudfront.net/cumulus_uploads/document/m3wzkd0n59/econTabReport.pdf,Congress,15,56,29
64468,241,Ipsos,,Reuters,NA,NA,NA,Ipsos,Probability Panel,NA,2020-02-18T00:00:00Z,2020-02-19T00:00:00Z,FALSE,NA,118601,1113,a,NA,a,FALSE,2025-04-28 19:33:35 UTC,2025-04-28 19:33:35 UTC,NA,https://www.ipsos.com/sites/default/files/ct/news/documents/2020-02/2020_reuters_tracking_-_core_political_congressional_approval_02_19_2020.pdf,NA,https://www.ipsos.com/sites/default/files/ct/news/documents/2020-02/2020_reuters_tracking_-_core_political_congressional_approval_02_19_2020.pdf,NA,Congress,21,64,14
64468,241,Ipsos,,Reuters,NA,NA,NA,Ipsos,Probability Panel,NA,2020-02-18T00:00:00Z,2020-02-19T00:00:00Z,FALSE,NA,118602,951,rv,NA,rv,FALSE,2025-04-28 19:33:35 UTC,2025-04-28 19:33:35 UTC,NA,https://www.ipsos.com/sites/default/files/ct/news/documents/2020-02/2020_reuters_tracking_-_core_political_congressional_approval_02_19_2020.pdf,NA,https://www.ipsos.com/sites/default/files/ct/news/documents/2020-02/2020_reuters_tracking_-_core_political_congressional_approval_02_19_2020.pdf,NA,Congress,22,67,11
64531,568,YouGov,,The Economist,NA,NA,NA,YouGov,Online Matched Sample,NA,2020-02-23T00:00:00Z,2020-02-25T00:00:00Z,FALSE,NA,118937,1184,rv,NA,rv,FALSE,2025-04-28 19:33:41 UTC,2025-04-28 19:33:41 UTC,NA,https://d25d2506sfb94s.cloudfront.net/cumulus_uploads/document/zye3phsf7t/econTabReport.pdf,NA,NA,https://d25d2506sfb94s.cloudfront.net/cumulus_uploads/document/zye3phsf7t/econTabReport.pdf,Congress,15,65,20
64531,568,YouGov,,The Economist,NA,NA,NA,YouGov,Online Matched Sample,NA,2020-02-23T00:00:00Z,2020-02-25T00:00:00Z,FALSE,NA,118936,1500,a,NA,a,FALSE,2025-04-28 19:33:32 UTC,2025-04-28 19:33:32 UTC,NA,https://d25d2506sfb94s.cloudfront.net/cumulus_uploads/document/zye3phsf7t/econTabReport.pdf,NA,NA,https://d25d2506sfb94s.cloudfront.net/cumulus_uploads/document/zye3phsf7t/econTabReport.pdf,Congress,14,57,30
64591,1597,Beacon/Shaw,,Fox News,NA,NA,NA,Beacon Research/Shaw & Co. Research,Live Phone,NA,2020-02-23T00:00:00Z,2020-02-26T00:00:00Z,FALSE,NA,119268,1000,rv,NA,rv,FALSE,2025-04-28 19:33:41 UTC,2025-04-28 19:33:41 UTC,NA,https://www.scribd.com/document/449414637/Fox-February-23-26-2020-Complete-National-Topline-February-28-Release,NA,https://www.scribd.com/document/449414637/Fox-February-23-26-2020-Complete-National-Topline-February-28-Release,NA,Congress,26,65,10
64708,568,YouGov,,The Economist,NA,NA,NA,YouGov,Online Matched Sample,NA,2020-03-01T00:00:00Z,2020-03-03T00:00:00Z,FALSE,NA,119625,1134,rv,NA,rv,FALSE,2025-04-28 19:33:41 UTC,2025-04-28 19:33:41 UTC,NA,https://d25d2506sfb94s.cloudfront.net/cumulus_uploads/document/3rdraw493c/econTabReport.pdf,NA,NA,https://d25d2506sfb94s.cloudfront.net/cumulus_uploads/document/3rdraw493c/econTabReport.pdf,Congress,17,63,21
64708,568,YouGov,,The Economist,NA,NA,NA,YouGov,Online Matched Sample,NA,2020-03-01T00:00:00Z,2020-03-03T00:00:00Z,FALSE,NA,119624,1500,a,NA,a,FALSE,2025-04-28 19:33:41 UTC,2025-04-28 19:33:41 UTC,NA,https://d25d2506sfb94s.cloudfront.net/cumulus_uploads/document/3rdraw493c/econTabReport.pdf,NA,NA,https://d25d2506sfb94s.cloudfront.net/cumulus_uploads/document/3rdraw493c/econTabReport.pdf,Congress,15,54,31
64794,568,YouGov,,The Economist,NA,NA,NA,YouGov,Online Matched Sample,NA,2020-03-08T00:00:00Z,2020-03-10T00:00:00Z,FALSE,NA,119897,1191,rv,NA,rv,FALSE,2025-04-28 19:33:41 UTC,2025-04-28 19:33:41 UTC,NA,https://docs.cdn.yougov.com/vrbl9mmctz/econTabReport.pdf,NA,NA,https://docs.cdn.yougov.com/vrbl9mmctz/econTabReport.pdf,Congress,15,62,23
64794,568,YouGov,,The Economist,NA,NA,NA,YouGov,Online Matched Sample,NA,2020-03-08T00:00:00Z,2020-03-10T00:00:00Z,FALSE,NA,119896,1500,a,NA,a,FALSE,2025-04-28 19:33:41 UTC,2025-04-28 19:33:41 UTC,NA,https://docs.cdn.yougov.com/vrbl9mmctz/econTabReport.pdf,NA,NA,https://docs.cdn.yougov.com/vrbl9mmctz/econTabReport.pdf,Congress,14,53,32
64869,169,Gallup,,NA,NA,NA,NA,Gallup,Live Phone,NA,2020-03-02T00:00:00Z,2020-03-13T00:00:00Z,FALSE,NA,120494,1019,a,NA,a,FALSE,2025-04-28 19:33:32 UTC,2025-04-28 19:33:32 UTC,NA,https://news.gallup.com/poll/1600/congress-public.aspx,https://news.gallup.com/poll/1600/congress-public.aspx,NA,NA,Congress,22,74,5
64872,568,YouGov,,The Economist,NA,NA,NA,YouGov,Online Matched Sample,NA,2020-03-15T00:00:00Z,2020-03-17T00:00:00Z,FALSE,NA,120132,1500,a,NA,a,FALSE,2025-04-28 19:33:41 UTC,2025-04-28 19:33:41 UTC,NA,https://docs.cdn.yougov.com/fcdckgt368/econTabReport.pdf,NA,NA,https://docs.cdn.yougov.com/fcdckgt368/econTabReport.pdf,Congress,19,47,34
64872,568,YouGov,,The Economist,NA,NA,NA,YouGov,Online Matched Sample,NA,2020-03-15T00:00:00Z,2020-03-17T00:00:00Z,FALSE,NA,120133,1129,rv,NA,rv,FALSE,2025-04-28 19:33:25 UTC,2025-04-28 19:33:25 UTC,NA,https://docs.cdn.yougov.com/fcdckgt368/econTabReport.pdf,NA,NA,https://docs.cdn.yougov.com/fcdckgt368/econTabReport.pdf,Congress,19,44,25
64998,1597,Beacon/Shaw,,Fox News,NA,NA,NA,Beacon Research/Shaw & Co. Research,Live Phone,NA,2020-03-21T00:00:00Z,2020-03-24T00:00:00Z,FALSE,NA,120534,1011,rv,NA,rv,FALSE,2025-04-28 19:33:24 UTC,2025-04-28 19:33:24 UTC,NA,https://www.scribd.com/document/453417322/Fox-News-Poll-March-21-24-2020,NA,NA,NA,Congress,31,54,15
64980,568,YouGov,,The Economist,NA,NA,NA,YouGov,Online Matched Sample,NA,2020-03-22T00:00:00Z,2020-03-24T00:00:00Z,FALSE,NA,120477,1500,a,NA,a,FALSE,2025-04-28 19:33:24 UTC,2025-04-28 19:33:24 UTC,NA,https://docs.cdn.yougov.com/bfiid7tfh3/econTabReport.pdf,NA,NA,https://docs.cdn.yougov.com/bfiid7tfh3/econTabReport.pdf,Congress,19,51,30
64980,568,YouGov,,The Economist,NA,NA,NA,YouGov,Online Matched Sample,NA,2020-03-22T00:00:00Z,2020-03-24T00:00:00Z,FALSE,NA,120478,1170,rv,NA,rv,FALSE,2025-04-28 19:33:41 UTC,2025-04-28 19:33:41 UTC,NA,https://docs.cdn.yougov.com/bfiid7tfh3/econTabReport.pdf,NA,NA,https://docs.cdn.yougov.com/bfiid7tfh3/econTabReport.pdf,Congress,21,56,22
65057,1365,Change Research,,Rural Organizing,NA,NA,NA,Change Research,Text-to-Web/Online Ad,NA,2020-03-26T00:00:00Z,2020-03-29T00:00:00Z,FALSE,NA,120718,1213,lv,NA,lv,FALSE,2025-04-28 19:33:41 UTC,2025-04-28 19:33:41 UTC,NA,https://drive.google.com/file/d/1yFA1QCCOFNkt__W9Zog3MaRMj8RJCw_1/view,NA,NA,NA,Congress,29,71,0
65045,568,YouGov,,The Economist,NA,NA,NA,YouGov,Online Matched Sample,NA,2020-03-29T00:00:00Z,2020-03-31T00:00:00Z,FALSE,NA,120682,1500,a,NA,a,FALSE,2025-04-28 19:33:25 UTC,2025-04-28 19:33:25 UTC,NA,https://docs.cdn.yougov.com/p8nwhxp50n/econTabReport.pdf,NA,NA,https://docs.cdn.yougov.com/p8nwhxp50n/econTabReport.pdf,Congress,26,41,33
65045,568,YouGov,,The Economist,NA,NA,NA,YouGov,Online Matched Sample,NA,2020-03-29T00:00:00Z,2020-03-31T00:00:00Z,FALSE,NA,120683,1194,rv,NA,rv,FALSE,2025-04-28 19:33:42 UTC,2025-04-28 19:33:42 UTC,NA,https://docs.cdn.yougov.com/p8nwhxp50n/econTabReport.pdf,NA,NA,https://docs.cdn.yougov.com/p8nwhxp50n/econTabReport.pdf,Congress,26,49,25
65691,568,YouGov,,The Economist,NA,NA,NA,YouGov,Online Matched Sample,NA,2020-04-05T00:00:00Z,2020-04-07T00:00:00Z,FALSE,NA,121388,1147,rv,NA,rv,FALSE,2025-04-28 19:33:41 UTC,2025-04-28 19:33:41 UTC,NA,https://docs.cdn.yougov.com/ogvntw3mu9/econTabReport.pdf,NA,NA,https://docs.cdn.yougov.com/ogvntw3mu9/econTabReport.pdf,Congress,21,53,26
65715,1597,Beacon/Shaw,,Fox News,NA,NA,NA,Beacon Research/Shaw & Co. Research,Live Phone,NA,2020-04-04T00:00:00Z,2020-04-07T00:00:00Z,FALSE,NA,121462,1107,rv,NA,rv,FALSE,2025-04-28 19:33:25 UTC,2025-04-28 19:33:25 UTC,NA,https://www.scribd.com/document/455760294/Fox-News-Poll-April-4-7-2020,NA,NA,NA,Congress,35,50,15
65692,320,Monmouth,,NA,NA,NA,NA,Monmouth University Polling Institute,Live Phone,NA,2020-04-03T00:00:00Z,2020-04-07T00:00:00Z,FALSE,NA,121404,857,a,NA,a,FALSE,2025-04-28 19:33:42 UTC,2025-04-28 19:33:42 UTC,NA,https://www.monmouth.edu/polling-institute/documents/monmouthpoll_us_040820.pdf/,NA,NA,NA,Congress,32,55,13
65691,568,YouGov,,The Economist,NA,NA,NA,YouGov,Online Matched Sample,NA,2020-04-05T00:00:00Z,2020-04-07T00:00:00Z,FALSE,NA,121387,1500,a,NA,a,FALSE,2025-04-28 19:33:41 UTC,2025-04-28 19:33:41 UTC,NA,https://docs.cdn.yougov.com/ogvntw3mu9/econTabReport.pdf,NA,NA,https://docs.cdn.yougov.com/ogvntw3mu9/econTabReport.pdf,Congress,20,47,34
65692,320,Monmouth,,NA,NA,NA,NA,Monmouth University Polling Institute,Live Phone,NA,2020-04-03T00:00:00Z,2020-04-07T00:00:00Z,FALSE,NA,121405,743,rv,NA,rv,FALSE,2025-04-28 19:33:42 UTC,2025-04-28 19:33:42 UTC,NA,https://www.monmouth.edu/polling-institute/documents/monmouthpoll_us_040820.pdf/,NA,NA,NA,Congress,31,56,13
65765,169,Gallup,,NA,NA,NA,NA,Gallup,Live Phone,NA,2020-04-01T00:00:00Z,2020-04-14T00:00:00Z,FALSE,NA,121575,1017,a,NA,a,FALSE,2025-04-28 19:33:24 UTC,2025-04-28 19:33:24 UTC,NA,https://news.gallup.com/poll/308675/trump-job-rating-slides-satisfaction-tumbles.aspx,NA,NA,NA,Congress,30,66,3
65756,568,YouGov,,The Economist,NA,NA,NA,YouGov,Online Matched Sample,NA,2020-04-12T00:00:00Z,2020-04-14T00:00:00Z,FALSE,NA,121545,1500,a,NA,a,FALSE,2025-04-28 19:33:41 UTC,2025-04-28 19:33:41 UTC,NA,https://docs.cdn.yougov.com/6fdl23u606/econTabReport.pdf,NA,NA,https://docs.cdn.yougov.com/6fdl23u606/econTabReport.pdf,Congress,23,48,29
65756,568,YouGov,,The Economist,NA,NA,NA,YouGov,Online Matched Sample,NA,2020-04-12T00:00:00Z,2020-04-14T00:00:00Z,FALSE,NA,121546,1166,rv,NA,rv,FALSE,2025-04-28 19:33:41 UTC,2025-04-28 19:33:41 UTC,NA,https://docs.cdn.yougov.com/6fdl23u606/econTabReport.pdf,NA,NA,https://docs.cdn.yougov.com/6fdl23u606/econTabReport.pdf,Congress,21,55,24
65823,568,YouGov,,The Economist,NA,NA,NA,YouGov,Online Matched Sample,NA,2020-04-19T00:00:00Z,2020-04-21T00:00:00Z,FALSE,NA,121723,1144,rv,NA,rv,FALSE,2025-04-28 19:33:41 UTC,2025-04-28 19:33:41 UTC,NA,https://docs.cdn.yougov.com/pwwefjdnsp/econTabReport.pdf,NA,NA,https://docs.cdn.yougov.com/pwwefjdnsp/econTabReport.pdf,Congress,20,56,23
65823,568,YouGov,,The Economist,NA,NA,NA,YouGov,Online Matched Sample,NA,2020-04-19T00:00:00Z,2020-04-21T00:00:00Z,FALSE,NA,121722,1500,a,NA,a,FALSE,2025-04-28 19:33:41 UTC,2025-04-28 19:33:41 UTC,NA,https://docs.cdn.yougov.com/pwwefjdnsp/econTabReport.pdf,NA,NA,https://docs.cdn.yougov.com/pwwefjdnsp/econTabReport.pdf,Congress,21,49,30
65943,568,YouGov,,The Economist,NA,NA,NA,YouGov,Online Matched Sample,NA,2020-04-26T00:00:00Z,2020-04-28T00:00:00Z,FALSE,NA,122170,1222,rv,NA,rv,FALSE,2025-04-28 19:33:41 UTC,2025-04-28 19:33:41 UTC,NA,https://docs.cdn.yougov.com/4qtpeqbqm8/econTabReport.pdf,NA,NA,https://docs.cdn.yougov.com/4qtpeqbqm8/econTabReport.pdf,Congress,21,55,24
65943,568,YouGov,,The Economist,NA,NA,NA,YouGov,Online Matched Sample,NA,2020-04-26T00:00:00Z,2020-04-28T00:00:00Z,FALSE,NA,122169,1500,a,NA,a,FALSE,2025-04-28 19:33:41 UTC,2025-04-28 19:33:41 UTC,NA,https://docs.cdn.yougov.com/4qtpeqbqm8/econTabReport.pdf,NA,NA,https://docs.cdn.yougov.com/4qtpeqbqm8/econTabReport.pdf,Congress,21,47,32
66076,320,Monmouth,,NA,NA,NA,NA,Monmouth University Polling Institute,Live Phone,NA,2020-04-30T00:00:00Z,2020-05-04T00:00:00Z,FALSE,NA,122733,808,a,NA,a,FALSE,2025-04-28 19:33:41 UTC,2025-04-28 19:33:41 UTC,NA,https://www.monmouth.edu/polling-institute/documents/monmouthpoll_us_050520.pdf/,NA,NA,NA,Congress,32,55,13
66076,320,Monmouth,,NA,NA,NA,NA,Monmouth University Polling Institute,Live Phone,NA,2020-04-30T00:00:00Z,2020-05-04T00:00:00Z,FALSE,NA,122734,739,rv,NA,rv,FALSE,2025-04-28 19:33:41 UTC,2025-04-28 19:33:41 UTC,NA,https://www.monmouth.edu/polling-institute/documents/monmouthpoll_us_050520.pdf/,NA,NA,NA,Congress,31,55,13
66122,568,YouGov,,The Economist,NA,NA,NA,YouGov,Online Matched Sample,NA,2020-05-03T00:00:00Z,2020-05-05T00:00:00Z,FALSE,NA,122852,1209,rv,NA,rv,FALSE,2025-04-28 19:33:41 UTC,2025-04-28 19:33:41 UTC,NA,https://docs.cdn.yougov.com/5yope37lqh/econTabReport.pdf,NA,NA,https://docs.cdn.yougov.com/5yope37lqh/econTabReport.pdf,Congress,23,52,26
66122,568,YouGov,,The Economist,NA,NA,NA,YouGov,Online Matched Sample,NA,2020-05-03T00:00:00Z,2020-05-05T00:00:00Z,FALSE,NA,122850,1500,a,NA,a,FALSE,2025-04-28 19:33:12 UTC,2025-04-28 19:33:12 UTC,NA,https://docs.cdn.yougov.com/5yope37lqh/econTabReport.pdf,NA,NA,https://docs.cdn.yougov.com/5yope37lqh/econTabReport.pdf,Congress,23,45,33
67961,178,Global Strategy Group,,Accountable.US,NA,NA,NA,Global Strategy Group,Online Opt-In Panel,NA,2020-05-04T00:00:00Z,2020-05-08T00:00:00Z,FALSE,NA,127264,534,rv,NA,rv,FALSE,2025-04-28 19:33:27 UTC,2025-04-28 19:33:27 UTC,NA,https://2n36z24d9zdc4aq2uv1wn19p-wpengine.netdna-ssl.com/wp-content/uploads/2020/05/Accountable.US-Coronavirus-Survey-Toplines-20200514.pdf,NA,https://2n36z24d9zdc4aq2uv1wn19p-wpengine.netdna-ssl.com/wp-content/uploads/2020/05/Accountable.US-Coronavirus-Survey-Toplines-20200514.pdf,NA,Congress,44,49,7
66268,568,YouGov,,The Economist,NA,NA,NA,YouGov,Online Matched Sample,NA,2020-05-10T00:00:00Z,2020-05-12T00:00:00Z,FALSE,NA,123332,1500,a,NA,a,FALSE,2025-04-28 19:33:41 UTC,2025-04-28 19:33:41 UTC,NA,https://docs.cdn.yougov.com/sww5v5iven/econTabReport.pdf,NA,NA,https://docs.cdn.yougov.com/sww5v5iven/econTabReport.pdf,Congress,20,45,34
66268,568,YouGov,,The Economist,NA,NA,NA,YouGov,Online Matched Sample,NA,2020-05-10T00:00:00Z,2020-05-12T00:00:00Z,FALSE,NA,123333,1175,rv,NA,rv,FALSE,2025-04-28 19:33:41 UTC,2025-04-28 19:33:41 UTC,NA,https://docs.cdn.yougov.com/sww5v5iven/econTabReport.pdf,NA,NA,https://docs.cdn.yougov.com/sww5v5iven/econTabReport.pdf,Congress,20,53,26
66293,169,Gallup,,NA,NA,NA,NA,Gallup,Live Phone,NA,2020-05-01T00:00:00Z,2020-05-13T00:00:00Z,FALSE,NA,123403,1028,a,NA,a,FALSE,2025-04-28 19:33:31 UTC,2025-04-28 19:33:31 UTC,NA,https://news.gallup.com/poll/311129/congress-job-approval-highest-2009.aspx,NA,NA,NA,Congress,31,65,4
66380,568,YouGov,,The Economist,NA,NA,NA,YouGov,Online Matched Sample,NA,2020-05-17T00:00:00Z,2020-05-19T00:00:00Z,FALSE,NA,123591,1235,rv,NA,rv,FALSE,2025-04-28 19:33:41 UTC,2025-04-28 19:33:41 UTC,NA,https://docs.cdn.yougov.com/q0t43bjops/econTabReport.pdf,NA,NA,https://docs.cdn.yougov.com/q0t43bjops/econTabReport.pdf,Congress,21,56,22
66380,568,YouGov,,The Economist,NA,NA,NA,YouGov,Online Matched Sample,NA,2020-05-17T00:00:00Z,2020-05-19T00:00:00Z,FALSE,NA,123590,1500,a,NA,a,FALSE,2025-04-28 19:33:12 UTC,2025-04-28 19:33:12 UTC,NA,https://docs.cdn.yougov.com/q0t43bjops/econTabReport.pdf,NA,NA,https://docs.cdn.yougov.com/q0t43bjops/econTabReport.pdf,Congress,20,50,30
66545,568,YouGov,,The Economist,NA,NA,NA,YouGov,Online Matched Sample,NA,2020-05-23T00:00:00Z,2020-05-26T00:00:00Z,FALSE,NA,124009,1157,rv,NA,rv,FALSE,2025-04-28 19:33:41 UTC,2025-04-28 19:33:41 UTC,NA,https://docs.cdn.yougov.com/5fsvmrvvhh/econTabReport.pdf,NA,NA,https://docs.cdn.yougov.com/5fsvmrvvhh/econTabReport.pdf,Congress,20,57,23
66545,568,YouGov,,The Economist,NA,NA,NA,YouGov,Online Matched Sample,NA,2020-05-23T00:00:00Z,2020-05-26T00:00:00Z,FALSE,NA,124008,1500,a,NA,a,FALSE,2025-04-28 19:33:41 UTC,2025-04-28 19:33:41 UTC,NA,https://docs.cdn.yougov.com/5fsvmrvvhh/econTabReport.pdf,NA,NA,https://docs.cdn.yougov.com/5fsvmrvvhh/econTabReport.pdf,Congress,20,48,32
66703,320,Monmouth,,NA,NA,NA,NA,Monmouth University Polling Institute,Live Phone,NA,2020-05-28T00:00:00Z,2020-06-01T00:00:00Z,FALSE,NA,124419,742,rv,NA,rv,FALSE,2025-04-28 19:33:40 UTC,2025-04-28 19:33:40 UTC,NA,https://www.monmouth.edu/polling-institute/documents/monmouthpoll_us_060220.pdf/,NA,NA,NA,Congress,21,71,8
66703,320,Monmouth,,NA,NA,NA,NA,Monmouth University Polling Institute,Live Phone,NA,2020-05-28T00:00:00Z,2020-06-01T00:00:00Z,FALSE,NA,124418,807,a,NA,a,FALSE,2025-04-28 19:33:40 UTC,2025-04-28 19:33:40 UTC,NA,https://www.monmouth.edu/polling-institute/documents/monmouthpoll_us_060220.pdf/,NA,NA,NA,Congress,22,69,9
66718,568,YouGov,,The Economist,NA,NA,NA,YouGov,Online Matched Sample,NA,2020-05-31T00:00:00Z,2020-06-02T00:00:00Z,FALSE,NA,124444,1500,a,NA,a,FALSE,2025-04-28 19:33:40 UTC,2025-04-28 19:33:40 UTC,NA,https://docs.cdn.yougov.com/c00sty9kik/econTabReport.pdf,NA,NA,https://docs.cdn.yougov.com/c00sty9kik/econTabReport.pdf,Congress,16,52,32
66718,568,YouGov,,The Economist,NA,NA,NA,YouGov,Online Matched Sample,NA,2020-05-31T00:00:00Z,2020-06-02T00:00:00Z,FALSE,NA,124445,1244,rv,NA,rv,FALSE,2025-04-28 19:33:40 UTC,2025-04-28 19:33:40 UTC,NA,https://docs.cdn.yougov.com/c00sty9kik/econTabReport.pdf,NA,NA,https://docs.cdn.yougov.com/c00sty9kik/econTabReport.pdf,Congress,16,60,24
66777,169,Gallup,,NA,NA,NA,NA,Gallup,Live Phone,NA,2020-05-28T00:00:00Z,2020-06-04T00:00:00Z,FALSE,NA,124708,1034,a,NA,a,FALSE,2025-04-28 19:33:08 UTC,2025-04-28 19:33:08 UTC,NA,https://news.gallup.com/poll/312752/congress-approval-ebbs-back-normal.aspx,NA,NA,NA,Congress,25,71,5
66779,568,YouGov,,The Economist,NA,NA,NA,YouGov,Online Matched Sample,NA,2020-06-07T00:00:00Z,2020-06-09T00:00:00Z,FALSE,NA,124593,1500,a,NA,a,FALSE,2025-04-28 19:33:40 UTC,2025-04-28 19:33:40 UTC,NA,https://docs.cdn.yougov.com/ngcg634q9k/econTabReport.pdf,NA,NA,https://docs.cdn.yougov.com/ngcg634q9k/econTabReport.pdf,Congress,15,52,32
66779,568,YouGov,,The Economist,NA,NA,NA,YouGov,Online Matched Sample,NA,2020-06-07T00:00:00Z,2020-06-09T00:00:00Z,FALSE,NA,124594,1241,rv,NA,rv,FALSE,2025-04-28 19:33:40 UTC,2025-04-28 19:33:40 UTC,NA,https://docs.cdn.yougov.com/ngcg634q9k/econTabReport.pdf,NA,NA,https://docs.cdn.yougov.com/ngcg634q9k/econTabReport.pdf,Congress,16,60,25
66838,568,YouGov,,The Economist,NA,NA,NA,YouGov,Online Matched Sample,NA,2020-06-14T00:00:00Z,2020-06-16T00:00:00Z,FALSE,NA,124726,1160,rv,NA,rv,FALSE,2025-04-28 19:33:39 UTC,2025-04-28 19:33:39 UTC,NA,https://docs.cdn.yougov.com/vgqowgynze/econTabReport.pdf,NA,NA,https://docs.cdn.yougov.com/vgqowgynze/econTabReport.pdf,Congress,17,57,25
66851,1597,Beacon/Shaw,,Fox News,NA,NA,NA,Beacon Research/Shaw & Co. Research,Live Phone,NA,2020-06-13T00:00:00Z,2020-06-16T00:00:00Z,FALSE,NA,124781,1343,rv,NA,rv,FALSE,2025-04-28 19:33:40 UTC,2025-04-28 19:33:40 UTC,NA,https://static.foxnews.com/foxnews.com/content/uploads/2020/06/Fox_June-13-16-2020_Complete_National_Topline_June-19-Release.pdf,NA,https://static.foxnews.com/foxnews.com/content/uploads/2020/06/Fox_June-13-16-2020_Complete_National_Topline_June-19-Release.pdf,NA,Congress,24,62,14
66838,568,YouGov,,The Economist,NA,NA,NA,YouGov,Online Matched Sample,NA,2020-06-14T00:00:00Z,2020-06-16T00:00:00Z,FALSE,NA,124725,1500,a,NA,a,FALSE,2025-04-28 19:33:39 UTC,2025-04-28 19:33:39 UTC,NA,https://docs.cdn.yougov.com/vgqowgynze/econTabReport.pdf,NA,NA,https://docs.cdn.yougov.com/vgqowgynze/econTabReport.pdf,Congress,17,51,32
66885,568,YouGov,,The Economist,NA,NA,NA,YouGov,Online Matched Sample,NA,2020-06-21T00:00:00Z,2020-06-23T00:00:00Z,FALSE,NA,124869,1230,rv,NA,rv,FALSE,2025-04-28 19:33:39 UTC,2025-04-28 19:33:39 UTC,NA,https://docs.cdn.yougov.com/cjd35jrh5o/econTabReport.pdf,NA,NA,https://docs.cdn.yougov.com/cjd35jrh5o/econTabReport.pdf,Congress,19,58,24
66885,568,YouGov,,The Economist,NA,NA,NA,YouGov,Online Matched Sample,NA,2020-06-21T00:00:00Z,2020-06-23T00:00:00Z,FALSE,NA,124868,1500,a,NA,a,FALSE,2025-04-28 19:33:39 UTC,2025-04-28 19:33:39 UTC,NA,https://docs.cdn.yougov.com/cjd35jrh5o/econTabReport.pdf,NA,NA,https://docs.cdn.yougov.com/cjd35jrh5o/econTabReport.pdf,Congress,19,50,32
66967,568,YouGov,,The Economist,NA,NA,NA,YouGov,Online Matched Sample,NA,2020-06-28T00:00:00Z,2020-06-30T00:00:00Z,FALSE,NA,125048,1198,rv,NA,rv,FALSE,2025-04-28 19:33:39 UTC,2025-04-28 19:33:39 UTC,NA,https://docs.cdn.yougov.com/k05rp8ded6/econTabReport.pdf,NA,NA,https://docs.cdn.yougov.com/k05rp8ded6/econTabReport.pdf,Congress,20,60,21
66967,568,YouGov,,The Economist,NA,NA,NA,YouGov,Online Matched Sample,NA,2020-06-28T00:00:00Z,2020-06-30T00:00:00Z,FALSE,NA,125047,1500,a,NA,a,FALSE,2025-04-28 19:33:39 UTC,2025-04-28 19:33:39 UTC,NA,https://docs.cdn.yougov.com/k05rp8ded6/econTabReport.pdf,NA,NA,https://docs.cdn.yougov.com/k05rp8ded6/econTabReport.pdf,Congress,17,55,29
67017,568,YouGov,,The Economist,NA,NA,NA,YouGov,Online Matched Sample,NA,2020-07-05T00:00:00Z,2020-07-07T00:00:00Z,FALSE,NA,125213,1165,rv,NA,rv,FALSE,2025-04-28 19:33:39 UTC,2025-04-28 19:33:39 UTC,NA,https://docs.cdn.yougov.com/lraqqdhd7j/econTabReport.pdf,NA,NA,https://docs.cdn.yougov.com/lraqqdhd7j/econTabReport.pdf,Congress,17,56,27
67017,568,YouGov,,The Economist,NA,NA,NA,YouGov,Online Matched Sample,NA,2020-07-05T00:00:00Z,2020-07-07T00:00:00Z,FALSE,NA,125212,1500,a,NA,a,FALSE,2025-04-28 19:33:39 UTC,2025-04-28 19:33:39 UTC,NA,https://docs.cdn.yougov.com/lraqqdhd7j/econTabReport.pdf,NA,NA,https://docs.cdn.yougov.com/lraqqdhd7j/econTabReport.pdf,Congress,18,50,33
67100,568,YouGov,,The Economist,NA,NA,NA,YouGov,Online Matched Sample,NA,2020-07-12T00:00:00Z,2020-07-14T00:00:00Z,FALSE,NA,125382,1252,rv,NA,rv,FALSE,2025-04-28 19:33:38 UTC,2025-04-28 19:33:38 UTC,NA,https://docs.cdn.yougov.com/hpupr0zhkl/econTabReport.pdf,NA,NA,https://docs.cdn.yougov.com/hpupr0zhkl/econTabReport.pdf,Congress,16,57,28
67100,568,YouGov,,The Economist,NA,NA,NA,YouGov,Online Matched Sample,NA,2020-07-12T00:00:00Z,2020-07-14T00:00:00Z,FALSE,NA,125381,1500,a,NA,a,FALSE,2025-04-28 19:33:38 UTC,2025-04-28 19:33:38 UTC,NA,https://docs.cdn.yougov.com/hpupr0zhkl/econTabReport.pdf,NA,NA,https://docs.cdn.yougov.com/hpupr0zhkl/econTabReport.pdf,Congress,17,49,34
67613,568,YouGov,,The Economist,NA,NA,NA,YouGov,Online Matched Sample,NA,2020-07-19T00:00:00Z,2020-07-21T00:00:00Z,FALSE,NA,126500,1222,rv,NA,rv,FALSE,2025-04-28 19:33:23 UTC,2025-04-28 19:33:23 UTC,NA,https://docs.cdn.yougov.com/8uw05wqpg2/econTabReport.pdf,NA,NA,https://docs.cdn.yougov.com/8uw05wqpg2/econTabReport.pdf,Congress,18,56,26
67613,568,YouGov,,The Economist,NA,NA,NA,YouGov,Online Matched Sample,NA,2020-07-19T00:00:00Z,2020-07-21T00:00:00Z,FALSE,NA,126499,1500,a,NA,a,FALSE,2025-04-28 19:33:16 UTC,2025-04-28 19:33:16 UTC,NA,https://docs.cdn.yougov.com/8uw05wqpg2/econTabReport.pdf,NA,NA,https://docs.cdn.yougov.com/8uw05wqpg2/econTabReport.pdf,Congress,18,49,33
67845,169,Gallup,,NA,NA,NA,NA,Gallup,Live Phone,NA,2020-07-01T00:00:00Z,2020-07-23T00:00:00Z,FALSE,NA,126994,1007,a,NA,a,FALSE,2025-04-28 19:33:22 UTC,2025-04-28 19:33:22 UTC,NA,https://news.gallup.com/poll/316448/congress-approval-drops-trump-steady.aspx,NA,NA,NA,Congress,18,77,5
67820,568,YouGov,,The Economist,NA,NA,NA,YouGov,Online Matched Sample,NA,2020-07-26T00:00:00Z,2020-07-28T00:00:00Z,FALSE,NA,126929,1260,rv,NA,rv,FALSE,2025-04-28 19:33:38 UTC,2025-04-28 19:33:38 UTC,NA,https://docs.cdn.yougov.com/0nx7ztz02j/econTabReport.pdf,NA,NA,https://docs.cdn.yougov.com/0nx7ztz02j/econTabReport.pdf,Congress,17,58,24
67820,568,YouGov,,The Economist,NA,NA,NA,YouGov,Online Matched Sample,NA,2020-07-26T00:00:00Z,2020-07-28T00:00:00Z,FALSE,NA,126928,1500,a,NA,a,FALSE,2025-04-28 19:33:38 UTC,2025-04-28 19:33:38 UTC,NA,https://docs.cdn.yougov.com/0nx7ztz02j/econTabReport.pdf,NA,NA,https://docs.cdn.yougov.com/0nx7ztz02j/econTabReport.pdf,Congress,18,50,32
67919,568,YouGov,,The Economist,NA,NA,NA,YouGov,Online Matched Sample,NA,2020-08-02T00:00:00Z,2020-08-04T00:00:00Z,FALSE,NA,127148,1229,rv,NA,rv,FALSE,2025-04-28 19:33:37 UTC,2025-04-28 19:33:37 UTC,NA,https://docs.cdn.yougov.com/t0qsgk3wcg/econTabReport.pdf,NA,NA,https://docs.cdn.yougov.com/t0qsgk3wcg/econTabReport.pdf,Congress,17,59,24
67919,568,YouGov,,The Economist,NA,NA,NA,YouGov,Online Matched Sample,NA,2020-08-02T00:00:00Z,2020-08-04T00:00:00Z,FALSE,NA,127147,1500,a,NA,a,FALSE,2025-04-28 19:33:37 UTC,2025-04-28 19:33:37 UTC,NA,https://docs.cdn.yougov.com/t0qsgk3wcg/econTabReport.pdf,NA,NA,https://docs.cdn.yougov.com/t0qsgk3wcg/econTabReport.pdf,Congress,17,52,30
68022,568,YouGov,,The Economist,NA,NA,NA,YouGov,Online Matched Sample,NA,2020-08-09T00:00:00Z,2020-08-11T00:00:00Z,FALSE,NA,127384,1500,a,NA,a,FALSE,2025-04-28 19:33:23 UTC,2025-04-28 19:33:23 UTC,NA,https://docs.cdn.yougov.com/horeovzt7u/econTabReport.pdf,NA,NA,https://docs.cdn.yougov.com/horeovzt7u/econTabReport.pdf,Congress,20,51,30
68022,568,YouGov,,The Economist,NA,NA,NA,YouGov,Online Matched Sample,NA,2020-08-09T00:00:00Z,2020-08-11T00:00:00Z,FALSE,NA,127385,1208,rv,NA,rv,FALSE,2025-04-28 19:33:37 UTC,2025-04-28 19:33:37 UTC,NA,https://docs.cdn.yougov.com/horeovzt7u/econTabReport.pdf,NA,NA,https://docs.cdn.yougov.com/horeovzt7u/econTabReport.pdf,Congress,21,56,24
68071,169,Gallup,,NA,NA,NA,NA,Gallup,Live Phone,NA,2020-07-30T00:00:00Z,2020-08-12T00:00:00Z,FALSE,NA,127612,1031,a,NA,a,FALSE,2025-04-28 19:33:22 UTC,2025-04-28 19:33:22 UTC,NA,https://news.gallup.com/poll/1600/congress-public.aspx,https://news.gallup.com/poll/1600/congress-public.aspx,NA,NA,Congress,21,75,4
68120,568,YouGov,,The Economist,NA,NA,NA,YouGov,Online Matched Sample,NA,2020-08-16T00:00:00Z,2020-08-18T00:00:00Z,FALSE,NA,127592,1246,rv,NA,rv,FALSE,2025-04-28 19:33:37 UTC,2025-04-28 19:33:37 UTC,NA,https://docs.cdn.yougov.com/c6n58wb53l/econTabReport.pdf,NA,NA,https://docs.cdn.yougov.com/c6n58wb53l/econTabReport.pdf,Congress,20,57,23
68120,568,YouGov,,The Economist,NA,NA,NA,YouGov,Online Matched Sample,NA,2020-08-16T00:00:00Z,2020-08-18T00:00:00Z,FALSE,NA,127591,1500,a,NA,a,FALSE,2025-04-28 19:33:37 UTC,2025-04-28 19:33:37 UTC,NA,https://docs.cdn.yougov.com/c6n58wb53l/econTabReport.pdf,NA,NA,https://docs.cdn.yougov.com/c6n58wb53l/econTabReport.pdf,Congress,17,51,32
68214,568,YouGov,,The Economist,NA,NA,NA,YouGov,Online Matched Sample,NA,2020-08-23T00:00:00Z,2020-08-25T00:00:00Z,FALSE,NA,127761,1256,rv,NA,rv,FALSE,2025-04-28 19:33:37 UTC,2025-04-28 19:33:37 UTC,NA,https://docs.cdn.yougov.com/csnify0kol/weeklytrackingreport.pdf,NA,NA,NA,Congress,19,55,26
68214,568,YouGov,,The Economist,NA,NA,NA,YouGov,Online Matched Sample,NA,2020-08-23T00:00:00Z,2020-08-25T00:00:00Z,FALSE,NA,127760,1500,a,NA,a,FALSE,2025-04-28 19:33:37 UTC,2025-04-28 19:33:37 UTC,NA,https://docs.cdn.yougov.com/csnify0kol/weeklytrackingreport.pdf,NA,NA,NA,Congress,19,49,32
68321,568,YouGov,,The Economist,NA,NA,NA,YouGov,Online Matched Sample,NA,2020-08-30T00:00:00Z,2020-09-01T00:00:00Z,FALSE,NA,127976,1500,a,NA,a,FALSE,2025-04-28 19:33:36 UTC,2025-04-28 19:33:36 UTC,NA,https://docs.cdn.yougov.com/7kvpozbozh/econTabReport.pdf,NA,NA,https://docs.cdn.yougov.com/7kvpozbozh/econTabReport.pdf,Congress,15,53,32
68321,568,YouGov,,The Economist,NA,NA,NA,YouGov,Online Matched Sample,NA,2020-08-30T00:00:00Z,2020-09-01T00:00:00Z,FALSE,NA,127977,1209,rv,NA,rv,FALSE,2025-04-28 19:33:14 UTC,2025-04-28 19:33:14 UTC,NA,https://docs.cdn.yougov.com/7kvpozbozh/econTabReport.pdf,NA,NA,https://docs.cdn.yougov.com/7kvpozbozh/econTabReport.pdf,Congress,15,59,26
68553,568,YouGov,,The Economist,NA,NA,NA,YouGov,Online Matched Sample,NA,2020-09-06T00:00:00Z,2020-09-08T00:00:00Z,FALSE,NA,128340,1057,lv,NA,lv,FALSE,2025-04-28 19:33:08 UTC,2025-04-28 19:33:08 UTC,NA,https://docs.cdn.yougov.com/8nwf5tw7g2/econTabReport.pdf,NA,NA,https://docs.cdn.yougov.com/8nwf5tw7g2/econTabReport.pdf,Congress,17,58,25
68553,568,YouGov,,The Economist,NA,NA,NA,YouGov,Online Matched Sample,NA,2020-09-06T00:00:00Z,2020-09-08T00:00:00Z,FALSE,NA,128339,1183,rv,NA,rv,FALSE,2025-04-28 19:33:08 UTC,2025-04-28 19:33:08 UTC,NA,https://docs.cdn.yougov.com/8nwf5tw7g2/econTabReport.pdf,NA,NA,https://docs.cdn.yougov.com/8nwf5tw7g2/econTabReport.pdf,Congress,17,54,28
68553,568,YouGov,,The Economist,NA,NA,NA,YouGov,Online Matched Sample,NA,2020-09-06T00:00:00Z,2020-09-08T00:00:00Z,FALSE,NA,128338,1500,a,NA,a,FALSE,2025-04-28 19:33:41 UTC,2025-04-28 19:33:41 UTC,NA,https://docs.cdn.yougov.com/8nwf5tw7g2/econTabReport.pdf,NA,NA,https://docs.cdn.yougov.com/8nwf5tw7g2/econTabReport.pdf,Congress,15,52,33
69481,169,Gallup,,NA,NA,NA,NA,Gallup,Live Phone,NA,2020-08-31T00:00:00Z,2020-09-13T00:00:00Z,FALSE,NA,129504,1019,a,NA,a,FALSE,2025-04-28 19:33:09 UTC,2025-04-28 19:33:09 UTC,NA,https://news.gallup.com/poll/320303/trump-stuck-42-job-approval.aspx,NA,NA,NA,Congress,17,80,0
69478,568,YouGov,,The Economist,NA,NA,NA,YouGov,Online Matched Sample,NA,2020-09-13T00:00:00Z,2020-09-15T00:00:00Z,FALSE,NA,129416,1192,rv,NA,rv,FALSE,2025-04-28 19:33:32 UTC,2025-04-28 19:33:32 UTC,NA,https://docs.cdn.yougov.com/t0hi1tcqs5/econTabReport.pdf,NA,NA,https://docs.cdn.yougov.com/t0hi1tcqs5/econTabReport.pdf,Congress,12,61,27
69478,568,YouGov,,The Economist,NA,NA,NA,YouGov,Online Matched Sample,NA,2020-09-13T00:00:00Z,2020-09-15T00:00:00Z,FALSE,NA,129417,1062,lv,NA,lv,FALSE,2025-04-28 19:33:32 UTC,2025-04-28 19:33:32 UTC,NA,https://docs.cdn.yougov.com/t0hi1tcqs5/econTabReport.pdf,NA,NA,https://docs.cdn.yougov.com/t0hi1tcqs5/econTabReport.pdf,Congress,13,62,25
69478,568,YouGov,,The Economist,NA,NA,NA,YouGov,Online Matched Sample,NA,2020-09-13T00:00:00Z,2020-09-15T00:00:00Z,FALSE,NA,129415,1500,a,NA,a,FALSE,2025-04-28 19:33:24 UTC,2025-04-28 19:33:24 UTC,NA,https://docs.cdn.yougov.com/t0hi1tcqs5/econTabReport.pdf,NA,NA,https://docs.cdn.yougov.com/t0hi1tcqs5/econTabReport.pdf,Congress,15,53,31
69689,568,YouGov,,The Economist,NA,NA,NA,YouGov,Online Matched Sample,NA,2020-09-20T00:00:00Z,2020-09-22T00:00:00Z,FALSE,NA,129923,1500,a,NA,a,FALSE,2025-04-28 19:33:32 UTC,2025-04-28 19:33:32 UTC,NA,https://docs.cdn.yougov.com/b8ow3q7r1e/econTabReport.pdf,NA,NA,https://docs.cdn.yougov.com/b8ow3q7r1e/econTabReport.pdf,Congress,16,54,31
69689,568,YouGov,,The Economist,NA,NA,NA,YouGov,Online Matched Sample,NA,2020-09-20T00:00:00Z,2020-09-22T00:00:00Z,FALSE,NA,129925,1124,lv,NA,lv,FALSE,2025-04-28 19:33:24 UTC,2025-04-28 19:33:24 UTC,NA,https://docs.cdn.yougov.com/b8ow3q7r1e/econTabReport.pdf,NA,NA,https://docs.cdn.yougov.com/b8ow3q7r1e/econTabReport.pdf,Congress,16,63,21
69689,568,YouGov,,The Economist,NA,NA,NA,YouGov,Online Matched Sample,NA,2020-09-20T00:00:00Z,2020-09-22T00:00:00Z,FALSE,NA,129924,1282,rv,NA,rv,FALSE,2025-04-28 19:33:32 UTC,2025-04-28 19:33:32 UTC,NA,https://docs.cdn.yougov.com/b8ow3q7r1e/econTabReport.pdf,NA,NA,https://docs.cdn.yougov.com/b8ow3q7r1e/econTabReport.pdf,Congress,16,60,24
70071,568,YouGov,,The Economist,NA,NA,NA,YouGov,Online Matched Sample,NA,2020-09-27T00:00:00Z,2020-09-30T00:00:00Z,FALSE,NA,130531,1350,lv,NA,lv,FALSE,2025-04-28 19:33:31 UTC,2025-04-28 19:33:31 UTC,NA,https://docs.cdn.yougov.com/9k0tqsqgue/econTabReport.pdf,NA,NA,https://docs.cdn.yougov.com/9k0tqsqgue/econTabReport.pdf,Congress,14,62,23
70071,568,YouGov,,The Economist,NA,NA,NA,YouGov,Online Matched Sample,NA,2020-09-27T00:00:00Z,2020-09-30T00:00:00Z,FALSE,NA,130530,1500,rv,NA,rv,FALSE,2025-04-28 19:33:31 UTC,2025-04-28 19:33:31 UTC,NA,https://docs.cdn.yougov.com/9k0tqsqgue/econTabReport.pdf,NA,NA,https://docs.cdn.yougov.com/9k0tqsqgue/econTabReport.pdf,Congress,15,61,24
70637,568,YouGov,,The Economist,NA,NA,NA,YouGov,Online Matched Sample,NA,2020-10-04T00:00:00Z,2020-10-06T00:00:00Z,FALSE,NA,132084,1500,rv,NA,rv,FALSE,2025-04-28 19:33:31 UTC,2025-04-28 19:33:31 UTC,NA,https://docs.cdn.yougov.com/1qb5j6pdqd/econTabReport.pdf,NA,NA,https://docs.cdn.yougov.com/1qb5j6pdqd/econTabReport.pdf,Congress,15,59,25
70637,568,YouGov,,The Economist,NA,NA,NA,YouGov,Online Matched Sample,NA,2020-10-04T00:00:00Z,2020-10-06T00:00:00Z,FALSE,NA,132085,1364,lv,NA,lv,FALSE,2025-04-28 19:33:31 UTC,2025-04-28 19:33:31 UTC,NA,https://docs.cdn.yougov.com/1qb5j6pdqd/econTabReport.pdf,NA,NA,https://docs.cdn.yougov.com/1qb5j6pdqd/econTabReport.pdf,Congress,16,61,24
70989,568,YouGov,,The Economist,NA,NA,NA,YouGov,Online Matched Sample,NA,2020-10-11T00:00:00Z,2020-10-13T00:00:00Z,FALSE,NA,132837,1333,lv,NA,lv,FALSE,2025-04-28 19:33:30 UTC,2025-04-28 19:33:30 UTC,NA,https://docs.cdn.yougov.com/1ace2lgidt/econTabReport.pdf,NA,NA,https://docs.cdn.yougov.com/1ace2lgidt/econTabReport.pdf,Congress,14,63,24
70989,568,YouGov,,The Economist,NA,NA,NA,YouGov,Online Matched Sample,NA,2020-10-11T00:00:00Z,2020-10-13T00:00:00Z,FALSE,NA,132836,1500,rv,NA,rv,FALSE,2025-04-28 19:33:30 UTC,2025-04-28 19:33:30 UTC,NA,https://docs.cdn.yougov.com/1ace2lgidt/econTabReport.pdf,NA,NA,https://docs.cdn.yougov.com/1ace2lgidt/econTabReport.pdf,Congress,13,63,25
71543,169,Gallup,,NA,NA,NA,NA,Gallup,Live Phone,NA,2020-09-30T00:00:00Z,2020-10-15T00:00:00Z,FALSE,NA,135161,1035,a,NA,a,FALSE,2025-04-28 19:33:32 UTC,2025-04-28 19:33:32 UTC,NA,https://news.gallup.com/poll/1600/congress-public.aspx,https://news.gallup.com/poll/1600/congress-public.aspx,NA,NA,Congress,19,77,4
71542,568,YouGov,,The Economist,NA,NA,NA,YouGov,Online Matched Sample,NA,2020-10-18T00:00:00Z,2020-10-20T00:00:00Z,FALSE,NA,134009,1343,lv,NA,lv,FALSE,2025-04-28 19:33:29 UTC,2025-04-28 19:33:29 UTC,NA,https://docs.cdn.yougov.com/hxop5lpnlj/econTabReport.pdf,NA,NA,https://docs.cdn.yougov.com/hxop5lpnlj/econTabReport.pdf,Congress,13,68,22
71542,568,YouGov,,The Economist,NA,NA,NA,YouGov,Online Matched Sample,NA,2020-10-18T00:00:00Z,2020-10-20T00:00:00Z,FALSE,NA,134008,1500,rv,NA,rv,FALSE,2025-04-28 19:33:29 UTC,2025-04-28 19:33:29 UTC,NA,https://docs.cdn.yougov.com/hxop5lpnlj/econTabReport.pdf,NA,NA,https://docs.cdn.yougov.com/hxop5lpnlj/econTabReport.pdf,Congress,14,64,22
72083,568,YouGov,,The Economist,NA,NA,NA,YouGov,Online Matched Sample,NA,2020-10-25T00:00:00Z,2020-10-27T00:00:00Z,FALSE,NA,135155,1365,lv,NA,lv,FALSE,2025-04-28 19:33:29 UTC,2025-04-28 19:33:29 UTC,NA,https://docs.cdn.yougov.com/nzc8dt85gn/econTabReport.pdf,NA,NA,https://docs.cdn.yougov.com/nzc8dt85gn/econTabReport.pdf,Congress,15,68,18
72083,568,YouGov,,The Economist,NA,NA,NA,YouGov,Online Matched Sample,NA,2020-10-25T00:00:00Z,2020-10-27T00:00:00Z,FALSE,NA,135154,1500,rv,NA,rv,FALSE,2025-04-28 19:33:29 UTC,2025-04-28 19:33:29 UTC,NA,https://docs.cdn.yougov.com/nzc8dt85gn/econTabReport.pdf,NA,NA,https://docs.cdn.yougov.com/nzc8dt85gn/econTabReport.pdf,Congress,15,66,19
72714,568,YouGov,,The Economist,NA,NA,NA,YouGov,Online Matched Sample,NA,2020-10-31T00:00:00Z,2020-11-02T00:00:00Z,FALSE,NA,136469,1363,lv,NA,lv,FALSE,2025-04-28 19:33:28 UTC,2025-04-28 19:33:28 UTC,NA,https://docs.cdn.yougov.com/jsojry0vph/econTabReport.pdf,NA,NA,https://docs.cdn.yougov.com/jsojry0vph/econTabReport.pdf,Congress,16,65,19
72714,568,YouGov,,The Economist,NA,NA,NA,YouGov,Online Matched Sample,NA,2020-10-31T00:00:00Z,2020-11-02T00:00:00Z,FALSE,NA,136468,1500,rv,NA,rv,FALSE,2025-04-28 19:33:28 UTC,2025-04-28 19:33:28 UTC,NA,https://docs.cdn.yougov.com/jsojry0vph/econTabReport.pdf,NA,NA,https://docs.cdn.yougov.com/jsojry0vph/econTabReport.pdf,Congress,16,63,21
72934,568,YouGov,,The Economist,NA,NA,NA,YouGov,Online Matched Sample,NA,2020-11-08T00:00:00Z,2020-11-10T00:00:00Z,FALSE,NA,136828,1500,rv,NA,rv,FALSE,2025-04-28 19:33:28 UTC,2025-04-28 19:33:28 UTC,NA,https://docs.cdn.yougov.com/9j7sr0my95/econTabReport.pdf,NA,NA,https://docs.cdn.yougov.com/9j7sr0my95/econTabReport.pdf,Congress,14,63,23
73126,320,Monmouth,,NA,NA,NA,NA,Monmouth University Polling Institute,Live Phone,NA,2020-11-12T00:00:00Z,2020-11-16T00:00:00Z,FALSE,NA,137191,810,a,NA,a,FALSE,2025-04-28 19:33:09 UTC,2025-04-28 19:33:09 UTC,NA,https://www.monmouth.edu/polling-institute/documents/monmouthpoll_us_111920.pdf/,NA,NA,NA,Congress,23,64,13
73124,568,YouGov,,The Economist,NA,NA,NA,YouGov,Online Matched Sample,NA,2020-11-15T00:00:00Z,2020-11-17T00:00:00Z,FALSE,NA,137105,1500,rv,NA,rv,FALSE,2025-04-28 19:33:28 UTC,2025-04-28 19:33:28 UTC,NA,https://docs.cdn.yougov.com/02yn0jg6d7/econTabReport.pdf,NA,NA,https://docs.cdn.yougov.com/02yn0jg6d7/econTabReport.pdf,Congress,15,62,22
73273,169,Gallup,,NA,NA,NA,NA,Gallup,Live Phone,NA,2020-11-05T00:00:00Z,2020-11-19T00:00:00Z,FALSE,NA,137557,1018,a,NA,a,FALSE,2025-04-28 19:33:08 UTC,2025-04-28 19:33:08 UTC,NA,https://news.gallup.com/poll/1600/congress-public.aspx,https://news.gallup.com/poll/1600/congress-public.aspx,NA,NA,Congress,23,73,5
73331,568,YouGov,,The Economist,NA,NA,NA,YouGov,Online Matched Sample,NA,2020-11-21T00:00:00Z,2020-11-24T00:00:00Z,FALSE,NA,137465,1500,rv,NA,rv,FALSE,2025-04-28 19:33:25 UTC,2025-04-28 19:33:25 UTC,NA,https://docs.cdn.yougov.com/jy5um9f1tw/econTabReport.pdf,NA,NA,https://docs.cdn.yougov.com/jy5um9f1tw/econTabReport.pdf,Congress,13,69,19
73561,1416,HarrisX,,The Hill,NA,NA,NA,HarrisX,Online Opt-In Panel,NA,2020-12-03T00:00:00Z,2020-12-07T00:00:00Z,FALSE,NA,138061,3785,rv,NA,rv,FALSE,2025-04-28 19:33:19 UTC,2025-04-28 19:33:19 UTC,NA,https://thehill.com/hilltv/what-americas-thinking/529461-poll-66-percent-of-voters-disapprove-of-how-congress-is,NA,NA,NA,Congress,34,66,0
73553,568,YouGov,,The Economist,NA,NA,NA,YouGov,Online Matched Sample,NA,2020-12-06T00:00:00Z,2020-12-08T00:00:00Z,FALSE,NA,138020,1500,a,NA,a,FALSE,2025-04-28 19:33:25 UTC,2025-04-28 19:33:25 UTC,NA,https://docs.cdn.yougov.com/16pm5nhx8r/econTabReport.pdf,NA,NA,https://docs.cdn.yougov.com/16pm5nhx8r/econTabReport.pdf,Congress,13,59,29
73701,1597,Beacon/Shaw,,Fox News,NA,NA,NA,Beacon Research/Shaw & Co. Research,Live Phone,NA,2020-12-06T00:00:00Z,2020-12-09T00:00:00Z,FALSE,NA,138332,1007,rv,NA,rv,FALSE,2025-04-28 19:33:31 UTC,2025-04-28 19:33:31 UTC,NA,https://static.foxnews.com/foxnews.com/content/uploads/2020/12/Fox_December-6-9-2020_National_Topline_December-11-Release.pdf,NA,https://static.foxnews.com/foxnews.com/content/uploads/2020/12/Fox_December-6-9-2020_National_Topline_December-11-Release.pdf,NA,Congress,27,63,10
73791,568,YouGov,,The Economist,NA,NA,NA,YouGov,Online Matched Sample,NA,2020-12-13T00:00:00Z,2020-12-15T00:00:00Z,FALSE,NA,138397,1500,a,NA,a,FALSE,2025-04-28 19:33:31 UTC,2025-04-28 19:33:31 UTC,NA,https://docs.cdn.yougov.com/srb1xo6a05/econTabReport.pdf,NA,NA,https://docs.cdn.yougov.com/srb1xo6a05/econTabReport.pdf,Congress,13,59,27
73791,568,YouGov,,The Economist,NA,NA,NA,YouGov,Online Matched Sample,NA,2020-12-13T00:00:00Z,2020-12-15T00:00:00Z,FALSE,NA,138398,1264,rv,NA,rv,FALSE,2025-04-28 19:33:31 UTC,2025-04-28 19:33:31 UTC,NA,https://docs.cdn.yougov.com/srb1xo6a05/econTabReport.pdf,NA,NA,https://docs.cdn.yougov.com/srb1xo6a05/econTabReport.pdf,Congress,11,67,22
73850,169,Gallup,,NA,NA,NA,NA,Gallup,Live Phone,NA,2020-12-01T00:00:00Z,2020-12-17T00:00:00Z,FALSE,NA,138535,1018,a,NA,a,FALSE,2025-04-28 19:33:31 UTC,2025-04-28 19:33:31 UTC,NA,https://news.gallup.com/poll/328106/public-mood-sours-satisfied-approve-trump.aspx,NA,NA,NA,Congress,15,82,3
73874,568,YouGov,,The Economist,NA,NA,NA,YouGov,Online Matched Sample,NA,2020-12-19T00:00:00Z,2020-12-22T00:00:00Z,FALSE,NA,138581,1157,rv,NA,rv,FALSE,2025-04-28 19:33:27 UTC,2025-04-28 19:33:27 UTC,NA,https://docs.cdn.yougov.com/df1m5n9hgq/econTabReport.pdf,NA,NA,https://docs.cdn.yougov.com/df1m5n9hgq/econTabReport.pdf,Congress,13,55,22
73874,568,YouGov,,The Economist,NA,NA,NA,YouGov,Online Matched Sample,NA,2020-12-19T00:00:00Z,2020-12-22T00:00:00Z,FALSE,NA,138580,1500,a,NA,a,FALSE,2025-04-28 19:33:27 UTC,2025-04-28 19:33:27 UTC,NA,https://docs.cdn.yougov.com/df1m5n9hgq/econTabReport.pdf,NA,NA,https://docs.cdn.yougov.com/df1m5n9hgq/econTabReport.pdf,Congress,13,48,29
74039,568,YouGov,,The Economist,NA,NA,NA,YouGov,Online Matched Sample,NA,2021-01-03T00:00:00Z,2021-01-05T00:00:00Z,FALSE,NA,138886,1500,a,NA,a,FALSE,2025-04-28 19:33:26 UTC,2025-04-28 19:33:26 UTC,NA,https://docs.cdn.yougov.com/9dnks44r2n/econTabReport.pdf,NA,NA,https://docs.cdn.yougov.com/9dnks44r2n/econTabReport.pdf,Congress,13,60,26
74039,568,YouGov,,The Economist,NA,NA,NA,YouGov,Online Matched Sample,NA,2021-01-03T00:00:00Z,2021-01-05T00:00:00Z,FALSE,NA,138887,1278,rv,NA,rv,FALSE,2025-04-28 19:33:26 UTC,2025-04-28 19:33:26 UTC,NA,https://docs.cdn.yougov.com/9dnks44r2n/econTabReport.pdf,NA,NA,https://docs.cdn.yougov.com/9dnks44r2n/econTabReport.pdf,Congress,14,66,20
74193,568,YouGov,,The Economist,NA,NA,NA,YouGov,Online Matched Sample,NA,2021-01-10T00:00:00Z,2021-01-12T00:00:00Z,FALSE,NA,139180,1500,a,NA,a,FALSE,2025-04-28 19:33:31 UTC,2025-04-28 19:33:31 UTC,NA,https://docs.cdn.yougov.com/4yijjbkc2z/econTabReport.pdf,NA,NA,https://docs.cdn.yougov.com/4yijjbkc2z/econTabReport.pdf,Congress,13,59,28
74193,568,YouGov,,The Economist,NA,NA,NA,YouGov,Online Matched Sample,NA,2021-01-10T00:00:00Z,2021-01-12T00:00:00Z,FALSE,NA,139181,1290,rv,NA,rv,FALSE,2025-04-28 19:33:31 UTC,2025-04-28 19:33:31 UTC,NA,https://docs.cdn.yougov.com/4yijjbkc2z/econTabReport.pdf,NA,NA,https://docs.cdn.yougov.com/4yijjbkc2z/econTabReport.pdf,Congress,13,62,25
74215,169,Gallup,,NA,NA,NA,NA,Gallup,Live Phone,NA,2021-01-04T00:00:00Z,2021-01-15T00:00:00Z,FALSE,NA,139498,1023,a,NA,a,FALSE,2025-04-28 19:33:29 UTC,2025-04-28 19:33:29 UTC,NA,https://news.gallup.com/poll/1600/congress-public.aspx,https://news.gallup.com/poll/1600/congress-public.aspx,NA,NA,Congress,25,71,4
74225,568,YouGov,,The Economist,NA,NA,NA,YouGov,Online Matched Sample,NA,2021-01-16T00:00:00Z,2021-01-19T00:00:00Z,FALSE,NA,139309,1155,rv,NA,rv,FALSE,2025-04-28 19:33:26 UTC,2025-04-28 19:33:26 UTC,NA,https://docs.cdn.yougov.com/y9zsit5bzd/weeklytrackingreport.pdf,NA,NA,NA,Congress,13,63,24
74225,568,YouGov,,The Economist,NA,NA,NA,YouGov,Online Matched Sample,NA,2021-01-16T00:00:00Z,2021-01-19T00:00:00Z,FALSE,NA,139308,1500,a,NA,a,FALSE,2025-04-28 19:33:26 UTC,2025-04-28 19:33:26 UTC,NA,https://docs.cdn.yougov.com/y9zsit5bzd/weeklytrackingreport.pdf,NA,NA,NA,Congress,14,57,29
74263,320,Monmouth,,NA,NA,NA,NA,Monmouth University Polling Institute,Live Phone,NA,2021-01-21T00:00:00Z,2021-01-24T00:00:00Z,FALSE,NA,139458,809,a,NA,a,FALSE,2025-04-28 19:33:29 UTC,2025-04-28 19:33:29 UTC,NA,https://www.monmouth.edu/polling-institute/documents/monmouthpoll_us_012721.pdf/,NA,NA,https://www.monmouth.edu/polling-institute/documents/monmouthpoll_us_012721.pdf/,Congress,35,51,14
74263,320,Monmouth,,NA,NA,NA,NA,Monmouth University Polling Institute,Live Phone,NA,2021-01-21T00:00:00Z,2021-01-24T00:00:00Z,FALSE,NA,139459,736,rv,NA,rv,FALSE,2025-04-28 19:33:29 UTC,2025-04-28 19:33:29 UTC,NA,https://www.monmouth.edu/polling-institute/documents/monmouthpoll_us_012721.pdf/,NA,NA,https://www.monmouth.edu/polling-institute/documents/monmouthpoll_us_012721.pdf/,Congress,34,51,15
74262,568,YouGov,,The Economist,NA,NA,NA,YouGov,Online Matched Sample,NA,2021-01-24T00:00:00Z,2021-01-26T00:00:00Z,FALSE,NA,139436,1500,a,NA,a,FALSE,2025-04-28 19:33:31 UTC,2025-04-28 19:33:31 UTC,NA,https://docs.cdn.yougov.com/ld46rgtdlz/econTabReport.pdf,NA,NA,https://docs.cdn.yougov.com/ld46rgtdlz/econTabReport.pdf,Congress,20,49,30
74262,568,YouGov,,The Economist,NA,NA,NA,YouGov,Online Matched Sample,NA,2021-01-24T00:00:00Z,2021-01-26T00:00:00Z,FALSE,NA,139437,1245,rv,NA,rv,FALSE,2025-04-28 19:33:31 UTC,2025-04-28 19:33:31 UTC,NA,https://docs.cdn.yougov.com/ld46rgtdlz/econTabReport.pdf,NA,NA,https://docs.cdn.yougov.com/ld46rgtdlz/econTabReport.pdf,Congress,21,54,26
74336,1360,AP-NORC,,NA,NA,NA,NA,AP-NORC,Live Phone/Probability Panel,NA,2021-01-28T00:00:00Z,2021-02-01T00:00:00Z,FALSE,NA,139630,1055,a,NA,a,FALSE,2025-04-28 19:33:29 UTC,2025-04-28 19:33:29 UTC,NA,https://apnorc.org/wp-content/uploads/2021/02/Biden-topline.pdf,NA,https://apnorc.org/wp-content/uploads/2021/02/Biden-topline.pdf,NA,Congress,36,63,1
74332,568,YouGov,,The Economist,NA,NA,NA,YouGov,Online Matched Sample,NA,2021-01-31T00:00:00Z,2021-02-02T00:00:00Z,FALSE,NA,139596,1500,a,NA,a,FALSE,2025-04-28 19:33:27 UTC,2025-04-28 19:33:27 UTC,NA,https://docs.cdn.yougov.com/460mactkmh/econTabReport.pdf,NA,NA,https://docs.cdn.yougov.com/460mactkmh/econTabReport.pdf,Congress,18,55,27
74332,568,YouGov,,The Economist,NA,NA,NA,YouGov,Online Matched Sample,NA,2021-01-31T00:00:00Z,2021-02-02T00:00:00Z,FALSE,NA,139597,1272,rv,NA,rv,FALSE,2025-04-28 19:33:27 UTC,2025-04-28 19:33:27 UTC,NA,https://docs.cdn.yougov.com/460mactkmh/econTabReport.pdf,NA,NA,https://docs.cdn.yougov.com/460mactkmh/econTabReport.pdf,Congress,18,61,21
74360,568,YouGov,,The Economist,NA,NA,NA,YouGov,Online Matched Sample,NA,2021-02-06T00:00:00Z,2021-02-09T00:00:00Z,FALSE,NA,139699,1500,a,NA,a,FALSE,2025-04-28 19:33:27 UTC,2025-04-28 19:33:27 UTC,NA,https://docs.cdn.yougov.com/rqqxdo2ujy/econTabReport.pdf,NA,NA,https://docs.cdn.yougov.com/rqqxdo2ujy/econTabReport.pdf,Congress,22,49,29
74360,568,YouGov,,The Economist,NA,NA,NA,YouGov,Online Matched Sample,NA,2021-02-06T00:00:00Z,2021-02-09T00:00:00Z,FALSE,NA,139700,1306,rv,NA,rv,FALSE,2025-04-28 19:33:29 UTC,2025-04-28 19:33:29 UTC,NA,https://docs.cdn.yougov.com/rqqxdo2ujy/econTabReport.pdf,NA,NA,https://docs.cdn.yougov.com/rqqxdo2ujy/econTabReport.pdf,Congress,22,54,23
74386,568,YouGov,,The Economist,NA,NA,NA,YouGov,Online Matched Sample,NA,2021-02-13T00:00:00Z,2021-02-16T00:00:00Z,FALSE,NA,139829,1259,rv,NA,rv,FALSE,2025-04-28 19:33:27 UTC,2025-04-28 19:33:27 UTC,NA,https://docs.cdn.yougov.com/3at75tb28w/econTabReport.pdf,NA,NA,https://docs.cdn.yougov.com/3at75tb28w/econTabReport.pdf,Congress,23,56,22
74386,568,YouGov,,The Economist,NA,NA,NA,YouGov,Online Matched Sample,NA,2021-02-13T00:00:00Z,2021-02-16T00:00:00Z,FALSE,NA,139828,1500,a,NA,a,FALSE,2025-04-28 19:33:12 UTC,2025-04-28 19:33:12 UTC,NA,https://docs.cdn.yougov.com/3at75tb28w/econTabReport.pdf,NA,NA,https://docs.cdn.yougov.com/3at75tb28w/econTabReport.pdf,Congress,22,51,26
74402,169,Gallup,,NA,NA,NA,NA,Gallup,Live Phone,NA,2021-02-03T00:00:00Z,2021-02-18T00:00:00Z,FALSE,NA,139865,1021,a,NA,a,FALSE,2025-04-28 19:33:29 UTC,2025-04-28 19:33:29 UTC,NA,https://news.gallup.com/poll/329945/congressional-job-approval-highest-nearly-years.aspx,NA,NA,NA,Congress,35,62,2
74406,568,YouGov,,The Economist,NA,NA,NA,YouGov,Online Matched Sample,NA,2021-02-19T00:00:00Z,2021-02-22T00:00:00Z,FALSE,NA,139870,1500,a,NA,a,FALSE,2025-04-28 19:33:27 UTC,2025-04-28 19:33:27 UTC,NA,NA,NA,NA,NA,Congress,19,53,28
74406,568,YouGov,,The Economist,NA,NA,NA,YouGov,Online Matched Sample,NA,2021-02-19T00:00:00Z,2021-02-22T00:00:00Z,FALSE,NA,139871,1201,rv,NA,rv,FALSE,2025-04-28 19:33:27 UTC,2025-04-28 19:33:27 UTC,NA,NA,NA,NA,NA,Congress,20,58,22
74443,320,Monmouth,,NA,NA,NA,NA,Monmouth University Polling Institute,Live Phone,NA,2021-02-25T00:00:00Z,2021-03-01T00:00:00Z,FALSE,NA,140035,731,rv,NA,rv,FALSE,2025-04-28 19:33:29 UTC,2025-04-28 19:33:29 UTC,NA,https://www.monmouth.edu/polling-institute/documents/monmouthpoll_us_030321.pdf/,NA,NA,https://www.monmouth.edu/polling-institute/documents/monmouthpoll_us_030321.pdf/,Congress,29,61,10
74443,320,Monmouth,,NA,NA,NA,NA,Monmouth University Polling Institute,Live Phone,NA,2021-02-25T00:00:00Z,2021-03-01T00:00:00Z,FALSE,NA,140033,802,a,NA,a,FALSE,2025-04-28 19:33:29 UTC,2025-04-28 19:33:29 UTC,NA,https://www.monmouth.edu/polling-institute/documents/monmouthpoll_us_030321.pdf/,NA,NA,https://www.monmouth.edu/polling-institute/documents/monmouthpoll_us_030321.pdf/,Congress,30,59,11
74442,568,YouGov,,The Economist,NA,NA,NA,YouGov,Online Matched Sample,NA,2021-02-27T00:00:00Z,2021-03-02T00:00:00Z,FALSE,NA,140012,1500,a,NA,a,FALSE,2025-04-28 19:33:30 UTC,2025-04-28 19:33:30 UTC,NA,https://docs.cdn.yougov.com/t6j86u0k1g/econTabReport.pdf,NA,NA,https://docs.cdn.yougov.com/t6j86u0k1g/econTabReport.pdf,Congress,23,51,26
74442,568,YouGov,,The Economist,NA,NA,NA,YouGov,Online Matched Sample,NA,2021-02-27T00:00:00Z,2021-03-02T00:00:00Z,FALSE,NA,140013,1191,rv,NA,rv,FALSE,2025-04-28 19:33:27 UTC,2025-04-28 19:33:27 UTC,NA,https://docs.cdn.yougov.com/t6j86u0k1g/econTabReport.pdf,NA,NA,https://docs.cdn.yougov.com/t6j86u0k1g/econTabReport.pdf,Congress,25,57,19
77569,1697,Bullfinch,,NA,NA,NA,NA,The Bullfinch Group,Online Opt-In Panel,NA,2021-03-04T00:00:00Z,2021-03-08T00:00:00Z,FALSE,NA,149890,1000,rv,NA,rv,FALSE,2025-04-28 19:33:29 UTC,2025-04-28 19:33:29 UTC,NA,https://projects.fivethirtyeight.com/polls/20211115_US_BullfinchQ1.pdf,NA,NA,NA,Congress,42,47,11
77569,1697,Bullfinch,,NA,NA,NA,NA,The Bullfinch Group,Online Opt-In Panel,NA,2021-03-04T00:00:00Z,2021-03-08T00:00:00Z,FALSE,NA,149889,1200,a,NA,a,FALSE,2025-04-28 19:33:29 UTC,2025-04-28 19:33:29 UTC,NA,https://projects.fivethirtyeight.com/polls/20211115_US_BullfinchQ1.pdf,NA,NA,NA,Congress,43,45,12
74467,568,YouGov,,The Economist,NA,NA,NA,YouGov,Online Matched Sample,NA,2021-03-06T00:00:00Z,2021-03-09T00:00:00Z,FALSE,NA,140103,1500,a,NA,a,FALSE,2025-04-28 19:33:27 UTC,2025-04-28 19:33:27 UTC,NA,https://docs.cdn.yougov.com/pzzc3d0izz/econTabReport.pdf,NA,NA,https://docs.cdn.yougov.com/pzzc3d0izz/econTabReport.pdf,Congress,23,51,26
74467,568,YouGov,,The Economist,NA,NA,NA,YouGov,Online Matched Sample,NA,2021-03-06T00:00:00Z,2021-03-09T00:00:00Z,FALSE,NA,140104,1242,rv,NA,rv,FALSE,2025-04-28 19:33:27 UTC,2025-04-28 19:33:27 UTC,NA,https://docs.cdn.yougov.com/pzzc3d0izz/econTabReport.pdf,NA,NA,https://docs.cdn.yougov.com/pzzc3d0izz/econTabReport.pdf,Congress,24,56,22
74514,169,Gallup,,NA,NA,NA,NA,Gallup,Live Phone,NA,2021-03-01T00:00:00Z,2021-03-15T00:00:00Z,FALSE,NA,140306,1010,a,NA,a,FALSE,2025-04-28 19:33:30 UTC,2025-04-28 19:33:30 UTC,NA,https://news.gallup.com/poll/341675/satisfaction-continues-improve-march.aspx,NA,NA,NA,Congress,36,61,3
74512,568,YouGov,,The Economist,NA,NA,NA,YouGov,Online Matched Sample,NA,2021-03-13T00:00:00Z,2021-03-17T00:00:00Z,FALSE,NA,140230,1218,rv,NA,rv,FALSE,2025-04-28 19:33:30 UTC,2025-04-28 19:33:30 UTC,NA,https://docs.cdn.yougov.com/bajzsg3506/econTabReport.pdf,NA,NA,https://docs.cdn.yougov.com/bajzsg3506/econTabReport.pdf,Congress,31,50,23
74512,568,YouGov,,The Economist,NA,NA,NA,YouGov,Online Matched Sample,NA,2021-03-13T00:00:00Z,2021-03-17T00:00:00Z,FALSE,NA,140229,1500,a,NA,a,FALSE,2025-04-28 19:33:30 UTC,2025-04-28 19:33:30 UTC,NA,https://docs.cdn.yougov.com/bajzsg3506/econTabReport.pdf,NA,NA,https://docs.cdn.yougov.com/bajzsg3506/econTabReport.pdf,Congress,29,45,26
74556,568,YouGov,,The Economist,NA,NA,NA,YouGov,Online Matched Sample,NA,2021-03-20T00:00:00Z,2021-03-23T00:00:00Z,FALSE,NA,140344,1500,a,NA,a,FALSE,2025-04-28 19:33:30 UTC,2025-04-28 19:33:30 UTC,NA,https://docs.cdn.yougov.com/5v6z1pywv7/econTabReport.pdf,NA,NA,https://docs.cdn.yougov.com/5v6z1pywv7/econTabReport.pdf,Congress,24,51,25
74556,568,YouGov,,The Economist,NA,NA,NA,YouGov,Online Matched Sample,NA,2021-03-20T00:00:00Z,2021-03-23T00:00:00Z,FALSE,NA,140345,1267,rv,NA,rv,FALSE,2025-04-28 19:33:27 UTC,2025-04-28 19:33:27 UTC,NA,https://docs.cdn.yougov.com/5v6z1pywv7/econTabReport.pdf,NA,NA,https://docs.cdn.yougov.com/5v6z1pywv7/econTabReport.pdf,Congress,24,56,25
74581,1508,Harris Poll,,Harvard University Center for American Political Studies,NA,NA,NA,Harris Poll,Online Opt-In Panel,NA,2021-03-24T00:00:00Z,2021-03-25T00:00:00Z,FALSE,NA,140443,1945,rv,NA,rv,FALSE,2025-04-28 19:33:30 UTC,2025-04-28 19:33:30 UTC,NA,https://drive.google.com/file/d/15Y0pZRJM6Vint71ltZYEG29r7x1nWH-4/view,NA,NA,NA,Congress,46,54,0
74589,568,YouGov,,The Economist,NA,NA,NA,YouGov,Online Matched Sample,NA,2021-03-27T00:00:00Z,2021-03-30T00:00:00Z,FALSE,NA,140414,1493,a,NA,a,FALSE,2025-04-28 19:33:27 UTC,2025-04-28 19:33:27 UTC,NA,https://docs.cdn.yougov.com/1kbp8xdx49/econTabReport.pdf,NA,NA,https://docs.cdn.yougov.com/1kbp8xdx49/econTabReport.pdf,Congress,22,48,30
74589,568,YouGov,,The Economist,NA,NA,NA,YouGov,Online Matched Sample,NA,2021-03-27T00:00:00Z,2021-03-30T00:00:00Z,FALSE,NA,140415,1255,rv,NA,rv,FALSE,2025-04-28 19:33:27 UTC,2025-04-28 19:33:27 UTC,NA,https://docs.cdn.yougov.com/1kbp8xdx49/econTabReport.pdf,NA,NA,https://docs.cdn.yougov.com/1kbp8xdx49/econTabReport.pdf,Congress,23,55,22
74616,568,YouGov,,The Economist,NA,NA,NA,YouGov,Online Matched Sample,NA,2021-04-03T00:00:00Z,2021-04-06T00:00:00Z,FALSE,NA,140520,1243,rv,NA,rv,FALSE,2025-04-28 19:33:28 UTC,2025-04-28 19:33:28 UTC,NA,https://docs.cdn.yougov.com/4243y0nkbo/econTabReport.pdf,NA,NA,https://docs.cdn.yougov.com/4243y0nkbo/econTabReport.pdf,Congress,26,52,22
74616,568,YouGov,,The Economist,NA,NA,NA,YouGov,Online Matched Sample,NA,2021-04-03T00:00:00Z,2021-04-06T00:00:00Z,FALSE,NA,140519,1500,a,NA,a,FALSE,2025-04-28 19:33:28 UTC,2025-04-28 19:33:28 UTC,NA,https://docs.cdn.yougov.com/4243y0nkbo/econTabReport.pdf,NA,NA,https://docs.cdn.yougov.com/4243y0nkbo/econTabReport.pdf,Congress,25,48,28
74640,320,Monmouth,,NA,NA,NA,NA,Monmouth University Polling Institute,Live Phone,NA,2021-04-08T00:00:00Z,2021-04-12T00:00:00Z,FALSE,NA,140608,800,a,NA,a,FALSE,2025-04-28 19:33:30 UTC,2025-04-28 19:33:30 UTC,NA,https://www.monmouth.edu/polling-institute/documents/monmouthpoll_us_041421.pdf/,NA,NA,https://www.monmouth.edu/polling-institute/documents/monmouthpoll_us_041421.pdf/,Congress,35,56,9
74640,320,Monmouth,,NA,NA,NA,NA,Monmouth University Polling Institute,Live Phone,NA,2021-04-08T00:00:00Z,2021-04-12T00:00:00Z,FALSE,NA,140609,743,rv,NA,rv,FALSE,2025-04-28 19:33:30 UTC,2025-04-28 19:33:30 UTC,NA,https://www.monmouth.edu/polling-institute/documents/monmouthpoll_us_041421.pdf/,NA,NA,https://www.monmouth.edu/polling-institute/documents/monmouthpoll_us_041421.pdf/,Congress,33,59,8
74638,568,YouGov,,The Economist,NA,NA,NA,YouGov,Online Matched Sample,NA,2021-04-10T00:00:00Z,2021-04-13T00:00:00Z,FALSE,NA,140583,1263,rv,NA,rv,FALSE,2025-04-28 19:33:30 UTC,2025-04-28 19:33:30 UTC,NA,https://docs.cdn.yougov.com/wvjmyy0dlk/econTabReport.pdf,NA,NA,https://docs.cdn.yougov.com/wvjmyy0dlk/econTabReport.pdf,Congress,21,58,21
74638,568,YouGov,,The Economist,NA,NA,NA,YouGov,Online Matched Sample,NA,2021-04-10T00:00:00Z,2021-04-13T00:00:00Z,FALSE,NA,140582,1500,a,NA,a,FALSE,2025-04-28 19:33:30 UTC,2025-04-28 19:33:30 UTC,NA,https://docs.cdn.yougov.com/wvjmyy0dlk/econTabReport.pdf,NA,NA,https://docs.cdn.yougov.com/wvjmyy0dlk/econTabReport.pdf,Congress,21,52,28
74683,568,YouGov,,The Economist,NA,NA,NA,YouGov,Online Matched Sample,NA,2021-04-17T00:00:00Z,2021-04-20T00:00:00Z,FALSE,NA,140709,1500,a,NA,a,FALSE,2025-04-28 19:33:28 UTC,2025-04-28 19:33:28 UTC,NA,https://docs.cdn.yougov.com/e89wuts0a9/econTabReport.pdf,NA,NA,https://docs.cdn.yougov.com/e89wuts0a9/econTabReport.pdf,Congress,25,48,27
74683,568,YouGov,,The Economist,NA,NA,NA,YouGov,Online Matched Sample,NA,2021-04-17T00:00:00Z,2021-04-20T00:00:00Z,FALSE,NA,140710,1225,rv,NA,rv,FALSE,2025-04-28 19:33:28 UTC,2025-04-28 19:33:28 UTC,NA,https://docs.cdn.yougov.com/e89wuts0a9/econTabReport.pdf,NA,NA,https://docs.cdn.yougov.com/e89wuts0a9/econTabReport.pdf,Congress,26,54,20
74700,169,Gallup,,NA,NA,NA,NA,Gallup,Live Phone,NA,2021-04-01T00:00:00Z,2021-04-21T00:00:00Z,FALSE,NA,140797,961,a,NA,a,FALSE,2025-04-28 19:33:30 UTC,2025-04-28 19:33:30 UTC,NA,https://news.gallup.com/poll/349205/fewer-cite-coronavirus-important-problem.aspx,NA,NA,NA,Congress,33,62,5
74700,169,Gallup,,NA,NA,NA,NA,Gallup,Live Phone,NA,2021-04-01T00:00:00Z,2021-04-21T00:00:00Z,FALSE,NA,142248,961,a,NA,a,FALSE,2025-04-28 19:33:30 UTC,2025-04-28 19:33:30 UTC,NA,https://news.gallup.com/poll/1600/congress-public.aspx,https://news.gallup.com/poll/1600/congress-public.aspx,NA,NA,Congress,33,62,5
74701,1597,Beacon/Shaw,,Fox News,NA,NA,NA,Beacon Research/Shaw & Co. Research,Live Phone,NA,2021-04-18T00:00:00Z,2021-04-21T00:00:00Z,FALSE,NA,140774,1002,rv,NA,rv,FALSE,2025-04-28 19:33:30 UTC,2025-04-28 19:33:30 UTC,NA,https://static.foxnews.com/foxnews.com/content/uploads/2021/04/Fox_April-18-21-2021_National_Topline_April-25-Release.pdf,NA,NA,https://static.foxnews.com/foxnews.com/content/uploads/2021/04/Fox_April-18-21-2021_National_Topline_April-25-Release.pdf,Congress,30,58,12
74726,1866,CNN/SSRS,,NA,NA,NA,NA,CNN/SSRS,Live Phone,NA,2021-04-21T00:00:00Z,2021-04-26T00:00:00Z,FALSE,NA,140871,NA,rv,NA,rv,FALSE,2025-04-28 19:33:30 UTC,2025-04-28 19:33:30 UTC,NA,https://cdn.cnn.com/cnn/2021/images/04/29/rel3c.-.bipartisanship.pdf,NA,NA,https://cdn.cnn.com/cnn/2021/images/04/29/rel3c.-.bipartisanship.pdf,Congress,27,69,4
74726,1866,CNN/SSRS,,NA,NA,NA,NA,CNN/SSRS,Live Phone,NA,2021-04-21T00:00:00Z,2021-04-26T00:00:00Z,FALSE,NA,140870,1004,a,NA,a,FALSE,2025-04-28 19:33:30 UTC,2025-04-28 19:33:30 UTC,NA,https://cdn.cnn.com/cnn/2021/images/04/29/rel3c.-.bipartisanship.pdf,NA,NA,https://cdn.cnn.com/cnn/2021/images/04/29/rel3c.-.bipartisanship.pdf,Congress,31,64,5
74729,568,YouGov,,The Economist,NA,NA,NA,YouGov,Online Matched Sample,NA,2021-04-25T00:00:00Z,2021-04-27T00:00:00Z,FALSE,NA,140816,1500,a,NA,a,FALSE,2025-04-28 19:33:28 UTC,2025-04-28 19:33:28 UTC,NA,https://docs.cdn.yougov.com/40cminy7fl/econTabReport.pdf,NA,NA,https://docs.cdn.yougov.com/40cminy7fl/econTabReport.pdf,Congress,20,50,30
74729,568,YouGov,,The Economist,NA,NA,NA,YouGov,Online Matched Sample,NA,2021-04-25T00:00:00Z,2021-04-27T00:00:00Z,FALSE,NA,140817,1219,rv,NA,rv,FALSE,2025-04-28 19:33:28 UTC,2025-04-28 19:33:28 UTC,NA,https://docs.cdn.yougov.com/40cminy7fl/econTabReport.pdf,NA,NA,https://docs.cdn.yougov.com/40cminy7fl/econTabReport.pdf,Congress,21,56,23
74752,1508,Harris Poll,,Harvard University Center for American Political Studies,NA,NA,NA,Harris Poll,Online Opt-In Panel,NA,2021-04-27T00:00:00Z,2021-04-29T00:00:00Z,FALSE,NA,142054,1872,rv,NA,rv,FALSE,2025-04-28 19:33:30 UTC,2025-04-28 19:33:30 UTC,NA,https://harvardharrispoll.com/wp-content/uploads/2021/05/April2021_HHP_RegisteredVoters_Topline.pdf,NA,https://harvardharrispoll.com/wp-content/uploads/2021/05/April2021_HHP_RegisteredVoters_Topline.pdf,NA,Congress,50,50,0
74759,568,YouGov,,The Economist,NA,NA,NA,YouGov,Online Matched Sample,NA,2021-05-01T00:00:00Z,2021-05-04T00:00:00Z,FALSE,NA,141887,1187,rv,NA,rv,FALSE,2025-04-28 19:33:28 UTC,2025-04-28 19:33:28 UTC,NA,https://docs.cdn.yougov.com/lftymxzxfl/econTabReport.pdf,NA,NA,https://docs.cdn.yougov.com/lftymxzxfl/econTabReport.pdf,Congress,26,52,22
74759,568,YouGov,,The Economist,NA,NA,NA,YouGov,Online Matched Sample,NA,2021-05-01T00:00:00Z,2021-05-04T00:00:00Z,FALSE,NA,141886,1500,a,NA,a,FALSE,2025-04-28 19:33:28 UTC,2025-04-28 19:33:28 UTC,NA,https://docs.cdn.yougov.com/lftymxzxfl/econTabReport.pdf,NA,NA,https://docs.cdn.yougov.com/lftymxzxfl/econTabReport.pdf,Congress,25,46,30
74788,568,YouGov,,The Economist,NA,NA,NA,YouGov,Online Matched Sample,NA,2021-05-08T00:00:00Z,2021-05-11T00:00:00Z,FALSE,NA,142280,1204,rv,NA,rv,FALSE,2025-04-28 19:33:28 UTC,2025-04-28 19:33:28 UTC,NA,https://docs.cdn.yougov.com/zqplrjlj3n/econTabReport.pdf,NA,NA,https://docs.cdn.yougov.com/zqplrjlj3n/econTabReport.pdf,Congress,25,56,20
74788,568,YouGov,,The Economist,NA,NA,NA,YouGov,Online Matched Sample,NA,2021-05-08T00:00:00Z,2021-05-11T00:00:00Z,FALSE,NA,142279,1500,a,NA,a,FALSE,2025-04-28 19:33:28 UTC,2025-04-28 19:33:28 UTC,NA,https://docs.cdn.yougov.com/zqplrjlj3n/econTabReport.pdf,NA,NA,https://docs.cdn.yougov.com/zqplrjlj3n/econTabReport.pdf,Congress,24,49,28
74817,568,YouGov,,The Economist,NA,NA,NA,YouGov,Online Matched Sample,NA,2021-05-15T00:00:00Z,2021-05-18T00:00:00Z,FALSE,NA,142400,1239,rv,NA,rv,FALSE,2025-04-28 19:33:29 UTC,2025-04-28 19:33:29 UTC,NA,https://docs.cdn.yougov.com/hhr4zbf09s/econTabReport.pdf,NA,NA,https://docs.cdn.yougov.com/hhr4zbf09s/econTabReport.pdf,Congress,24,54,23
74817,568,YouGov,,The Economist,NA,NA,NA,YouGov,Online Matched Sample,NA,2021-05-15T00:00:00Z,2021-05-18T00:00:00Z,FALSE,NA,142399,1500,a,NA,a,FALSE,2025-04-28 19:33:29 UTC,2025-04-28 19:33:29 UTC,NA,https://docs.cdn.yougov.com/hhr4zbf09s/econTabReport.pdf,NA,NA,https://docs.cdn.yougov.com/hhr4zbf09s/econTabReport.pdf,Congress,24,46,30
74833,169,Gallup,,NA,NA,NA,NA,Gallup,Live Phone,NA,2021-05-03T00:00:00Z,2021-05-18T00:00:00Z,FALSE,NA,142467,1016,a,NA,a,FALSE,2025-04-28 19:33:31 UTC,2025-04-28 19:33:31 UTC,NA,https://news.gallup.com/poll/350129/biden-congress-approval-ratings-steady.aspx,NA,NA,NA,Congress,31,63,5
74844,1508,Harris Poll,,Harvard University Center for American Political Studies,NA,NA,NA,Harris Poll,Online Opt-In Panel,NA,2021-05-19T00:00:00Z,2021-05-20T00:00:00Z,FALSE,NA,142638,1945,rv,NA,rv,FALSE,2025-04-28 19:33:31 UTC,2025-04-28 19:33:31 UTC,NA,https://drive.google.com/file/d/1sfco26GFice4F9rXB58xLSMjM7-w-NqM/view,NA,NA,NA,Congress,46,55,0
74851,568,YouGov,,The Economist,NA,NA,NA,YouGov,Online Matched Sample,NA,2021-05-22T00:00:00Z,2021-05-25T00:00:00Z,FALSE,NA,142557,1248,rv,NA,rv,FALSE,2025-04-28 19:33:29 UTC,2025-04-28 19:33:29 UTC,NA,https://docs.cdn.yougov.com/pxuc7wjg52/econTabReport.pdf,NA,NA,https://docs.cdn.yougov.com/pxuc7wjg52/econTabReport.pdf,Congress,23,58,21
74851,568,YouGov,,The Economist,NA,NA,NA,YouGov,Online Matched Sample,NA,2021-05-22T00:00:00Z,2021-05-25T00:00:00Z,FALSE,NA,142556,1500,a,NA,a,FALSE,2025-04-28 19:33:29 UTC,2025-04-28 19:33:29 UTC,NA,https://docs.cdn.yougov.com/pxuc7wjg52/econTabReport.pdf,NA,NA,https://docs.cdn.yougov.com/pxuc7wjg52/econTabReport.pdf,Congress,23,51,26
74892,1416,HarrisX,,The Hill,NA,NA,NA,HarrisX,Online Opt-In Panel,NA,2021-05-30T00:00:00Z,2021-06-01T00:00:00Z,FALSE,NA,142700,1893,rv,NA,rv,FALSE,2025-04-28 19:33:31 UTC,2025-04-28 19:33:31 UTC,NA,https://thehill.com/hilltv/what-americas-thinking/557146-poll-congressional-approval-jumps-ten-points-from-last-year,NA,NA,NA,Congress,44,56,0
74878,568,YouGov,,The Economist,NA,NA,NA,YouGov,Online Matched Sample,NA,2021-05-29T00:00:00Z,2021-06-01T00:00:00Z,FALSE,NA,142673,1500,a,NA,a,FALSE,2025-04-28 19:33:29 UTC,2025-04-28 19:33:29 UTC,NA,https://docs.cdn.yougov.com/4876sp4niu/econTabReport.pdf,NA,NA,https://docs.cdn.yougov.com/4876sp4niu/econTabReport.pdf,Congress,21,49,30
74878,568,YouGov,,The Economist,NA,NA,NA,YouGov,Online Matched Sample,NA,2021-05-29T00:00:00Z,2021-06-01T00:00:00Z,FALSE,NA,142674,1275,rv,NA,rv,FALSE,2025-04-28 19:33:29 UTC,2025-04-28 19:33:29 UTC,NA,https://docs.cdn.yougov.com/4876sp4niu/econTabReport.pdf,NA,NA,https://docs.cdn.yougov.com/4876sp4niu/econTabReport.pdf,Congress,19,54,26
77570,1697,Bullfinch,,NA,NA,NA,NA,The Bullfinch Group,Online Opt-In Panel,NA,2021-06-03T00:00:00Z,2021-06-07T00:00:00Z,FALSE,NA,149891,1200,a,NA,a,FALSE,2025-04-28 19:33:29 UTC,2025-04-28 19:33:29 UTC,NA,https://projects.fivethirtyeight.com/polls/20211115_US_BullfinchQ2.pdf,NA,NA,NA,Congress,39,50,10
77570,1697,Bullfinch,,NA,NA,NA,NA,The Bullfinch Group,Online Opt-In Panel,NA,2021-06-03T00:00:00Z,2021-06-07T00:00:00Z,FALSE,NA,149892,1000,rv,NA,rv,FALSE,2025-04-28 19:33:29 UTC,2025-04-28 19:33:29 UTC,NA,https://projects.fivethirtyeight.com/polls/20211115_US_BullfinchQ2.pdf,NA,NA,NA,Congress,40,51,9
74903,568,YouGov,,The Economist,NA,NA,NA,YouGov,Online Matched Sample,NA,2021-06-06T00:00:00Z,2021-06-08T00:00:00Z,FALSE,NA,142724,1242,rv,NA,rv,FALSE,2025-04-28 19:33:29 UTC,2025-04-28 19:33:29 UTC,NA,https://docs.cdn.yougov.com/y3gecetbxy/econTabReport.pdf,NA,NA,https://docs.cdn.yougov.com/y3gecetbxy/econTabReport.pdf,Congress,21,56,23
74903,568,YouGov,,The Economist,NA,NA,NA,YouGov,Online Matched Sample,NA,2021-06-06T00:00:00Z,2021-06-08T00:00:00Z,FALSE,NA,142723,1500,a,NA,a,FALSE,2025-04-28 19:33:29 UTC,2025-04-28 19:33:29 UTC,NA,https://docs.cdn.yougov.com/y3gecetbxy/econTabReport.pdf,NA,NA,https://docs.cdn.yougov.com/y3gecetbxy/econTabReport.pdf,Congress,20,52,27
74954,320,Monmouth,,NA,NA,NA,NA,Monmouth University Polling Institute,Live Phone,NA,2021-06-09T00:00:00Z,2021-06-14T00:00:00Z,FALSE,NA,142812,758,rv,NA,rv,FALSE,2025-04-28 19:33:31 UTC,2025-04-28 19:33:31 UTC,NA,https://www.monmouth.edu/polling-institute/reports/monmouthpoll_US_061621/,https://www.monmouth.edu/polling-institute/reports/monmouthpoll_US_061621/,NA,NA,Congress,21,65,14
74954,320,Monmouth,,NA,NA,NA,NA,Monmouth University Polling Institute,Live Phone,NA,2021-06-09T00:00:00Z,2021-06-14T00:00:00Z,FALSE,NA,142811,810,a,NA,a,FALSE,2025-04-28 19:33:31 UTC,2025-04-28 19:33:31 UTC,NA,https://www.monmouth.edu/polling-institute/reports/monmouthpoll_US_061621/,https://www.monmouth.edu/polling-institute/reports/monmouthpoll_US_061621/,NA,NA,Congress,21,65,15
74953,568,YouGov,,The Economist,NA,NA,NA,YouGov,Online Matched Sample,NA,2021-06-13T00:00:00Z,2021-06-15T00:00:00Z,FALSE,NA,142804,1500,a,NA,a,FALSE,2025-04-28 19:33:31 UTC,2025-04-28 19:33:31 UTC,NA,https://docs.cdn.yougov.com/1oyiu6tamw/econTabReport.pdf,NA,NA,https://docs.cdn.yougov.com/1oyiu6tamw/econTabReport.pdf,Congress,17,54,29
74953,568,YouGov,,The Economist,NA,NA,NA,YouGov,Online Matched Sample,NA,2021-06-13T00:00:00Z,2021-06-15T00:00:00Z,FALSE,NA,142805,1305,rv,NA,rv,FALSE,2025-04-28 19:33:31 UTC,2025-04-28 19:33:31 UTC,NA,https://docs.cdn.yougov.com/1oyiu6tamw/econTabReport.pdf,NA,NA,https://docs.cdn.yougov.com/1oyiu6tamw/econTabReport.pdf,Congress,17,59,25
75002,1508,Harris Poll,,Harvard University Center for American Political Studies,NA,NA,NA,Harris Poll,Online Opt-In Panel,NA,2021-06-15T00:00:00Z,2021-06-17T00:00:00Z,FALSE,NA,142955,2006,rv,NA,rv,FALSE,2025-04-28 19:33:29 UTC,2025-04-28 19:33:29 UTC,NA,https://mcusercontent.com/ca678077bc522bd7bd74bacbf/files/791aa6f6-03a6-a154-3130-1b4eb065a3da/HHP_June_21_Preso_FINAL.pdf,NA,NA,NA,Congress,54,46,0
74978,169,Gallup,,NA,NA,NA,NA,Gallup,Live Phone,NA,2021-06-01T00:00:00Z,2021-06-18T00:00:00Z,FALSE,NA,142882,1012,a,NA,a,FALSE,2025-04-28 19:33:13 UTC,2025-04-28 19:33:13 UTC,NA,https://news.gallup.com/poll/351521/job-approval-biden-steady-congress-down.aspx,NA,NA,NA,Congress,26,71,3
74981,568,YouGov,,The Economist,NA,NA,NA,YouGov,Online Matched Sample,NA,2021-06-20T00:00:00Z,2021-06-22T00:00:00Z,FALSE,NA,142898,1500,a,NA,a,FALSE,2025-04-28 19:33:29 UTC,2025-04-28 19:33:29 UTC,NA,https://docs.cdn.yougov.com/lvncclv7qj/econTabReport.pdf,NA,NA,https://docs.cdn.yougov.com/lvncclv7qj/econTabReport.pdf,Congress,20,52,28
74983,1597,Beacon/Shaw,,Fox News,NA,NA,NA,Beacon Research/Shaw & Co. Research,Live Phone,NA,2021-06-19T00:00:00Z,2021-06-22T00:00:00Z,FALSE,NA,142906,1001,rv,NA,rv,FALSE,2025-04-28 19:33:40 UTC,2025-04-28 19:33:40 UTC,NA,https://static.foxnews.com/foxnews.com/content/uploads/2021/06/Fox_June-19-22-2021_National_Topline_June-23-Release-1.pdf,NA,https://static.foxnews.com/foxnews.com/content/uploads/2021/06/Fox_June-19-22-2021_National_Topline_June-23-Release-1.pdf,NA,Congress,34,61,5
74981,568,YouGov,,The Economist,NA,NA,NA,YouGov,Online Matched Sample,NA,2021-06-20T00:00:00Z,2021-06-22T00:00:00Z,FALSE,NA,142899,1223,rv,NA,rv,FALSE,2025-04-28 19:33:29 UTC,2025-04-28 19:33:29 UTC,NA,https://docs.cdn.yougov.com/lvncclv7qj/econTabReport.pdf,NA,NA,https://docs.cdn.yougov.com/lvncclv7qj/econTabReport.pdf,Congress,20,58,23
75349,568,YouGov,,The George Washington University,NA,NA,NA,YouGov,Online Matched Sample,NA,2021-06-04T00:00:00Z,2021-06-23T00:00:00Z,FALSE,NA,143715,1753,rv,NA,rv,FALSE,2025-04-28 19:33:30 UTC,2025-04-28 19:33:30 UTC,NA,https://smpa.gwu.edu/sites/g/files/zaxdzs2046/f/downloads/GW%20Politics%20Poll%20Topline%20Wave%204.pdf,NA,https://smpa.gwu.edu/sites/g/files/zaxdzs2046/f/downloads/GW%20Politics%20Poll%20Topline%20Wave%204.pdf,NA,Congress,25.2,68.8,6
75012,568,YouGov,,The Economist,NA,NA,NA,YouGov,Online Matched Sample,NA,2021-06-26T00:00:00Z,2021-06-29T00:00:00Z,FALSE,NA,142983,1290,rv,NA,rv,FALSE,2025-04-28 19:33:29 UTC,2025-04-28 19:33:29 UTC,NA,https://docs.cdn.yougov.com/jtpvxvlusg/econTabReport.pdf,NA,NA,https://docs.cdn.yougov.com/jtpvxvlusg/econTabReport.pdf,Congress,18,56,27
75012,568,YouGov,,The Economist,NA,NA,NA,YouGov,Online Matched Sample,NA,2021-06-26T00:00:00Z,2021-06-29T00:00:00Z,FALSE,NA,142982,1500,a,NA,a,FALSE,2025-04-28 19:33:29 UTC,2025-04-28 19:33:29 UTC,NA,https://docs.cdn.yougov.com/jtpvxvlusg/econTabReport.pdf,NA,NA,https://docs.cdn.yougov.com/jtpvxvlusg/econTabReport.pdf,Congress,18,51,31
75036,568,YouGov,,The Economist,NA,NA,NA,YouGov,Online Matched Sample,NA,2021-07-03T00:00:00Z,2021-07-06T00:00:00Z,FALSE,NA,143044,1281,rv,NA,rv,FALSE,2025-04-28 19:33:29 UTC,2025-04-28 19:33:29 UTC,NA,https://docs.cdn.yougov.com/y4ic1h9zy9/econTabReport.pdf,NA,NA,https://docs.cdn.yougov.com/y4ic1h9zy9/econTabReport.pdf,Congress,20,57,23
75036,568,YouGov,,The Economist,NA,NA,NA,YouGov,Online Matched Sample,NA,2021-07-03T00:00:00Z,2021-07-06T00:00:00Z,FALSE,NA,143043,1500,a,NA,a,FALSE,2025-04-28 19:33:29 UTC,2025-04-28 19:33:29 UTC,NA,https://docs.cdn.yougov.com/y4ic1h9zy9/econTabReport.pdf,NA,NA,https://docs.cdn.yougov.com/y4ic1h9zy9/econTabReport.pdf,Congress,20,51,28
75150,568,YouGov,,The Economist,NA,NA,NA,YouGov,Online Matched Sample,NA,2021-07-10T00:00:00Z,2021-07-13T00:00:00Z,FALSE,NA,143291,1500,a,NA,a,FALSE,2025-04-28 19:33:29 UTC,2025-04-28 19:33:29 UTC,NA,https://docs.cdn.yougov.com/w2zmwpzsq0/econTabReport.pdf,NA,NA,https://docs.cdn.yougov.com/w2zmwpzsq0/econTabReport.pdf,Congress,20,51,28
75150,568,YouGov,,The Economist,NA,NA,NA,YouGov,Online Matched Sample,NA,2021-07-10T00:00:00Z,2021-07-13T00:00:00Z,FALSE,NA,143292,1292,rv,NA,rv,FALSE,2025-04-28 19:33:29 UTC,2025-04-28 19:33:29 UTC,NA,https://docs.cdn.yougov.com/w2zmwpzsq0/econTabReport.pdf,NA,NA,https://docs.cdn.yougov.com/w2zmwpzsq0/econTabReport.pdf,Congress,21,57,22
75264,568,YouGov,,The Economist,NA,NA,NA,YouGov,Online Matched Sample,NA,2021-07-17T00:00:00Z,2021-07-20T00:00:00Z,FALSE,NA,143507,1272,rv,NA,rv,FALSE,2025-04-28 19:33:29 UTC,2025-04-28 19:33:29 UTC,NA,https://docs.cdn.yougov.com/1aaz80mjhy/econTabReport.pdf,NA,NA,https://docs.cdn.yougov.com/1aaz80mjhy/econTabReport.pdf,Congress,23,56,22
75264,568,YouGov,,The Economist,NA,NA,NA,YouGov,Online Matched Sample,NA,2021-07-17T00:00:00Z,2021-07-20T00:00:00Z,FALSE,NA,143506,1500,a,NA,a,FALSE,2025-04-28 19:33:29 UTC,2025-04-28 19:33:29 UTC,NA,https://docs.cdn.yougov.com/1aaz80mjhy/econTabReport.pdf,NA,NA,https://docs.cdn.yougov.com/1aaz80mjhy/econTabReport.pdf,Congress,21,51,28
75323,169,Gallup,,NA,NA,NA,NA,Gallup,Live Phone,NA,2021-07-06T00:00:00Z,2021-07-21T00:00:00Z,FALSE,NA,143976,1007,a,NA,a,FALSE,2025-04-28 19:33:29 UTC,2025-04-28 19:33:29 UTC,NA,https://news.gallup.com/poll/1600/congress-public.aspx,https://news.gallup.com/poll/1600/congress-public.aspx,NA,NA,Congress,26,67,6
75416,320,Monmouth,,NA,NA,NA,NA,Monmouth University Polling Institute,Live Phone,NA,2021-07-21T00:00:00Z,2021-07-26T00:00:00Z,FALSE,NA,143852,804,a,NA,a,FALSE,2025-04-28 19:33:31 UTC,2025-04-28 19:33:31 UTC,NA,https://www.monmouth.edu/polling-institute/reports/monmouthpoll_us_072921/,https://www.monmouth.edu/polling-institute/reports/monmouthpoll_us_072921/,NA,NA,Congress,23,62,15
75439,1075,Marquette Law School,,NA,NA,NA,NA,Marquette University Law School,Live Phone,NA,2021-07-16T00:00:00Z,2021-07-26T00:00:00Z,FALSE,NA,143901,1010,a,NA,a,FALSE,2025-04-28 19:33:14 UTC,2025-04-28 19:33:14 UTC,NA,https://law.marquette.edu/poll/wp-content/uploads/2021/08/MLSPSC03Toplines.html,NA,https://law.marquette.edu/poll/wp-content/uploads/2021/08/MLSPSC03Toplines.html,NA,Congress,33,66,1
75416,320,Monmouth,,NA,NA,NA,NA,Monmouth University Polling Institute,Live Phone,NA,2021-07-21T00:00:00Z,2021-07-26T00:00:00Z,FALSE,NA,143853,753,rv,NA,rv,FALSE,2025-04-28 19:33:31 UTC,2025-04-28 19:33:31 UTC,NA,https://www.monmouth.edu/polling-institute/reports/monmouthpoll_us_072921/,https://www.monmouth.edu/polling-institute/reports/monmouthpoll_us_072921/,NA,NA,Congress,22,63,14
75406,568,YouGov,,The Economist,NA,NA,NA,YouGov,Online Matched Sample,NA,2021-07-24T00:00:00Z,2021-07-27T00:00:00Z,FALSE,NA,143832,1280,rv,NA,rv,FALSE,2025-04-28 19:33:31 UTC,2025-04-28 19:33:31 UTC,NA,https://docs.cdn.yougov.com/v60y11605p/econTabReport.pdf,NA,NA,https://docs.cdn.yougov.com/v60y11605p/econTabReport.pdf,Congress,16,57,26
75406,568,YouGov,,The Economist,NA,NA,NA,YouGov,Online Matched Sample,NA,2021-07-24T00:00:00Z,2021-07-27T00:00:00Z,FALSE,NA,143831,1500,a,NA,a,FALSE,2025-04-28 19:33:31 UTC,2025-04-28 19:33:31 UTC,NA,https://docs.cdn.yougov.com/v60y11605p/econTabReport.pdf,NA,NA,https://docs.cdn.yougov.com/v60y11605p/econTabReport.pdf,Congress,15,54,31
75431,1508,Harris Poll,,Harvard University Center for American Political Studies,NA,NA,NA,Harris Poll,Online Opt-In Panel,NA,2021-07-28T00:00:00Z,2021-07-29T00:00:00Z,FALSE,NA,143873,1788,rv,NA,rv,FALSE,2025-04-28 19:33:29 UTC,2025-04-28 19:33:29 UTC,NA,https://mcusercontent.com/ca678077bc522bd7bd74bacbf/files/1cee83b7-349e-608e-a515-a3df7fd88d0f/HHP_July_preso_vF.pdf,NA,NA,NA,Congress,45,55,0
75441,568,YouGov,,The Economist,NA,NA,NA,YouGov,Online Matched Sample,NA,2021-07-31T00:00:00Z,2021-08-03T00:00:00Z,FALSE,NA,143908,1233,rv,NA,rv,FALSE,2025-04-28 19:33:14 UTC,2025-04-28 19:33:14 UTC,NA,https://docs.cdn.yougov.com/8w7calyx30/econTabReport.pdf,NA,NA,https://docs.cdn.yougov.com/8w7calyx30/econTabReport.pdf,Congress,21,57,22
75441,568,YouGov,,The Economist,NA,NA,NA,YouGov,Online Matched Sample,NA,2021-07-31T00:00:00Z,2021-08-03T00:00:00Z,FALSE,NA,143907,1500,a,NA,a,FALSE,2025-04-28 19:33:14 UTC,2025-04-28 19:33:14 UTC,NA,https://docs.cdn.yougov.com/8w7calyx30/econTabReport.pdf,NA,NA,https://docs.cdn.yougov.com/8w7calyx30/econTabReport.pdf,Congress,21,51,28
75508,568,YouGov,,The Economist,NA,NA,NA,YouGov,Online Matched Sample,NA,2021-08-07T00:00:00Z,2021-08-10T00:00:00Z,FALSE,NA,144048,1251,rv,NA,rv,FALSE,2025-04-28 19:33:30 UTC,2025-04-28 19:33:30 UTC,NA,https://docs.cdn.yougov.com/gh8y14nnzo/econTabReport.pdf,NA,NA,https://docs.cdn.yougov.com/gh8y14nnzo/econTabReport.pdf,Congress,21,56,23
75508,568,YouGov,,The Economist,NA,NA,NA,YouGov,Online Matched Sample,NA,2021-08-07T00:00:00Z,2021-08-10T00:00:00Z,FALSE,NA,144047,1500,a,NA,a,FALSE,2025-04-28 19:33:30 UTC,2025-04-28 19:33:30 UTC,NA,https://docs.cdn.yougov.com/gh8y14nnzo/econTabReport.pdf,NA,NA,https://docs.cdn.yougov.com/gh8y14nnzo/econTabReport.pdf,Congress,19,52,29
75618,568,YouGov,,The Economist,NA,NA,NA,YouGov,Online Matched Sample,NA,2021-08-14T00:00:00Z,2021-08-17T00:00:00Z,FALSE,NA,144244,1500,a,NA,a,FALSE,2025-04-28 19:33:30 UTC,2025-04-28 19:33:30 UTC,NA,https://docs.cdn.yougov.com/oacaip2ls4/econTabReport.pdf,NA,NA,https://docs.cdn.yougov.com/oacaip2ls4/econTabReport.pdf,Congress,17,51,31
75618,568,YouGov,,The Economist,NA,NA,NA,YouGov,Online Matched Sample,NA,2021-08-14T00:00:00Z,2021-08-17T00:00:00Z,FALSE,NA,144245,1250,rv,NA,rv,FALSE,2025-04-28 19:33:30 UTC,2025-04-28 19:33:30 UTC,NA,https://docs.cdn.yougov.com/oacaip2ls4/econTabReport.pdf,NA,NA,https://docs.cdn.yougov.com/oacaip2ls4/econTabReport.pdf,Congress,19,58,23
75704,169,Gallup,,NA,NA,NA,NA,Gallup,Live Phone,NA,2021-08-02T00:00:00Z,2021-08-17T00:00:00Z,FALSE,NA,144638,1006,a,NA,a,FALSE,2025-04-28 19:33:15 UTC,2025-04-28 19:33:15 UTC,NA,https://news.gallup.com/poll/1600/congress-public.aspx,https://news.gallup.com/poll/1600/congress-public.aspx,NA,NA,Congress,28,69,3
75743,568,YouGov,,The Economist,NA,NA,NA,YouGov,Online Matched Sample,NA,2021-08-21T00:00:00Z,2021-08-24T00:00:00Z,FALSE,NA,144467,1500,a,NA,a,FALSE,2025-04-28 19:33:30 UTC,2025-04-28 19:33:30 UTC,NA,https://docs.cdn.yougov.com/0v9p6tn6ur/econTabReport.pdf,NA,NA,https://docs.cdn.yougov.com/0v9p6tn6ur/econTabReport.pdf,Congress,17,53,30
75743,568,YouGov,,The Economist,NA,NA,NA,YouGov,Online Matched Sample,NA,2021-08-21T00:00:00Z,2021-08-24T00:00:00Z,FALSE,NA,144468,1242,rv,NA,rv,FALSE,2025-04-28 19:33:30 UTC,2025-04-28 19:33:30 UTC,NA,https://docs.cdn.yougov.com/0v9p6tn6ur/econTabReport.pdf,NA,NA,https://docs.cdn.yougov.com/0v9p6tn6ur/econTabReport.pdf,Congress,19,57,24
75822,568,YouGov,,The Economist,NA,NA,NA,YouGov,Online Matched Sample,NA,2021-08-28T00:00:00Z,2021-08-31T00:00:00Z,FALSE,NA,144630,1262,rv,NA,rv,FALSE,2025-04-28 19:33:30 UTC,2025-04-28 19:33:30 UTC,NA,https://docs.cdn.yougov.com/3gw2x4kv4w/econTabReport.pdf,NA,NA,https://docs.cdn.yougov.com/3gw2x4kv4w/econTabReport.pdf,Congress,21,56,24
75822,568,YouGov,,The Economist,NA,NA,NA,YouGov,Online Matched Sample,NA,2021-08-28T00:00:00Z,2021-08-31T00:00:00Z,FALSE,NA,144629,1500,a,NA,a,FALSE,2025-04-28 19:33:15 UTC,2025-04-28 19:33:15 UTC,NA,https://docs.cdn.yougov.com/3gw2x4kv4w/econTabReport.pdf,NA,NA,https://docs.cdn.yougov.com/3gw2x4kv4w/econTabReport.pdf,Congress,20,50,37
75921,568,YouGov,,The Economist,NA,NA,NA,YouGov,Online Matched Sample,NA,2021-09-04T00:00:00Z,2021-09-07T00:00:00Z,FALSE,NA,144794,1500,a,NA,a,FALSE,2025-04-28 19:33:16 UTC,2025-04-28 19:33:16 UTC,NA,https://docs.cdn.yougov.com/hlzpfslijb/econTabReport.pdf,NA,NA,https://docs.cdn.yougov.com/hlzpfslijb/econTabReport.pdf,Congress,15,55,30
75921,568,YouGov,,The Economist,NA,NA,NA,YouGov,Online Matched Sample,NA,2021-09-04T00:00:00Z,2021-09-07T00:00:00Z,FALSE,NA,144795,1264,rv,NA,rv,FALSE,2025-04-28 19:33:30 UTC,2025-04-28 19:33:30 UTC,NA,https://docs.cdn.yougov.com/hlzpfslijb/econTabReport.pdf,NA,NA,https://docs.cdn.yougov.com/hlzpfslijb/econTabReport.pdf,Congress,17,61,22
76327,320,Monmouth,,NA,NA,NA,NA,Monmouth University Polling Institute,Live Phone,NA,2021-09-09T00:00:00Z,2021-09-13T00:00:00Z,FALSE,NA,145412,747,rv,NA,rv,FALSE,2025-04-28 19:33:28 UTC,2025-04-28 19:33:28 UTC,NA,https://www.monmouth.edu/polling-institute/documents/monmouthpoll_us_091621.pdf/,NA,NA,https://www.monmouth.edu/polling-institute/documents/monmouthpoll_us_091621.pdf/,Congress,22,65,12
76327,320,Monmouth,,NA,NA,NA,NA,Monmouth University Polling Institute,Live Phone,NA,2021-09-09T00:00:00Z,2021-09-13T00:00:00Z,FALSE,NA,145411,802,a,NA,a,FALSE,2025-04-28 19:33:28 UTC,2025-04-28 19:33:28 UTC,NA,https://www.monmouth.edu/polling-institute/documents/monmouthpoll_us_091621.pdf/,NA,NA,https://www.monmouth.edu/polling-institute/documents/monmouthpoll_us_091621.pdf/,Congress,22,65,13
76284,568,YouGov,,The Economist,NA,NA,NA,YouGov,Online Matched Sample,NA,2021-09-12T00:00:00Z,2021-09-14T00:00:00Z,FALSE,NA,145349,1252,rv,NA,rv,FALSE,2025-04-28 19:33:31 UTC,2025-04-28 19:33:31 UTC,NA,https://docs.cdn.yougov.com/hlzpfslijb/econTabReport.pdf,NA,NA,https://docs.cdn.yougov.com/hlzpfslijb/econTabReport.pdf,Congress,19,58,24
76284,568,YouGov,,The Economist,NA,NA,NA,YouGov,Online Matched Sample,NA,2021-09-12T00:00:00Z,2021-09-14T00:00:00Z,FALSE,NA,145348,1500,a,NA,a,FALSE,2025-04-28 19:33:31 UTC,2025-04-28 19:33:31 UTC,NA,https://docs.cdn.yougov.com/hlzpfslijb/econTabReport.pdf,NA,NA,https://docs.cdn.yougov.com/hlzpfslijb/econTabReport.pdf,Congress,18,53,28
76425,1075,Marquette Law School,,NA,NA,NA,NA,Marquette University Law School,Probability Panel,NA,2021-09-07T00:00:00Z,2021-09-16T00:00:00Z,FALSE,NA,145592,1411,a,NA,a,FALSE,2025-04-28 19:33:31 UTC,2025-04-28 19:33:31 UTC,NA,https://law.marquette.edu/poll/wp-content/uploads/2021/09/MLSPSC04Toplines.html#B1:_Biden_approval,NA,https://law.marquette.edu/poll/wp-content/uploads/2021/09/MLSPSC04Toplines.html#B1:_Biden_approval,NA,Congress,30,70,1
76350,1508,Harris Poll,,Harvard University Center for American Political Studies,NA,NA,NA,Harris Poll,Online Opt-In Panel,NA,2021-09-15T00:00:00Z,2021-09-16T00:00:00Z,FALSE,NA,145565,1578,rv,NA,rv,FALSE,2025-04-28 19:33:31 UTC,2025-04-28 19:33:31 UTC,NA,https://mcusercontent.com/ca678077bc522bd7bd74bacbf/files/ebb1831f-9bf5-9915-8a9e-3645dd66063c/HHP_Sept_AM_vF.pdf,NA,NA,NA,Congress,36,57,7
76409,169,Gallup,,NA,NA,NA,NA,Gallup,Live Phone,NA,2021-09-01T00:00:00Z,2021-09-17T00:00:00Z,FALSE,NA,145557,1005,a,NA,a,FALSE,2025-04-28 19:33:29 UTC,2025-04-28 19:33:29 UTC,NA,https://news.gallup.com/poll/354872/biden-approval-rating-hits-new-low-harris.aspx,NA,NA,NA,Congress,27,69,4
77571,1697,Bullfinch,,NA,NA,NA,NA,The Bullfinch Group,Online Opt-In Panel,NA,2021-09-16T00:00:00Z,2021-09-19T00:00:00Z,FALSE,NA,149894,1000,rv,NA,rv,FALSE,2025-04-28 19:33:29 UTC,2025-04-28 19:33:29 UTC,NA,https://www.thebullfinchgroup.com/post/public-release-of-bullfinch-q3-nationwide-omnibus,NA,NA,NA,Congress,37,55,7
77571,1697,Bullfinch,,NA,NA,NA,NA,The Bullfinch Group,Online Opt-In Panel,NA,2021-09-16T00:00:00Z,2021-09-19T00:00:00Z,FALSE,NA,149893,1200,a,NA,a,FALSE,2025-04-28 19:33:29 UTC,2025-04-28 19:33:29 UTC,NA,https://www.thebullfinchgroup.com/post/public-release-of-bullfinch-q3-nationwide-omnibus,NA,NA,NA,Congress,36,54,10
76410,568,YouGov,,The Economist,NA,NA,NA,YouGov,Online Matched Sample,NA,2021-09-18T00:00:00Z,2021-09-21T00:00:00Z,FALSE,NA,145556,1281,rv,NA,rv,FALSE,2025-04-28 19:33:31 UTC,2025-04-28 19:33:31 UTC,NA,https://docs.cdn.yougov.com/h4zvi2yb6c/econTabReport.pdf,NA,NA,https://docs.cdn.yougov.com/h4zvi2yb6c/econTabReport.pdf,Congress,19,59,23
76410,568,YouGov,,The Economist,NA,NA,NA,YouGov,Online Matched Sample,NA,2021-09-18T00:00:00Z,2021-09-21T00:00:00Z,FALSE,NA,145555,1500,a,NA,a,FALSE,2025-04-28 19:33:31 UTC,2025-04-28 19:33:31 UTC,NA,https://docs.cdn.yougov.com/h4zvi2yb6c/econTabReport.pdf,NA,NA,https://docs.cdn.yougov.com/h4zvi2yb6c/econTabReport.pdf,Congress,19,53,28
76511,568,YouGov,,The Economist,NA,NA,NA,YouGov,Online Matched Sample,NA,2021-09-26T00:00:00Z,2021-09-28T00:00:00Z,FALSE,NA,145876,1500,a,NA,a,FALSE,2025-04-28 19:33:30 UTC,2025-04-28 19:33:30 UTC,NA,https://docs.cdn.yougov.com/ab8vvo6g3z/econTabReport.pdf,NA,NA,https://docs.cdn.yougov.com/ab8vvo6g3z/econTabReport.pdf,Congress,15,56,30
76511,568,YouGov,,The Economist,NA,NA,NA,YouGov,Online Matched Sample,NA,2021-09-26T00:00:00Z,2021-09-28T00:00:00Z,FALSE,NA,145877,1246,rv,NA,rv,FALSE,2025-04-28 19:33:30 UTC,2025-04-28 19:33:30 UTC,NA,https://docs.cdn.yougov.com/ab8vvo6g3z/econTabReport.pdf,NA,NA,https://docs.cdn.yougov.com/ab8vvo6g3z/econTabReport.pdf,Congress,15,60,24
76812,383,PPP,,Decriminalize Sex Work,NA,NA,NA,Public Policy Polling,IVR/Text,NA,2021-09-30T00:00:00Z,2021-10-01T00:00:00Z,FALSE,DEM,146418,758,rv,NA,rv,FALSE,2025-04-28 19:33:11 UTC,2025-04-28 19:33:11 UTC,NA,https://decriminalizesex.work/public-policy-polling-2021/,NA,NA,NA,Congress,14,69,17
76617,568,YouGov,,The Economist,NA,NA,NA,YouGov,Online Matched Sample,NA,2021-10-03T00:00:00Z,2021-10-05T00:00:00Z,FALSE,NA,146102,1500,a,NA,a,FALSE,2025-04-28 19:33:14 UTC,2025-04-28 19:33:14 UTC,NA,https://docs.cdn.yougov.com/j46zs8picp/econTabReport.pdf,NA,NA,https://docs.cdn.yougov.com/j46zs8picp/econTabReport.pdf,Congress,16,57,27
76617,568,YouGov,,The Economist,NA,NA,NA,YouGov,Online Matched Sample,NA,2021-10-03T00:00:00Z,2021-10-05T00:00:00Z,FALSE,NA,146103,1261,rv,NA,rv,FALSE,2025-04-28 19:33:31 UTC,2025-04-28 19:33:31 UTC,NA,https://docs.cdn.yougov.com/j46zs8picp/econTabReport.pdf,NA,NA,https://docs.cdn.yougov.com/j46zs8picp/econTabReport.pdf,Congress,17,63,20
76758,1866,CNN/SSRS,,NA,NA,NA,NA,CNN/SSRS,Probability Panel,NA,2021-10-07T00:00:00Z,2021-10-11T00:00:00Z,FALSE,NA,146342,NA,rv,NA,rv,FALSE,2025-04-28 19:33:11 UTC,2025-04-28 19:33:11 UTC,NA,https://www.cnn.com/2021/10/13/politics/cnn-poll-democrats-bills/index.html,https://www.cnn.com/2021/10/13/politics/cnn-poll-democrats-bills/index.html,NA,NA,Congress,24,76,0
76758,1866,CNN/SSRS,,NA,NA,NA,NA,CNN/SSRS,Probability Panel,NA,2021-10-07T00:00:00Z,2021-10-11T00:00:00Z,FALSE,NA,146341,1000,a,NA,a,FALSE,2025-04-28 19:33:11 UTC,2025-04-28 19:33:11 UTC,NA,https://www.cnn.com/2021/10/13/politics/cnn-poll-democrats-bills/index.html,https://www.cnn.com/2021/10/13/politics/cnn-poll-democrats-bills/index.html,NA,NA,Congress,27,73,0
76756,568,YouGov,,The Economist,NA,NA,NA,YouGov,Online Matched Sample,NA,2021-10-09T00:00:00Z,2021-10-12T00:00:00Z,FALSE,NA,146333,1266,rv,NA,rv,FALSE,2025-04-28 19:33:31 UTC,2025-04-28 19:33:31 UTC,NA,https://docs.cdn.yougov.com/h2rgoa7a3x/econTabReport.pdf,NA,NA,https://docs.cdn.yougov.com/h2rgoa7a3x/econTabReport.pdf,Congress,15,62,23
76756,568,YouGov,,The Economist,NA,NA,NA,YouGov,Online Matched Sample,NA,2021-10-09T00:00:00Z,2021-10-12T00:00:00Z,FALSE,NA,146332,1500,a,NA,a,FALSE,2025-04-28 19:33:31 UTC,2025-04-28 19:33:31 UTC,NA,https://docs.cdn.yougov.com/h2rgoa7a3x/econTabReport.pdf,NA,NA,https://docs.cdn.yougov.com/h2rgoa7a3x/econTabReport.pdf,Congress,13,59,28
76924,1690,"Cor Services, Inc.",,Foundation for Government Accountability,NA,NA,NA,Cor Services,IVR,NA,2021-10-12T00:00:00Z,2021-10-14T00:00:00Z,FALSE,NA,154157,508,lv,NA,lv,FALSE,2025-04-28 19:33:14 UTC,2025-04-28 19:33:14 UTC,NA,https://excellenceinpolling.com/public_poll/2021-national-3rd-quarter-tracking-poll/,https://excellenceinpolling.com/public_poll/2021-national-3rd-quarter-tracking-poll/,https://excellenceinpolling.com/wp-content/uploads/2021/10/Q3-Public-Tracking-Poll-crosstabs-10-21-21.pdf,NA,Congress,30,57,13
76927,169,Gallup,,NA,NA,NA,NA,Gallup,Live Phone,NA,2021-10-01T00:00:00Z,2021-10-19T00:00:00Z,FALSE,NA,146819,832,a,NA,a,FALSE,2025-04-28 19:33:29 UTC,2025-04-28 19:33:29 UTC,NA,https://news.gallup.com/poll/356591/congress-approval-lowest-2021-democrats-turn-negative.aspx,NA,NA,NA,Congress,21,75,4
76904,568,YouGov,,The Economist,NA,NA,NA,YouGov,Online Matched Sample,NA,2021-10-16T00:00:00Z,2021-10-19T00:00:00Z,FALSE,NA,146582,1500,a,NA,a,FALSE,2025-04-28 19:33:31 UTC,2025-04-28 19:33:31 UTC,NA,https://docs.cdn.yougov.com/mzvq4c7ty8/econTabReport.pdf,NA,NA,https://docs.cdn.yougov.com/mzvq4c7ty8/econTabReport.pdf,Congress,14,58,28
76904,568,YouGov,,The Economist,NA,NA,NA,YouGov,Online Matched Sample,NA,2021-10-16T00:00:00Z,2021-10-19T00:00:00Z,FALSE,NA,146583,1268,rv,NA,rv,FALSE,2025-04-28 19:33:31 UTC,2025-04-28 19:33:31 UTC,NA,https://docs.cdn.yougov.com/mzvq4c7ty8/econTabReport.pdf,NA,NA,https://docs.cdn.yougov.com/mzvq4c7ty8/econTabReport.pdf,Congress,15,64,21
77050,568,YouGov,,The Economist,NA,NA,NA,YouGov,Online Matched Sample,NA,2021-10-24T00:00:00Z,2021-10-26T00:00:00Z,FALSE,NA,148622,1500,a,NA,a,FALSE,2025-04-28 19:33:31 UTC,2025-04-28 19:33:31 UTC,NA,https://docs.cdn.yougov.com/qwffht37bk/econTabReport.pdf,NA,NA,https://docs.cdn.yougov.com/qwffht37bk/econTabReport.pdf,Congress,15,58,27
77050,568,YouGov,,The Economist,NA,NA,NA,YouGov,Online Matched Sample,NA,2021-10-24T00:00:00Z,2021-10-26T00:00:00Z,FALSE,NA,148623,1261,rv,NA,rv,FALSE,2025-04-28 19:33:31 UTC,2025-04-28 19:33:31 UTC,NA,https://docs.cdn.yougov.com/qwffht37bk/econTabReport.pdf,NA,NA,https://docs.cdn.yougov.com/qwffht37bk/econTabReport.pdf,Congress,15,62,23
77168,1508,Harris Poll,,Harvard University Center for American Political Studies,NA,NA,NA,Harris Poll,Online Opt-In Panel,NA,2021-10-27T00:00:00Z,2021-10-28T00:00:00Z,FALSE,NA,148892,1688,rv,NA,rv,FALSE,2025-04-28 19:33:11 UTC,2025-04-28 19:33:11 UTC,NA,https://harvardharrispoll.com/wp-content/uploads/2021/11/HHP_October2021_Crosstabs.pdf,NA,NA,https://harvardharrispoll.com/wp-content/uploads/2021/11/HHP_October2021_Crosstabs.pdf,Congress,31,60,8
77170,568,YouGov,,The Economist,NA,NA,NA,YouGov,Online Matched Sample,NA,2021-10-30T00:00:00Z,2021-11-02T00:00:00Z,FALSE,NA,148886,1500,a,NA,a,FALSE,2025-04-28 19:33:31 UTC,2025-04-28 19:33:31 UTC,NA,https://docs.cdn.yougov.com/7ylf58dsj9/econTabReport.pdf,NA,NA,https://docs.cdn.yougov.com/7ylf58dsj9/econTabReport.pdf,Congress,15,59,26
77170,568,YouGov,,The Economist,NA,NA,NA,YouGov,Online Matched Sample,NA,2021-10-30T00:00:00Z,2021-11-02T00:00:00Z,FALSE,NA,148887,1303,rv,NA,rv,FALSE,2025-04-28 19:33:31 UTC,2025-04-28 19:33:31 UTC,NA,https://docs.cdn.yougov.com/7ylf58dsj9/econTabReport.pdf,NA,NA,https://docs.cdn.yougov.com/7ylf58dsj9/econTabReport.pdf,Congress,16,63,21
77474,458,Suffolk,,USA Today,NA,NA,NA,Suffolk University,Live Phone,NA,2021-11-03T00:00:00Z,2021-11-05T00:00:00Z,FALSE,NA,149541,1000,rv,NA,rv,FALSE,2025-04-28 19:33:29 UTC,2025-04-28 19:33:29 UTC,NA,https://www.suffolk.edu/-/media/suffolk/documents/academics/research-at-suffolk/suprc/polls/national/2021/11_8_2021_tables.pdf,NA,NA,NA,Congress,12.4,74.5,13.1
77489,320,Monmouth,,NA,NA,NA,NA,Monmouth University Polling Institute,Live Phone,NA,2021-11-04T00:00:00Z,2021-11-08T00:00:00Z,FALSE,NA,149735,811,a,NA,a,FALSE,2025-04-28 19:33:30 UTC,2025-04-28 19:33:30 UTC,NA,https://www.monmouth.edu/polling-institute/documents/monmouthpoll_us_101021.pdf/,NA,NA,https://www.monmouth.edu/polling-institute/documents/monmouthpoll_us_101021.pdf/,Congress,18,70,12
77489,320,Monmouth,,NA,NA,NA,NA,Monmouth University Polling Institute,Live Phone,NA,2021-11-04T00:00:00Z,2021-11-08T00:00:00Z,FALSE,NA,149736,726,rv,NA,rv,FALSE,2025-04-28 19:33:30 UTC,2025-04-28 19:33:30 UTC,NA,https://www.monmouth.edu/polling-institute/documents/monmouthpoll_us_101021.pdf/,NA,NA,https://www.monmouth.edu/polling-institute/documents/monmouthpoll_us_101021.pdf/,Congress,19,71,10
77487,568,YouGov,,Yahoo News,NA,NA,NA,YouGov,Online Matched Sample,NA,2021-11-04T00:00:00Z,2021-11-08T00:00:00Z,FALSE,NA,149720,1673,a,NA,a,FALSE,2025-04-28 19:33:30 UTC,2025-04-28 19:33:30 UTC,NA,https://docs.cdn.yougov.com/8yndiqueok/20211108_yahoo_vaccine_tabs%20%282%29.pdf,NA,NA,NA,Congress,15,61,24
77486,568,YouGov,,The Economist,NA,NA,NA,YouGov,Online Matched Sample,NA,2021-11-06T00:00:00Z,2021-11-09T00:00:00Z,FALSE,NA,149710,1500,a,NA,a,FALSE,2025-04-28 19:33:31 UTC,2025-04-28 19:33:31 UTC,NA,https://docs.cdn.yougov.com/87gqotkd1s/econTabReport.pdf,NA,NA,https://docs.cdn.yougov.com/87gqotkd1s/econTabReport.pdf,Congress,15,56,29
77486,568,YouGov,,The Economist,NA,NA,NA,YouGov,Online Matched Sample,NA,2021-11-06T00:00:00Z,2021-11-09T00:00:00Z,FALSE,NA,149711,1258,rv,NA,rv,FALSE,2025-04-28 19:33:31 UTC,2025-04-28 19:33:31 UTC,NA,https://docs.cdn.yougov.com/87gqotkd1s/econTabReport.pdf,NA,NA,https://docs.cdn.yougov.com/87gqotkd1s/econTabReport.pdf,Congress,16,61,24
77734,1075,Marquette Law School,,NA,NA,NA,NA,Marquette University Law School,Probability Panel,NA,2021-11-01T00:00:00Z,2021-11-10T00:00:00Z,FALSE,NA,150133,1004,a,NA,a,FALSE,2025-04-28 19:33:32 UTC,2025-04-28 19:33:32 UTC,NA,https://law.marquette.edu/poll/wp-content/uploads/2021/11/MLSPSC05Toplines.html,NA,https://law.marquette.edu/poll/wp-content/uploads/2021/11/MLSPSC05Toplines.html,NA,Congress,27,72,1
77572,1697,Bullfinch,,NA,NA,NA,NA,The Bullfinch Group,Online Opt-In Panel,NA,2021-11-11T00:00:00Z,2021-11-14T00:00:00Z,FALSE,NA,149895,1200,a,NA,a,FALSE,2025-04-28 19:33:31 UTC,2025-04-28 19:33:31 UTC,NA,https://www.thebullfinchgroup.com/post/public-release-of-bullfinch-q4-nationwide-survey,NA,NA,NA,Congress,32,59,10
77572,1697,Bullfinch,,NA,NA,NA,NA,The Bullfinch Group,Online Opt-In Panel,NA,2021-11-11T00:00:00Z,2021-11-14T00:00:00Z,FALSE,NA,149896,1000,rv,NA,rv,FALSE,2025-04-28 19:33:31 UTC,2025-04-28 19:33:31 UTC,NA,https://www.thebullfinchgroup.com/post/public-release-of-bullfinch-q4-nationwide-survey,NA,NA,NA,Congress,32,61,8
77769,169,Gallup,,NA,NA,NA,NA,Gallup,Live Phone,NA,2021-11-01T00:00:00Z,2021-11-16T00:00:00Z,FALSE,NA,151188,815,a,NA,a,FALSE,2025-04-28 19:33:29 UTC,2025-04-28 19:33:29 UTC,NA,https://news.gallup.com/poll/1600/congress-public.aspx,https://news.gallup.com/poll/1600/congress-public.aspx,NA,NA,Congress,20,77,3
77678,568,YouGov,,The Economist,NA,NA,NA,YouGov,Online Matched Sample,NA,2021-11-14T00:00:00Z,2021-11-16T00:00:00Z,FALSE,NA,150038,1500,a,NA,a,FALSE,2025-04-28 19:33:32 UTC,2025-04-28 19:33:32 UTC,NA,https://docs.cdn.yougov.com/anoy7rtkl2/econTabReport.pdf,NA,NA,https://docs.cdn.yougov.com/anoy7rtkl2/econTabReport.pdf,Congress,15,60,25
77678,568,YouGov,,The Economist,NA,NA,NA,YouGov,Online Matched Sample,NA,2021-11-14T00:00:00Z,2021-11-16T00:00:00Z,FALSE,NA,150039,1299,rv,NA,rv,FALSE,2025-04-28 19:33:32 UTC,2025-04-28 19:33:32 UTC,NA,https://docs.cdn.yougov.com/anoy7rtkl2/econTabReport.pdf,NA,NA,https://docs.cdn.yougov.com/anoy7rtkl2/econTabReport.pdf,Congress,15,63,22
77866,568,YouGov,,Yahoo News,NA,NA,NA,YouGov,Online Matched Sample,NA,2021-11-17T00:00:00Z,2021-11-19T00:00:00Z,FALSE,NA,150722,1305,rv,NA,rv,FALSE,2025-04-28 19:33:21 UTC,2025-04-28 19:33:21 UTC,NA,https://docs.cdn.yougov.com/glqc6q0m86/20211119_yahoo_vaccine_tabs.pdf,NA,NA,https://docs.cdn.yougov.com/glqc6q0m86/20211119_yahoo_vaccine_tabs.pdf,Congress,15,68,17
77866,568,YouGov,,Yahoo News,NA,NA,NA,YouGov,Online Matched Sample,NA,2021-11-17T00:00:00Z,2021-11-19T00:00:00Z,FALSE,NA,150721,1696,a,NA,a,FALSE,2025-04-28 19:33:21 UTC,2025-04-28 19:33:21 UTC,NA,https://docs.cdn.yougov.com/glqc6q0m86/20211119_yahoo_vaccine_tabs.pdf,NA,NA,https://docs.cdn.yougov.com/glqc6q0m86/20211119_yahoo_vaccine_tabs.pdf,Congress,16,61,23
78012,1699,Fabrizio/Impact,,The Wall Street Journal,NA,NA,NA,"Fabrizio, Lee & Associates/Impact Research",Live Phone/Text-to-Web,NA,2021-11-16T00:00:00Z,2021-11-22T00:00:00Z,FALSE,NA,150841,1500,rv,NA,rv,FALSE,2025-04-28 19:33:30 UTC,2025-04-28 19:33:30 UTC,NA,https://www.wsj.com/articles/wsj-poll-biden-leadership-economy-midterms-11638888384,https://www.wsj.com/articles/wsj-poll-biden-leadership-economy-midterms-11638888384,https://s.wsj.net/public/resources/documents/Baseline%20Nationwide%20Poll%20Nov%202021.pdf,NA,Congress,28,66,6
77875,568,YouGov,,The Economist,NA,NA,NA,YouGov,Online Matched Sample,NA,2021-11-20T00:00:00Z,2021-11-23T00:00:00Z,FALSE,NA,150503,1500,a,NA,a,FALSE,2025-04-28 19:33:08 UTC,2025-04-28 19:33:08 UTC,NA,https://docs.cdn.yougov.com/79n2jfbdep/econTabReport.pdf,NA,NA,https://docs.cdn.yougov.com/79n2jfbdep/econTabReport.pdf,Congress,17,55,28
77875,568,YouGov,,The Economist,NA,NA,NA,YouGov,Online Matched Sample,NA,2021-11-20T00:00:00Z,2021-11-23T00:00:00Z,FALSE,NA,150504,1249,rv,NA,rv,FALSE,2025-04-28 19:33:08 UTC,2025-04-28 19:33:08 UTC,NA,https://docs.cdn.yougov.com/79n2jfbdep/econTabReport.pdf,NA,NA,https://docs.cdn.yougov.com/79n2jfbdep/econTabReport.pdf,Congress,18,60,22
77936,568,YouGov,,The Economist,NA,NA,NA,YouGov,Online Matched Sample,NA,2021-11-27T00:00:00Z,2021-11-30T00:00:00Z,FALSE,NA,150696,1500,a,NA,a,FALSE,2025-04-28 19:33:20 UTC,2025-04-28 19:33:20 UTC,NA,https://docs.cdn.yougov.com/qxe3vbsvhw/econTabReport.pdf,NA,NA,https://docs.cdn.yougov.com/qxe3vbsvhw/econTabReport.pdf,Congress,14,56,29
77936,568,YouGov,,The Economist,NA,NA,NA,YouGov,Online Matched Sample,NA,2021-11-27T00:00:00Z,2021-11-30T00:00:00Z,FALSE,NA,150697,1272,rv,NA,rv,FALSE,2025-04-28 19:33:23 UTC,2025-04-28 19:33:23 UTC,NA,https://docs.cdn.yougov.com/qxe3vbsvhw/econTabReport.pdf,NA,NA,https://docs.cdn.yougov.com/qxe3vbsvhw/econTabReport.pdf,Congress,16,61,24
78083,1690,"Cor Services, Inc.",,Foundation for Government Accountability,NA,NA,NA,Cor Services,IVR,NA,2021-11-29T00:00:00Z,2021-12-01T00:00:00Z,FALSE,NA,154156,523,lv,NA,lv,FALSE,2025-04-28 19:33:14 UTC,2025-04-28 19:33:14 UTC,NA,https://excellenceinpolling.com/public_poll/2021-national-4th-quarter-tracking-poll/,https://excellenceinpolling.com/public_poll/2021-national-4th-quarter-tracking-poll/,https://excellenceinpolling.com/wp-content/uploads/2021/12/Q4-Public-Tracking-Poll-crosstabs-12-15-21.pdf,NA,Congress,31,56,14
77982,1508,Harris Poll,,Harvard University Center for American Political Studies,NA,NA,NA,Harris Poll,Online Opt-In Panel,NA,2021-11-30T00:00:00Z,2021-12-02T00:00:00Z,FALSE,NA,150937,1989,rv,NA,rv,FALSE,2025-04-28 19:33:29 UTC,2025-04-28 19:33:29 UTC,NA,https://mcusercontent.com/ca678077bc522bd7bd74bacbf/files/420beaf6-8cb5-04e6-02db-69814f5573fb/HHP_November_vF_002_.pdf,NA,https://mcusercontent.com/ca678077bc522bd7bd74bacbf/files/420beaf6-8cb5-04e6-02db-69814f5573fb/HHP_November_vF_002_.pdf,NA,Congress,32,60,9
78017,320,Monmouth,,NA,NA,NA,NA,Monmouth University Polling Institute,Live Phone,NA,2021-12-02T00:00:00Z,2021-12-06T00:00:00Z,FALSE,NA,150896,808,a,NA,a,FALSE,2025-04-28 19:33:10 UTC,2025-04-28 19:33:10 UTC,NA,https://www.monmouth.edu/polling-institute/reports/MonmouthPoll_US_120821/,https://www.monmouth.edu/polling-institute/reports/MonmouthPoll_US_120821/,NA,https://www.monmouth.edu/polling-institute/documents/monmouthpoll_us_120821.pdf/,Congress,23,66,11
78017,320,Monmouth,,NA,NA,NA,NA,Monmouth University Polling Institute,Live Phone,NA,2021-12-02T00:00:00Z,2021-12-06T00:00:00Z,FALSE,NA,150897,753,rv,NA,rv,FALSE,2025-04-28 19:33:09 UTC,2025-04-28 19:33:09 UTC,NA,https://www.monmouth.edu/polling-institute/reports/MonmouthPoll_US_120821/,https://www.monmouth.edu/polling-institute/reports/MonmouthPoll_US_120821/,NA,https://www.monmouth.edu/polling-institute/documents/monmouthpoll_us_120821.pdf/,Congress,24,67,10
78014,568,YouGov,,The Economist,NA,NA,NA,YouGov,Online Matched Sample,NA,2021-12-04T00:00:00Z,2021-12-07T00:00:00Z,FALSE,NA,150860,1500,a,NA,a,FALSE,2025-04-28 19:33:08 UTC,2025-04-28 19:33:08 UTC,NA,https://docs.cdn.yougov.com/oml74gb8de/econToplines.pdf,NA,https://docs.cdn.yougov.com/oml74gb8de/econToplines.pdf,https://docs.cdn.yougov.com/o8u558c9sy/econTabReport.pdf,Congress,15,60,26
78014,568,YouGov,,The Economist,NA,NA,NA,YouGov,Online Matched Sample,NA,2021-12-04T00:00:00Z,2021-12-07T00:00:00Z,FALSE,NA,150861,1265,rv,NA,rv,FALSE,2025-04-28 19:33:30 UTC,2025-04-28 19:33:30 UTC,NA,https://docs.cdn.yougov.com/oml74gb8de/econToplines.pdf,NA,https://docs.cdn.yougov.com/oml74gb8de/econToplines.pdf,https://docs.cdn.yougov.com/o8u558c9sy/econTabReport.pdf,Congress,15,65,21
78101,568,YouGov,,Yahoo News,NA,NA,NA,YouGov,Online Matched Sample,NA,2021-12-09T00:00:00Z,2021-12-13T00:00:00Z,FALSE,NA,151411,1163,rv,NA,rv,FALSE,2025-04-28 19:33:32 UTC,2025-04-28 19:33:32 UTC,NA,https://news.yahoo.com/poll-just-1-in-4-americans-want-biden-or-trump-to-run-again-in-2024-190141237.html,https://news.yahoo.com/poll-just-1-in-4-americans-want-biden-or-trump-to-run-again-in-2024-190141237.html,https://docs.cdn.yougov.com/i3wveiwba0/20211213_yahoo_vaccine_toplines.pdf,https://docs.cdn.yougov.com/5nf49qubtk/20211213_yahoo_vaccine_tabs.pdf,Congress,13,65,21
78101,568,YouGov,,Yahoo News,NA,NA,NA,YouGov,Online Matched Sample,NA,2021-12-09T00:00:00Z,2021-12-13T00:00:00Z,FALSE,NA,151410,1558,a,NA,a,FALSE,2025-04-28 19:33:32 UTC,2025-04-28 19:33:32 UTC,NA,https://news.yahoo.com/poll-just-1-in-4-americans-want-biden-or-trump-to-run-again-in-2024-190141237.html,https://news.yahoo.com/poll-just-1-in-4-americans-want-biden-or-trump-to-run-again-in-2024-190141237.html,https://docs.cdn.yougov.com/i3wveiwba0/20211213_yahoo_vaccine_toplines.pdf,https://docs.cdn.yougov.com/5nf49qubtk/20211213_yahoo_vaccine_tabs.pdf,Congress,13,60,27
78073,568,YouGov,,The Economist,NA,NA,NA,YouGov,Online Matched Sample,NA,2021-12-12T00:00:00Z,2021-12-14T00:00:00Z,FALSE,NA,151083,1267,rv,NA,rv,FALSE,2025-04-28 19:33:32 UTC,2025-04-28 19:33:32 UTC,NA,https://docs.cdn.yougov.com/gv7knlmw7y/econToplines.pdf,NA,https://docs.cdn.yougov.com/gv7knlmw7y/econToplines.pdf,https://docs.cdn.yougov.com/pnu6yfcz0j/econTabReport.pdf,Congress,15,60,24
78073,568,YouGov,,The Economist,NA,NA,NA,YouGov,Online Matched Sample,NA,2021-12-12T00:00:00Z,2021-12-14T00:00:00Z,FALSE,NA,151082,1500,a,NA,a,FALSE,2025-04-28 19:33:12 UTC,2025-04-28 19:33:12 UTC,NA,https://docs.cdn.yougov.com/gv7knlmw7y/econToplines.pdf,NA,https://docs.cdn.yougov.com/gv7knlmw7y/econToplines.pdf,https://docs.cdn.yougov.com/pnu6yfcz0j/econTabReport.pdf,Congress,14,56,30
78114,169,Gallup,,NA,NA,NA,NA,Gallup,Live Phone,NA,2021-12-01T00:00:00Z,2021-12-16T00:00:00Z,FALSE,NA,151218,811,a,NA,a,FALSE,2025-04-28 19:33:29 UTC,2025-04-28 19:33:29 UTC,NA,https://news.gallup.com/poll/358343/joe-biden-job-approval-rating-steady-december.aspx,https://news.gallup.com/poll/358343/joe-biden-job-approval-rating-steady-december.aspx,NA,NA,Congress,23,73,4
78176,1888,UMass Amherst/YouGov,,NA,NA,NA,NA,University of Massachusetts Department of Political Science/YouGov,Online Matched Sample,NA,2021-12-14T00:00:00Z,2021-12-20T00:00:00Z,FALSE,NA,151640,1000,a,NA,a,FALSE,2025-04-28 19:33:29 UTC,2025-04-28 19:33:29 UTC,NA,https://polsci.umass.edu/toplines-and-crosstabs-december-2021-national-poll-bidens-first-year,https://polsci.umass.edu/toplines-and-crosstabs-december-2021-national-poll-bidens-first-year,https://polsci.umass.edu/sites/default/files/BidenAnniversaryToplinesDecember2021.pdf,https://polsci.umass.edu/sites/default/files/BidenAnniversaryCrosstabs.pdf,Congress,21,65,15
78122,568,YouGov,,The Economist,NA,NA,NA,YouGov,Online Matched Sample,NA,2021-12-19T00:00:00Z,2021-12-21T00:00:00Z,FALSE,NA,151277,1500,a,NA,a,FALSE,2025-04-28 19:33:31 UTC,2025-04-28 19:33:31 UTC,NA,https://docs.cdn.yougov.com/2n20q7z489/econToplines.pdf,NA,https://docs.cdn.yougov.com/2n20q7z489/econToplines.pdf,https://docs.cdn.yougov.com/wpndi3r0pc/econTabReport.pdf,Congress,15,58,28
78122,568,YouGov,,The Economist,NA,NA,NA,YouGov,Online Matched Sample,NA,2021-12-19T00:00:00Z,2021-12-21T00:00:00Z,FALSE,NA,151278,1315,rv,NA,rv,FALSE,2025-04-28 19:33:31 UTC,2025-04-28 19:33:31 UTC,NA,https://docs.cdn.yougov.com/2n20q7z489/econToplines.pdf,NA,https://docs.cdn.yougov.com/2n20q7z489/econToplines.pdf,https://docs.cdn.yougov.com/wpndi3r0pc/econTabReport.pdf,Congress,14,63,23
78170,458,Suffolk,,USA Today,NA,NA,NA,Suffolk University,Live Phone,NA,2021-12-27T00:00:00Z,2021-12-30T00:00:00Z,FALSE,NA,151562,1000,rv,NA,rv,FALSE,2025-04-28 19:33:14 UTC,2025-04-28 19:33:14 UTC,NA,https://www.usatoday.com/story/news/politics/2022/01/04/gop-midterm-red-flag-bidens-leadership-challenge-usat-suffolk-poll/9078226002/?gnt-cfr=1,https://www.usatoday.com/story/news/politics/2022/01/04/gop-midterm-red-flag-bidens-leadership-challenge-usat-suffolk-poll/9078226002/?gnt-cfr=1,https://www.suffolk.edu/-/media/suffolk/documents/academics/research-at-suffolk/suprc/polls/national/2022/1_04_2022_embargoed_marginals.pdf,https://www.suffolk.edu/-/media/suffolk/documents/academics/research-at-suffolk/suprc/polls/national/2022/1_04_2022_embargoed_tables.pdf,Congress,16.2,70.4,13.4
78174,568,YouGov,,The Economist,NA,NA,NA,YouGov,Online Matched Sample,NA,2022-01-02T00:00:00Z,2022-01-04T00:00:00Z,FALSE,NA,151481,1500,a,NA,a,FALSE,2025-04-28 19:33:32 UTC,2025-04-28 19:33:32 UTC,NA,https://docs.cdn.yougov.com/tyivpnrtkb/econToplines.pdf,NA,https://docs.cdn.yougov.com/tyivpnrtkb/econToplines.pdf,https://docs.cdn.yougov.com/g43s025yft/econTabReport.pdf,Congress,14,57,29
78174,568,YouGov,,The Economist,NA,NA,NA,YouGov,Online Matched Sample,NA,2022-01-02T00:00:00Z,2022-01-04T00:00:00Z,FALSE,NA,151482,1201,rv,NA,rv,FALSE,2025-04-28 19:33:32 UTC,2025-04-28 19:33:32 UTC,NA,https://docs.cdn.yougov.com/g43s025yft/econTabReport.pdf,NA,NA,https://docs.cdn.yougov.com/g43s025yft/econTabReport.pdf,Congress,16,60,23
78255,568,YouGov,,The Economist,NA,NA,NA,YouGov,Online Matched Sample,NA,2022-01-08T00:00:00Z,2022-01-11T00:00:00Z,FALSE,NA,151721,1500,a,NA,a,FALSE,2025-04-28 19:33:22 UTC,2025-04-28 19:33:22 UTC,NA,https://docs.cdn.yougov.com/jv0vlnls0q/econToplines.pdf,NA,https://docs.cdn.yougov.com/jv0vlnls0q/econToplines.pdf,https://docs.cdn.yougov.com/vkklxli0e8/econTabReport.pdf,Congress,17,57,25
78255,568,YouGov,,The Economist,NA,NA,NA,YouGov,Online Matched Sample,NA,2022-01-08T00:00:00Z,2022-01-11T00:00:00Z,FALSE,NA,151722,1258,rv,NA,rv,FALSE,2025-04-28 19:33:23 UTC,2025-04-28 19:33:23 UTC,NA,https://docs.cdn.yougov.com/vkklxli0e8/econTabReport.pdf,NA,NA,https://docs.cdn.yougov.com/vkklxli0e8/econTabReport.pdf,Congress,17,62,21
78289,169,Gallup,,NA,NA,NA,NA,Gallup,Live Phone,NA,2022-01-03T00:00:00Z,2022-01-16T00:00:00Z,FALSE,NA,151983,811,a,NA,a,FALSE,2025-04-28 19:33:23 UTC,2025-04-28 19:33:23 UTC,NA,https://news.gallup.com/poll/389096/congressional-approval-sinks-democrats-sour-further.aspx,https://news.gallup.com/poll/389096/congressional-approval-sinks-democrats-sour-further.aspx,NA,NA,Congress,18,80,3
78292,568,YouGov,,The Economist,NA,NA,NA,YouGov,Online Matched Sample,NA,2022-01-15T00:00:00Z,2022-01-18T00:00:00Z,FALSE,NA,151910,1500,a,NA,a,FALSE,2025-04-28 19:33:23 UTC,2025-04-28 19:33:23 UTC,NA,https://docs.cdn.yougov.com/ag4e883md3/econToplines.pdf,NA,https://docs.cdn.yougov.com/ag4e883md3/econToplines.pdf,https://docs.cdn.yougov.com/0runc17e13/econTabReport.pdf,Congress,15,57,28
78292,568,YouGov,,The Economist,NA,NA,NA,YouGov,Online Matched Sample,NA,2022-01-15T00:00:00Z,2022-01-18T00:00:00Z,FALSE,NA,151911,1160,rv,NA,rv,FALSE,2025-04-28 19:33:23 UTC,2025-04-28 19:33:23 UTC,NA,https://docs.cdn.yougov.com/0runc17e13/econTabReport.pdf,NA,NA,https://docs.cdn.yougov.com/0runc17e13/econTabReport.pdf,Congress,14,62,23
78328,1508,Harris Poll,,Harvard University Center for American Political Studies,NA,NA,NA,Harris Poll,Online Opt-In Panel,NA,2022-01-19T00:00:00Z,2022-01-20T00:00:00Z,FALSE,NA,152069,1815,rv,NA,rv,FALSE,2025-04-28 19:33:33 UTC,2025-04-28 19:33:33 UTC,NA,https://thehill.com/homenews/campaign/591118-poll-30-percent-of-americans-say-they-approve-of-the-job-congress-is-doing,https://thehill.com/homenews/campaign/591118-poll-30-percent-of-americans-say-they-approve-of-the-job-congress-is-doing,https://harvardharrispoll.com/wp-content/uploads/2022/01/January-2022_HHP_Topline.pdf,https://harvardharrispoll.com/wp-content/uploads/2022/01/January-2022_HHP_Crosstab.pdf,Congress,30,59,11
78347,1075,Marquette Law School,,NA,NA,NA,NA,Marquette University Law School,Probability Panel,NA,2022-01-10T00:00:00Z,2022-01-21T00:00:00Z,FALSE,NA,152225,1000,a,NA,a,FALSE,2025-04-28 19:33:34 UTC,2025-04-28 19:33:34 UTC,NA,https://law.marquette.edu/poll/wp-content/uploads/2022/01/MLSPSC06Toplines.html,NA,https://law.marquette.edu/poll/wp-content/uploads/2022/01/MLSPSC06Toplines.html,https://www.dropbox.com/s/9k9o3zhsp36elit/MLSPSC06Crosstabs.html?dl=1,Congress,28,71,1
78338,320,Monmouth,,NA,NA,NA,NA,Monmouth University Polling Institute,Live Phone,NA,2022-01-20T00:00:00Z,2022-01-24T00:00:00Z,FALSE,NA,152172,794,a,NA,a,FALSE,2025-04-28 19:33:08 UTC,2025-04-28 19:33:08 UTC,NA,https://www.monmouth.edu/polling-institute/reports/MonmouthPoll_US_012622/,https://www.monmouth.edu/polling-institute/reports/MonmouthPoll_US_012622/,NA,https://www.monmouth.edu/polling-institute/documents/monmouthpoll_us_012622.pdf/,Congress,19,74,6
78338,320,Monmouth,,NA,NA,NA,NA,Monmouth University Polling Institute,Live Phone,NA,2022-01-20T00:00:00Z,2022-01-24T00:00:00Z,FALSE,NA,152173,735,rv,NA,rv,FALSE,2025-04-28 19:33:08 UTC,2025-04-28 19:33:08 UTC,NA,https://www.monmouth.edu/polling-institute/reports/MonmouthPoll_US_012622/,https://www.monmouth.edu/polling-institute/reports/MonmouthPoll_US_012622/,NA,https://www.monmouth.edu/polling-institute/documents/monmouthpoll_us_012622.pdf/,Congress,18,76,6
78334,568,YouGov,,The Economist,NA,NA,NA,YouGov,Online Matched Sample,NA,2022-01-22T00:00:00Z,2022-01-25T00:00:00Z,FALSE,NA,152145,1160,rv,NA,rv,FALSE,2025-04-28 19:33:33 UTC,2025-04-28 19:33:33 UTC,NA,https://docs.cdn.yougov.com/w6rek2s6zg/econTabReport.pdf,NA,NA,https://docs.cdn.yougov.com/w6rek2s6zg/econTabReport.pdf,Congress,15,64,20
78334,568,YouGov,,The Economist,NA,NA,NA,YouGov,Online Matched Sample,NA,2022-01-22T00:00:00Z,2022-01-25T00:00:00Z,FALSE,NA,152144,1500,a,NA,a,FALSE,2025-04-28 19:33:33 UTC,2025-04-28 19:33:33 UTC,NA,https://docs.cdn.yougov.com/msj0jl4o2x/econToplines.pdf,NA,https://docs.cdn.yougov.com/msj0jl4o2x/econToplines.pdf,https://docs.cdn.yougov.com/w6rek2s6zg/econTabReport.pdf,Congress,14,59,26
78377,568,YouGov,,The Economist,NA,NA,NA,YouGov,Online Matched Sample,NA,2022-01-29T00:00:00Z,2022-02-01T00:00:00Z,FALSE,NA,152367,1160,rv,NA,rv,FALSE,2025-04-28 19:33:34 UTC,2025-04-28 19:33:34 UTC,NA,https://docs.cdn.yougov.com/9uqg6clnvr/econTabReport.pdf,NA,NA,https://docs.cdn.yougov.com/9uqg6clnvr/econTabReport.pdf,Congress,18,58,24
78377,568,YouGov,,The Economist,NA,NA,NA,YouGov,Online Matched Sample,NA,2022-01-29T00:00:00Z,2022-02-01T00:00:00Z,FALSE,NA,152366,1500,a,NA,a,FALSE,2025-04-28 19:33:08 UTC,2025-04-28 19:33:08 UTC,NA,https://docs.cdn.yougov.com/o2uq4b0h68/econToplines.pdf,NA,https://docs.cdn.yougov.com/o2uq4b0h68/econToplines.pdf,https://docs.cdn.yougov.com/9uqg6clnvr/econTabReport.pdf,Congress,16,55,29
78412,568,YouGov,,The Economist,NA,NA,NA,YouGov,Online Matched Sample,NA,2022-02-05T00:00:00Z,2022-02-08T00:00:00Z,FALSE,NA,152519,1500,a,NA,a,FALSE,2025-04-28 19:33:35 UTC,2025-04-28 19:33:35 UTC,NA,https://docs.cdn.yougov.com/i8sxn720xf/econToplines.pdf,NA,https://docs.cdn.yougov.com/i8sxn720xf/econToplines.pdf,https://docs.cdn.yougov.com/npwlx2cq4r/econTabReport.pdf,Congress,16,53,31
78412,568,YouGov,,The Economist,NA,NA,NA,YouGov,Online Matched Sample,NA,2022-02-05T00:00:00Z,2022-02-08T00:00:00Z,FALSE,NA,152520,1160,rv,NA,rv,FALSE,2025-04-28 19:33:35 UTC,2025-04-28 19:33:35 UTC,NA,https://docs.cdn.yougov.com/npwlx2cq4r/econTabReport.pdf,NA,NA,https://docs.cdn.yougov.com/npwlx2cq4r/econTabReport.pdf,Congress,17,58,26
78515,379,Public Opinion Strategies,,Citizens for Responsible Energy Solutions,NA,NA,NA,Public Opinion Strategies,Online Opt-In Panel,NA,2022-02-04T00:00:00Z,2022-02-08T00:00:00Z,FALSE,REP,153108,1000,rv,NA,rv,FALSE,2025-04-28 19:33:11 UTC,2025-04-28 19:33:11 UTC,NA,https://cresenergy.com/pressreleases/poll-voters-support-commonsense-all-the-above-energy-policies-championed-by-republicans/,https://cresenergy.com/pressreleases/poll-voters-support-commonsense-all-the-above-energy-policies-championed-by-republicans/,https://cresenergy.com/wp-content/uploads/2022/02/2_28_2022-CRES-National-Survey-Public-Deck-2.pdf,NA,Congress,24,69,0
78443,568,YouGov,,The Economist,NA,NA,NA,YouGov,Online Matched Sample,NA,2022-02-12T00:00:00Z,2022-02-15T00:00:00Z,FALSE,NA,152695,1500,a,NA,a,FALSE,2025-04-28 19:33:12 UTC,2025-04-28 19:33:12 UTC,NA,https://twitter.com/YouGovAmerica/status/1493949054325334024,https://twitter.com/YouGovAmerica/status/1493949054325334024,https://docs.cdn.yougov.com/vtm70v61hq/econToplines.pdf,https://docs.cdn.yougov.com/mfe5ie0pbd/econTabReport.pdf,Congress,14,55,31
78443,568,YouGov,,The Economist,NA,NA,NA,YouGov,Online Matched Sample,NA,2022-02-12T00:00:00Z,2022-02-15T00:00:00Z,FALSE,NA,152696,1160,rv,NA,rv,FALSE,2025-04-28 19:33:12 UTC,2025-04-28 19:33:12 UTC,NA,https://docs.cdn.yougov.com/mfe5ie0pbd/econTabReport.pdf,NA,NA,https://docs.cdn.yougov.com/mfe5ie0pbd/econTabReport.pdf,Congress,15,62,24
78467,169,Gallup,,NA,NA,NA,NA,Gallup,Live Phone,NA,2022-02-01T00:00:00Z,2022-02-17T00:00:00Z,FALSE,NA,152857,1008,a,NA,a,FALSE,2025-04-28 19:33:13 UTC,2025-04-28 19:33:13 UTC,NA,https://news.gallup.com/poll/1600/congress-public.aspx,https://news.gallup.com/poll/1600/congress-public.aspx,NA,NA,Congress,20,75,5
78503,458,Suffolk,,USA Today,NA,NA,NA,Suffolk University,Live Phone,NA,2022-02-16T00:00:00Z,2022-02-20T00:00:00Z,FALSE,NA,153017,1000,rv,NA,rv,FALSE,2025-04-28 19:33:09 UTC,2025-04-28 19:33:09 UTC,NA,https://www.suffolk.edu/-/media/suffolk/documents/academics/research-at-suffolk/suprc/polls/national/2022/02_28_2022_complete_marginals.pdf,NA,https://www.suffolk.edu/-/media/suffolk/documents/academics/research-at-suffolk/suprc/polls/national/2022/02_28_2022_complete_marginals.pdf,https://www.suffolk.edu/-/media/suffolk/documents/academics/research-at-suffolk/suprc/polls/national/2022/02_28_2022_complete_tables.pdf,Congress,14.7,74.5,10.8
78493,1597,Beacon/Shaw,,Fox News,NA,NA,NA,Beacon Research/Shaw & Co. Research,Live Phone,NA,2022-02-19T00:00:00Z,2022-02-22T00:00:00Z,FALSE,NA,152983,1001,rv,NA,rv,FALSE,2025-04-28 19:33:09 UTC,2025-04-28 19:33:09 UTC,NA,https://www.foxnews.com/politics/fox-news-poll-republicans-maintain-advantage-generic-midterm-ballot,https://www.foxnews.com/politics/fox-news-poll-republicans-maintain-advantage-generic-midterm-ballot,https://static.foxnews.com/foxnews.com/content/uploads/2022/02/c7a725e6-Fox_February-19-22-2022_National_Topline_February-25-Release.pdf,https://static.foxnews.com/foxnews.com/content/uploads/2022/02/6cfc5b14-February-19-22-2022_Cross-Tabs_February-25-Release.pdf,Congress,40,56,4
78475,568,YouGov,,The Economist,NA,NA,NA,YouGov,Online Matched Sample,NA,2022-02-19T00:00:00Z,2022-02-22T00:00:00Z,FALSE,NA,152854,1500,a,NA,a,FALSE,2025-04-28 19:33:36 UTC,2025-04-28 19:33:36 UTC,NA,https://docs.cdn.yougov.com/af2sfv6t42/econToplines.pdf,NA,https://docs.cdn.yougov.com/af2sfv6t42/econToplines.pdf,https://docs.cdn.yougov.com/4bmkoc0k8o/econTabReport.pdf,Congress,17,54,29
78475,568,YouGov,,The Economist,NA,NA,NA,YouGov,Online Matched Sample,NA,2022-02-19T00:00:00Z,2022-02-22T00:00:00Z,FALSE,NA,152855,1160,rv,NA,rv,FALSE,2025-04-28 19:33:36 UTC,2025-04-28 19:33:36 UTC,NA,https://docs.cdn.yougov.com/4bmkoc0k8o/econTabReport.pdf,NA,NA,https://docs.cdn.yougov.com/4bmkoc0k8o/econTabReport.pdf,Congress,18,58,24
78495,1697,Bullfinch,,NA,NA,NA,NA,The Bullfinch Group,Online Opt-In Panel,NA,2022-02-19T00:00:00Z,2022-02-23T00:00:00Z,FALSE,NA,152962,1044,rv,NA,rv,FALSE,2025-04-28 19:33:35 UTC,2025-04-28 19:33:35 UTC,NA,https://www.thebullfinchgroup.com/post/public-release-of-bullfinch-q1-nationwide-survey,https://www.thebullfinchgroup.com/post/public-release-of-bullfinch-q1-nationwide-survey,NA,NA,Congress,32,57,11
78495,1697,Bullfinch,,NA,NA,NA,NA,The Bullfinch Group,Online Opt-In Panel,NA,2022-02-19T00:00:00Z,2022-02-23T00:00:00Z,FALSE,NA,152961,1247,a,NA,a,FALSE,2025-04-28 19:33:35 UTC,2025-04-28 19:33:35 UTC,NA,https://www.thebullfinchgroup.com/post/public-release-of-bullfinch-q1-nationwide-survey,https://www.thebullfinchgroup.com/post/public-release-of-bullfinch-q1-nationwide-survey,NA,NA,Congress,31,56,13
78499,1508,Harris Poll,,Harvard University Center for American Political Studies,NA,NA,NA,Harris Poll,Online Opt-In Panel,NA,2022-02-23T00:00:00Z,2022-02-24T00:00:00Z,FALSE,NA,152982,2026,rv,NA,rv,FALSE,2025-04-28 19:33:14 UTC,2025-04-28 19:33:14 UTC,NA,https://mcusercontent.com/ca678077bc522bd7bd74bacbf/files/a7e91458-499d-d0b4-70c5-192fa4bba67f/HHP_Feb_2022_Final_Deck_002_.pdf,https://mcusercontent.com/ca678077bc522bd7bd74bacbf/files/a7e91458-499d-d0b4-70c5-192fa4bba67f/HHP_Feb_2022_Final_Deck_002_.pdf,http://harvardharrispoll.com/wp-content/uploads/2022/03/CAPS-HHP_February2022_Topline.pdf,http://harvardharrispoll.com/wp-content/uploads/2022/03/CAPS-HHP_February022_Crosstabs.pdf,Congress,30,61,10
78507,568,YouGov,,Yahoo News,NA,NA,NA,YouGov,Online Matched Sample,NA,2022-02-24T00:00:00Z,2022-02-27T00:00:00Z,FALSE,NA,153079,1169,rv,NA,rv,FALSE,2025-04-28 19:33:10 UTC,2025-04-28 19:33:10 UTC,NA,https://docs.cdn.yougov.com/wz7s6w9c7e/20220228_yahoo_tabs.pdf,NA,NA,https://docs.cdn.yougov.com/wz7s6w9c7e/20220228_yahoo_tabs.pdf,Congress,13,63,23
78507,568,YouGov,,Yahoo News,NA,NA,NA,YouGov,Online Matched Sample,NA,2022-02-24T00:00:00Z,2022-02-27T00:00:00Z,FALSE,NA,153078,1532,a,NA,a,FALSE,2025-04-28 19:33:10 UTC,2025-04-28 19:33:10 UTC,NA,https://docs.cdn.yougov.com/lw90j54t5d/20220228_yahoo_toplines.pdf,NA,https://docs.cdn.yougov.com/lw90j54t5d/20220228_yahoo_toplines.pdf,https://docs.cdn.yougov.com/wz7s6w9c7e/20220228_yahoo_tabs.pdf,Congress,14,58,29
78521,568,YouGov,,The Economist,NA,NA,NA,YouGov,Online Matched Sample,NA,2022-02-26T00:00:00Z,2022-03-01T00:00:00Z,FALSE,NA,153138,1500,a,NA,a,FALSE,2025-04-28 19:33:36 UTC,2025-04-28 19:33:36 UTC,NA,https://docs.cdn.yougov.com/omtmdczu48/econToplines.pdf,NA,https://docs.cdn.yougov.com/omtmdczu48/econToplines.pdf,https://docs.cdn.yougov.com/aa58ig9d3b/econTabReport.pdf,Congress,18,51,30
78521,568,YouGov,,The Economist,NA,NA,NA,YouGov,Online Matched Sample,NA,2022-02-26T00:00:00Z,2022-03-01T00:00:00Z,FALSE,NA,153139,1160,rv,NA,rv,FALSE,2025-04-28 19:33:36 UTC,2025-04-28 19:33:36 UTC,NA,https://docs.cdn.yougov.com/aa58ig9d3b/econTabReport.pdf,NA,NA,https://docs.cdn.yougov.com/aa58ig9d3b/econTabReport.pdf,Congress,18,56,26
78683,1690,"Cor Services, Inc.",,Foundation for Government Accountability,NA,NA,NA,Cor Services,IVR,NA,2022-03-01T00:00:00Z,2022-03-03T00:00:00Z,FALSE,NA,154238,524,lv,NA,lv,FALSE,2025-04-28 19:33:14 UTC,2025-04-28 19:33:14 UTC,NA,https://excellenceinpolling.com/public_poll/2022-national-quarter-1-tracking-poll/,https://excellenceinpolling.com/public_poll/2022-national-quarter-1-tracking-poll/,https://excellenceinpolling.com/wp-content/uploads/2022/03/2022-Q1-Tracking-Poll-crosstabs-3-4-22.pdf,NA,Congress,28,55,17
78551,568,YouGov,,The Economist,NA,NA,NA,YouGov,Online Matched Sample,NA,2022-03-05T00:00:00Z,2022-03-08T00:00:00Z,FALSE,NA,153519,1500,a,NA,a,FALSE,2025-04-28 19:33:13 UTC,2025-04-28 19:33:13 UTC,NA,https://docs.cdn.yougov.com/nnyqh3ib1d/econToplines.pdf,NA,https://docs.cdn.yougov.com/nnyqh3ib1d/econToplines.pdf,https://docs.cdn.yougov.com/qtaw15lnp8/econTabReport.pdf,Congress,17,52,31
78551,568,YouGov,,The Economist,NA,NA,NA,YouGov,Online Matched Sample,NA,2022-03-05T00:00:00Z,2022-03-08T00:00:00Z,FALSE,NA,153520,1160,rv,NA,rv,FALSE,2025-04-28 19:33:13 UTC,2025-04-28 19:33:13 UTC,NA,https://docs.cdn.yougov.com/qtaw15lnp8/econTabReport.pdf,NA,NA,https://docs.cdn.yougov.com/qtaw15lnp8/econTabReport.pdf,Congress,18,55,27
78594,320,Monmouth,,NA,NA,NA,NA,Monmouth University Polling Institute,Live Phone,NA,2022-03-10T00:00:00Z,2022-03-14T00:00:00Z,FALSE,NA,153724,809,a,NA,a,FALSE,2025-04-28 19:33:14 UTC,2025-04-28 19:33:14 UTC,NA,https://www.monmouth.edu/polling-institute/reports/MonmouthPoll_US_031722/,https://www.monmouth.edu/polling-institute/reports/MonmouthPoll_US_031722/,NA,https://www.monmouth.edu/polling-institute/documents/monmouthpoll_us_031722.pdf/,Congress,21,71,8
78594,320,Monmouth,,NA,NA,NA,NA,Monmouth University Polling Institute,Live Phone,NA,2022-03-10T00:00:00Z,2022-03-14T00:00:00Z,FALSE,NA,153725,746,rv,NA,rv,FALSE,2025-04-28 19:33:14 UTC,2025-04-28 19:33:14 UTC,NA,https://www.monmouth.edu/polling-institute/reports/MonmouthPoll_US_031722/,https://www.monmouth.edu/polling-institute/reports/MonmouthPoll_US_031722/,NA,https://www.monmouth.edu/polling-institute/documents/monmouthpoll_us_031722.pdf/,Congress,20,72,8
78579,568,YouGov,,The Economist,NA,NA,NA,YouGov,Online Matched Sample,NA,2022-03-12T00:00:00Z,2022-03-15T00:00:00Z,FALSE,NA,153672,1500,a,NA,a,FALSE,2025-04-28 19:33:36 UTC,2025-04-28 19:33:36 UTC,NA,https://docs.cdn.yougov.com/2g5l01eto4/econToplines.pdf,NA,https://docs.cdn.yougov.com/2g5l01eto4/econToplines.pdf,https://docs.cdn.yougov.com/bbui2643wn/econTabReport.pdf,Congress,16,55,28
78579,568,YouGov,,The Economist,NA,NA,NA,YouGov,Online Matched Sample,NA,2022-03-12T00:00:00Z,2022-03-15T00:00:00Z,FALSE,NA,153673,1160,rv,NA,rv,FALSE,2025-04-28 19:33:36 UTC,2025-04-28 19:33:36 UTC,NA,https://docs.cdn.yougov.com/bbui2643wn/econTabReport.pdf,NA,NA,https://docs.cdn.yougov.com/bbui2643wn/econTabReport.pdf,Congress,17,59,24
78643,169,Gallup,,NA,NA,NA,NA,Gallup,Live Phone,NA,2022-03-01T00:00:00Z,2022-03-18T00:00:00Z,FALSE,NA,154354,1017,a,NA,a,FALSE,2025-04-28 19:33:14 UTC,2025-04-28 19:33:14 UTC,NA,https://news.gallup.com/poll/391355/congressional-approval-remains-low-march.aspx,https://news.gallup.com/poll/391355/congressional-approval-remains-low-march.aspx,NA,NA,Congress,21,76,3
78647,568,YouGov,,The Economist,NA,NA,NA,YouGov,Online Matched Sample,NA,2022-03-19T00:00:00Z,2022-03-22T00:00:00Z,FALSE,NA,154036,1500,a,NA,a,FALSE,2025-04-28 19:33:14 UTC,2025-04-28 19:33:14 UTC,NA,https://docs.cdn.yougov.com/joqdn4nhky/econToplines.pdf,NA,https://docs.cdn.yougov.com/joqdn4nhky/econToplines.pdf,https://docs.cdn.yougov.com/l8ynsbxwgl/econTabReport.pdf,Congress,19,50,30
78647,568,YouGov,,The Economist,NA,NA,NA,YouGov,Online Matched Sample,NA,2022-03-19T00:00:00Z,2022-03-22T00:00:00Z,FALSE,NA,154037,1160,rv,NA,rv,FALSE,2025-04-28 19:33:36 UTC,2025-04-28 19:33:36 UTC,NA,https://docs.cdn.yougov.com/l8ynsbxwgl/econTabReport.pdf,NA,NA,https://docs.cdn.yougov.com/l8ynsbxwgl/econTabReport.pdf,Congress,20,56,24
78679,1508,Harris Poll,,Harvard University Center for American Political Studies,NA,NA,NA,Harris Poll,Online Opt-In Panel,NA,2022-03-23T00:00:00Z,2022-03-24T00:00:00Z,FALSE,NA,154207,1990,rv,NA,rv,FALSE,2025-04-28 19:33:14 UTC,2025-04-28 19:33:14 UTC,NA,https://mcusercontent.com/ca678077bc522bd7bd74bacbf/files/8268fbf4-a318-713b-ed6e-8c25f5df1f41/HHP_March2022_FinalEdited.pdf,https://mcusercontent.com/ca678077bc522bd7bd74bacbf/files/8268fbf4-a318-713b-ed6e-8c25f5df1f41/HHP_March2022_FinalEdited.pdf,http://harvardharrispoll.com/wp-content/uploads/2022/03/CAPS_HHP_March2022_Topline.pdf,http://harvardharrispoll.com/wp-content/uploads/2022/03/CAPS_HHP_March2022_Crosstabs.pdf,Congress,34,58,9
78685,568,YouGov,,The Economist,NA,NA,NA,YouGov,Online Matched Sample,NA,2022-03-26T00:00:00Z,2022-03-29T00:00:00Z,FALSE,NA,154276,1500,a,NA,a,FALSE,2025-04-28 19:33:14 UTC,2025-04-28 19:33:14 UTC,NA,https://docs.cdn.yougov.com/4qdxtvqetg/econToplines.pdf,NA,https://docs.cdn.yougov.com/4qdxtvqetg/econToplines.pdf,https://docs.cdn.yougov.com/3ixnq9227y/econTabReport.pdf,Congress,16,55,30
78685,568,YouGov,,The Economist,NA,NA,NA,YouGov,Online Matched Sample,NA,2022-03-26T00:00:00Z,2022-03-29T00:00:00Z,FALSE,NA,154277,1160,rv,NA,rv,FALSE,2025-04-28 19:33:14 UTC,2025-04-28 19:33:14 UTC,NA,https://docs.cdn.yougov.com/3ixnq9227y/econTabReport.pdf,NA,NA,https://docs.cdn.yougov.com/3ixnq9227y/econTabReport.pdf,Congress,16,59,26
78718,568,YouGov,,The Economist,NA,NA,NA,YouGov,Online Matched Sample,NA,2022-04-02T00:00:00Z,2022-04-05T00:00:00Z,FALSE,NA,154453,1500,a,NA,a,FALSE,2025-04-28 19:33:37 UTC,2025-04-28 19:33:37 UTC,NA,https://docs.cdn.yougov.com/bntehkvg1p/econToplines.pdf,NA,https://docs.cdn.yougov.com/bntehkvg1p/econToplines.pdf,https://docs.cdn.yougov.com/sjgq52uivh/econTabReport.pdf,Congress,17,55,28
78718,568,YouGov,,The Economist,NA,NA,NA,YouGov,Online Matched Sample,NA,2022-04-02T00:00:00Z,2022-04-05T00:00:00Z,FALSE,NA,154454,1160,rv,NA,rv,FALSE,2025-04-28 19:33:37 UTC,2025-04-28 19:33:37 UTC,NA,https://docs.cdn.yougov.com/sjgq52uivh/econTabReport.pdf,NA,NA,https://docs.cdn.yougov.com/sjgq52uivh/econTabReport.pdf,Congress,17,60,24
78754,568,YouGov,,The Economist,NA,NA,NA,YouGov,Online Matched Sample,NA,2022-04-09T00:00:00Z,2022-04-12T00:00:00Z,FALSE,NA,154635,1160,rv,NA,rv,FALSE,2025-04-28 19:33:40 UTC,2025-04-28 19:33:40 UTC,NA,https://docs.cdn.yougov.com/v29gmo3oqg/econTabReport%20%282%29.pdf,NA,NA,https://docs.cdn.yougov.com/v29gmo3oqg/econTabReport%20%282%29.pdf,Congress,21,57,22
78754,568,YouGov,,The Economist,NA,NA,NA,YouGov,Online Matched Sample,NA,2022-04-09T00:00:00Z,2022-04-12T00:00:00Z,FALSE,NA,154634,1500,a,NA,a,FALSE,2025-04-28 19:33:37 UTC,2025-04-28 19:33:37 UTC,NA,https://docs.cdn.yougov.com/3gmmhwtyj0/econToplines.pdf,NA,https://docs.cdn.yougov.com/3gmmhwtyj0/econToplines.pdf,https://docs.cdn.yougov.com/v29gmo3oqg/econTabReport%20%282%29.pdf,Congress,20,52,28
78782,568,YouGov,,The Economist,NA,NA,NA,YouGov,Online Matched Sample,NA,2022-04-16T00:00:00Z,2022-04-19T00:00:00Z,FALSE,NA,154730,1500,a,NA,a,FALSE,2025-04-28 19:33:37 UTC,2025-04-28 19:33:37 UTC,NA,https://docs.cdn.yougov.com/cx9lo3h9rg/econToplines.pdf,NA,https://docs.cdn.yougov.com/cx9lo3h9rg/econToplines.pdf,https://docs.cdn.yougov.com/9itq17lrr3/econTabReport.pdf,Congress,19,56,26
78801,169,Gallup,,NA,NA,NA,NA,Gallup,Live Phone,NA,2022-04-01T00:00:00Z,2022-04-19T00:00:00Z,FALSE,NA,155344,1018,a,NA,a,FALSE,2025-04-28 19:33:18 UTC,2025-04-28 19:33:18 UTC,NA,https://news.gallup.com/poll/1600/congress-public.aspx,https://news.gallup.com/poll/1600/congress-public.aspx,NA,NA,Congress,20,76,4
78782,568,YouGov,,The Economist,NA,NA,NA,YouGov,Online Matched Sample,NA,2022-04-16T00:00:00Z,2022-04-19T00:00:00Z,FALSE,NA,154731,1258,rv,NA,rv,FALSE,2025-04-28 19:33:40 UTC,2025-04-28 19:33:40 UTC,NA,https://docs.cdn.yougov.com/cx9lo3h9rg/econToplines.pdf,NA,https://docs.cdn.yougov.com/cx9lo3h9rg/econToplines.pdf,https://docs.cdn.yougov.com/9itq17lrr3/econTabReport.pdf,Congress,19,61,20
78807,1508,Harris Poll,,Harvard University Center for American Political Studies,NA,NA,NA,Harris Poll,Online Opt-In Panel,NA,2022-04-20T00:00:00Z,2022-04-21T00:00:00Z,FALSE,NA,154858,1966,rv,NA,rv,FALSE,2025-04-28 19:33:16 UTC,2025-04-28 19:33:16 UTC,NA,https://harvardharrispoll.com/key-results-april/,https://harvardharrispoll.com/key-results-april/,https://harvardharrispoll.com/wp-content/uploads/2022/04/HHP_April2022_Topline.pdf,https://harvardharrispoll.com/wp-content/uploads/2022/05/HHP_April2022_Crosstabs.pdf,Congress,34,57,9
78843,568,YouGov,,The Economist,NA,NA,NA,YouGov,Online Matched Sample,NA,2022-04-26T00:00:00Z,2022-04-27T00:00:00Z,FALSE,NA,155011,1334,rv,NA,rv,FALSE,2025-04-28 19:33:40 UTC,2025-04-28 19:33:40 UTC,NA,https://docs.cdn.yougov.com/6tarkt5kkk/econoplines.pdf,NA,https://docs.cdn.yougov.com/6tarkt5kkk/econoplines.pdf,https://docs.cdn.yougov.com/fj2j7o3ojc/econTabReport.pdf,Congress,19,60,21
78843,568,YouGov,,The Economist,NA,NA,NA,YouGov,Online Matched Sample,NA,2022-04-26T00:00:00Z,2022-04-27T00:00:00Z,FALSE,NA,155010,1500,a,NA,a,FALSE,2025-04-28 19:33:40 UTC,2025-04-28 19:33:40 UTC,NA,https://docs.cdn.yougov.com/6tarkt5kkk/econoplines.pdf,NA,https://docs.cdn.yougov.com/6tarkt5kkk/econoplines.pdf,https://docs.cdn.yougov.com/fj2j7o3ojc/econTabReport.pdf,Congress,19,54,27
78870,1597,Beacon/Shaw,,Fox News,NA,NA,NA,Beacon Research/Shaw & Co. Research,Live Phone,NA,2022-04-28T00:00:00Z,2022-05-01T00:00:00Z,FALSE,NA,155179,1003,rv,NA,rv,FALSE,2025-04-28 19:33:16 UTC,2025-04-28 19:33:16 UTC,NA,https://www.foxnews.com/official-polls/05-03-22-fox-news-poll-voters-are-most-worried-about-inflation-and-the-countrys-future,https://www.foxnews.com/official-polls/05-03-22-fox-news-poll-voters-are-most-worried-about-inflation-and-the-countrys-future,https://static.foxnews.com/foxnews.com/content/uploads/2022/05/Fox_April-28-May-1-2022_National_Topline_May-3-Release.pdf,https://static.foxnews.com/foxnews.com/content/uploads/2022/05/Fox_April-28-May-1-2022_National_Cross-Tabs_May-3-Release.pdf,Congress,26,66,7
78874,568,YouGov,,The Economist,NA,NA,NA,YouGov,Online Matched Sample,NA,2022-04-30T00:00:00Z,2022-05-03T00:00:00Z,FALSE,NA,155242,1500,a,NA,a,FALSE,2025-04-28 19:33:16 UTC,2025-04-28 19:33:16 UTC,NA,https://docs.cdn.yougov.com/njqw3o8bdb/econoplines.pdf,NA,https://docs.cdn.yougov.com/njqw3o8bdb/econoplines.pdf,https://docs.cdn.yougov.com/vbhhojqsfe/econTabReport.pdf,Congress,19,54,26
78874,568,YouGov,,The Economist,NA,NA,NA,YouGov,Online Matched Sample,NA,2022-04-30T00:00:00Z,2022-05-03T00:00:00Z,FALSE,NA,155243,1160,rv,NA,rv,FALSE,2025-04-28 19:33:40 UTC,2025-04-28 19:33:40 UTC,NA,https://docs.cdn.yougov.com/vbhhojqsfe/econTabReport.pdf,NA,NA,https://docs.cdn.yougov.com/vbhhojqsfe/econTabReport.pdf,Congress,20,59,21
79017,568,YouGov,,NA,NA,NA,NA,YouGov,Online Matched Sample,NA,2022-05-04T00:00:00Z,2022-05-08T00:00:00Z,FALSE,NA,155772,1000,a,NA,a,FALSE,2025-04-28 19:33:21 UTC,2025-04-28 19:33:21 UTC,NA,https://docs.cdn.yougov.com/ltrb2fwcvp/toplines_Abortion%20Opinions.pdf,NA,https://docs.cdn.yougov.com/ltrb2fwcvp/toplines_Abortion%20Opinions.pdf,https://docs.cdn.yougov.com/9o1ekkb2f3/crosstabs_Abortion%20Opinions.pdf,Congress,16,57,28
78951,320,Monmouth,,NA,NA,NA,NA,Monmouth University Polling Institute,Live Phone,NA,2022-05-05T00:00:00Z,2022-05-09T00:00:00Z,FALSE,NA,155470,807,a,NA,a,FALSE,2025-04-28 19:33:19 UTC,2025-04-28 19:33:19 UTC,NA,https://www.monmouth.edu/polling-institute/reports/MonmouthPoll_US_051222/,https://www.monmouth.edu/polling-institute/reports/MonmouthPoll_US_051222/,NA,https://www.monmouth.edu/polling-institute/documents/monmouthpoll_us_051222.pdf/,Congress,15,77,8
78960,1888,UMass Amherst/YouGov,,WCVB-TV (Boston),NA,NA,NA,University of Massachusetts Department of Political Science/YouGov,Online Matched Sample,NA,2022-05-05T00:00:00Z,2022-05-09T00:00:00Z,FALSE,NA,155526,1000,a,NA,a,FALSE,2025-04-28 19:33:19 UTC,2025-04-28 19:33:19 UTC,NA,https://polsci.umass.edu/toplines-and-crosstabs-may-2022-biden-support-ukraine,https://polsci.umass.edu/toplines-and-crosstabs-may-2022-biden-support-ukraine,https://polsci.umass.edu/sites/default/files/BidenUkraineToplinesMay2022.pdf,https://polsci.umass.edu/sites/default/files/BidenUkraineCrosstabs.pdf,Congress,19,67,14
78951,320,Monmouth,,NA,NA,NA,NA,Monmouth University Polling Institute,Live Phone,NA,2022-05-05T00:00:00Z,2022-05-09T00:00:00Z,FALSE,NA,155471,751,rv,NA,rv,FALSE,2025-04-28 19:33:19 UTC,2025-04-28 19:33:19 UTC,NA,https://www.monmouth.edu/polling-institute/reports/MonmouthPoll_US_051222/,https://www.monmouth.edu/polling-institute/reports/MonmouthPoll_US_051222/,NA,https://www.monmouth.edu/polling-institute/documents/monmouthpoll_us_051222.pdf/,Congress,16,77,7
78931,568,YouGov,,The Economist,NA,NA,NA,YouGov,Online Matched Sample,NA,2022-05-08T00:00:00Z,2022-05-10T00:00:00Z,FALSE,NA,155402,1500,a,NA,a,FALSE,2025-04-28 19:33:19 UTC,2025-04-28 19:33:19 UTC,NA,https://docs.cdn.yougov.com/7mggbvtur9/econtoplines.pdf,NA,https://docs.cdn.yougov.com/7mggbvtur9/econtoplines.pdf,https://docs.cdn.yougov.com/o1zu29c4cp/econTabReport.pdf,Congress,16,58,25
78931,568,YouGov,,The Economist,NA,NA,NA,YouGov,Online Matched Sample,NA,2022-05-08T00:00:00Z,2022-05-10T00:00:00Z,FALSE,NA,155403,1358,rv,NA,rv,FALSE,2025-04-28 19:33:19 UTC,2025-04-28 19:33:19 UTC,NA,https://docs.cdn.yougov.com/o1zu29c4cp/econTabReport.pdf,NA,NA,https://docs.cdn.yougov.com/o1zu29c4cp/econTabReport.pdf,Congress,16,64,21
78966,1697,Bullfinch,,NA,NA,NA,NA,The Bullfinch Group,Online Opt-In Panel,NA,2022-05-12T00:00:00Z,2022-05-16T00:00:00Z,FALSE,NA,155515,1000,rv,NA,rv,FALSE,2025-04-28 19:33:19 UTC,2025-04-28 19:33:19 UTC,NA,https://www.thebullfinchgroup.com/post/public-release-of-bullfinch-q2-nationwide-survey,https://www.thebullfinchgroup.com/post/public-release-of-bullfinch-q2-nationwide-survey,NA,NA,Congress,34,59,8
78966,1697,Bullfinch,,NA,NA,NA,NA,The Bullfinch Group,Online Opt-In Panel,NA,2022-05-12T00:00:00Z,2022-05-16T00:00:00Z,FALSE,NA,155514,1200,a,NA,a,FALSE,2025-04-28 19:33:19 UTC,2025-04-28 19:33:19 UTC,NA,https://www.thebullfinchgroup.com/post/public-release-of-bullfinch-q2-nationwide-survey,https://www.thebullfinchgroup.com/post/public-release-of-bullfinch-q2-nationwide-survey,NA,NA,Congress,32,57,10
78976,568,YouGov,,The Economist,NA,NA,NA,YouGov,Online Matched Sample,NA,2022-05-15T00:00:00Z,2022-05-17T00:00:00Z,FALSE,NA,155597,1338,rv,NA,rv,FALSE,2025-04-28 19:33:20 UTC,2025-04-28 19:33:20 UTC,NA,https://docs.cdn.yougov.com/8ew54v1ohy/econTabReport.pdf,NA,NA,https://docs.cdn.yougov.com/8ew54v1ohy/econTabReport.pdf,Congress,18,58,24
78976,568,YouGov,,The Economist,NA,NA,NA,YouGov,Online Matched Sample,NA,2022-05-15T00:00:00Z,2022-05-17T00:00:00Z,FALSE,NA,155596,1500,a,NA,a,FALSE,2025-04-28 19:33:20 UTC,2025-04-28 19:33:20 UTC,NA,https://docs.cdn.yougov.com/yv0izk3dxm/econtoplines.pdf,NA,https://docs.cdn.yougov.com/yv0izk3dxm/econtoplines.pdf,https://docs.cdn.yougov.com/8ew54v1ohy/econTabReport.pdf,Congress,17,55,29
79016,1508,Harris Poll,,Harvard University Center for American Political Studies,NA,NA,NA,Harris Poll,Online Opt-In Panel,NA,2022-05-18T00:00:00Z,2022-05-19T00:00:00Z,FALSE,NA,155794,1963,rv,NA,rv,FALSE,2025-04-28 19:33:40 UTC,2025-04-28 19:33:40 UTC,NA,https://harvardharrispoll.com/key-results-may/,https://harvardharrispoll.com/key-results-may/,https://harvardharrispoll.com/wp-content/uploads/2022/05/May2022_HHP_Topline.pdf,https://harvardharrispoll.com/wp-content/uploads/2022/05/May2022_HHP_Crosstabs.pdf,Congress,30,61,9
79019,169,Gallup,,NA,NA,NA,NA,Gallup,Live Phone,NA,2022-05-02T00:00:00Z,2022-05-22T00:00:00Z,FALSE,NA,155793,1007,a,NA,a,FALSE,2025-04-28 19:33:21 UTC,2025-04-28 19:33:21 UTC,NA,https://news.gallup.com/poll/393038/satisfaction-dips-biden-approval-steady.aspx,https://news.gallup.com/poll/393038/satisfaction-dips-biden-approval-steady.aspx,NA,NA,Congress,18,77,5
79021,568,YouGov,,The Economist,NA,NA,NA,YouGov,Online Matched Sample,NA,2022-05-21T00:00:00Z,2022-05-24T00:00:00Z,FALSE,NA,155838,1160,rv,NA,rv,FALSE,2025-04-28 19:33:21 UTC,2025-04-28 19:33:21 UTC,NA,https://docs.cdn.yougov.com/d4z846zymi/econTabReport.pdf,NA,NA,https://docs.cdn.yougov.com/d4z846zymi/econTabReport.pdf,Congress,16,60,23
79021,568,YouGov,,The Economist,NA,NA,NA,YouGov,Online Matched Sample,NA,2022-05-21T00:00:00Z,2022-05-24T00:00:00Z,FALSE,NA,155837,1500,a,NA,a,FALSE,2025-04-28 19:33:21 UTC,2025-04-28 19:33:21 UTC,NA,https://docs.cdn.yougov.com/j4g3viehsv/econtoplines.pdf,NA,https://docs.cdn.yougov.com/j4g3viehsv/econtoplines.pdf,https://docs.cdn.yougov.com/d4z846zymi/econTabReport.pdf,Congress,16,55,29
79055,568,YouGov,,The Economist,NA,NA,NA,YouGov,Online Matched Sample,NA,2022-05-28T00:00:00Z,2022-05-31T00:00:00Z,FALSE,NA,156034,1160,rv,NA,rv,FALSE,2025-04-28 19:33:40 UTC,2025-04-28 19:33:40 UTC,NA,https://docs.cdn.yougov.com/o91vu7bpkr/econTabReport.pdf,NA,NA,https://docs.cdn.yougov.com/o91vu7bpkr/econTabReport.pdf,Congress,14,62,24
79055,568,YouGov,,The Economist,NA,NA,NA,YouGov,Online Matched Sample,NA,2022-05-28T00:00:00Z,2022-05-31T00:00:00Z,FALSE,NA,156033,1500,a,NA,a,FALSE,2025-04-28 19:33:40 UTC,2025-04-28 19:33:40 UTC,NA,https://docs.cdn.yougov.com/hdujaizcp7/econtoplines.pdf,NA,https://docs.cdn.yougov.com/hdujaizcp7/econtoplines.pdf,https://docs.cdn.yougov.com/o91vu7bpkr/econTabReport.pdf,Congress,14,58,29
79106,568,YouGov,,The Economist,NA,NA,NA,YouGov,Online Matched Sample,NA,2022-06-04T00:00:00Z,2022-06-07T00:00:00Z,FALSE,NA,156257,1160,rv,NA,rv,FALSE,2025-04-28 19:33:40 UTC,2025-04-28 19:33:40 UTC,NA,https://docs.cdn.yougov.com/h1z6fc9iv8/econTabReport.pdf,NA,NA,https://docs.cdn.yougov.com/h1z6fc9iv8/econTabReport.pdf,Congress,15,63,22
79106,568,YouGov,,The Economist,NA,NA,NA,YouGov,Online Matched Sample,NA,2022-06-04T00:00:00Z,2022-06-07T00:00:00Z,FALSE,NA,156256,1500,a,NA,a,FALSE,2025-04-28 19:33:40 UTC,2025-04-28 19:33:40 UTC,NA,https://docs.cdn.yougov.com/da74t9qtqr/econtoplines.pdf,NA,https://docs.cdn.yougov.com/da74t9qtqr/econtoplines.pdf,https://docs.cdn.yougov.com/h1z6fc9iv8/econTabReport.pdf,Congress,16,58,26
79170,1597,Beacon/Shaw,,Fox News,NA,NA,NA,Beacon Research/Shaw & Co. Research,Live Phone,NA,2022-06-10T00:00:00Z,2022-06-13T00:00:00Z,FALSE,NA,156652,1002,rv,NA,rv,FALSE,2025-04-28 19:33:25 UTC,2025-04-28 19:33:25 UTC,NA,https://www.foxnews.com/official-polls/fox-news-poll-more-voters-trust-republicans-handle-inflation-crime,https://www.foxnews.com/official-polls/fox-news-poll-more-voters-trust-republicans-handle-inflation-crime,https://static.foxnews.com/foxnews.com/content/uploads/2022/06/Fox_June-10-13-2022_National_Topline_June-15-Release.pdf,https://static.foxnews.com/foxnews.com/content/uploads/2022/06/Fox_June-10-13-2022_National_Cross-Tabs_June-15-Release.pdf,Congress,21,72,7
79163,568,YouGov,,The Economist,NA,NA,NA,YouGov,Online Matched Sample,NA,2022-06-11T00:00:00Z,2022-06-14T00:00:00Z,FALSE,NA,156584,1160,rv,NA,rv,FALSE,2025-04-28 19:33:37 UTC,2025-04-28 19:33:37 UTC,NA,https://docs.cdn.yougov.com/3jwspvzrht/econTabReport.pdf,NA,NA,https://docs.cdn.yougov.com/3jwspvzrht/econTabReport.pdf,Congress,18,60,22
79163,568,YouGov,,The Economist,NA,NA,NA,YouGov,Online Matched Sample,NA,2022-06-11T00:00:00Z,2022-06-14T00:00:00Z,FALSE,NA,156583,1500,a,NA,a,FALSE,2025-04-28 19:33:25 UTC,2025-04-28 19:33:25 UTC,NA,https://docs.cdn.yougov.com/3omuq15ei3/econtoplines.pdf,NA,https://docs.cdn.yougov.com/3omuq15ei3/econtoplines.pdf,https://docs.cdn.yougov.com/3jwspvzrht/econTabReport.pdf,Congress,16,57,26
79213,169,Gallup,,NA,NA,NA,NA,Gallup,Live Phone,NA,2022-06-01T00:00:00Z,2022-06-20T00:00:00Z,FALSE,NA,156977,1015,a,NA,a,FALSE,2025-04-28 19:33:26 UTC,2025-04-28 19:33:26 UTC,NA,https://news.gallup.com/poll/394028/biden-job-approval-not-budging-satisfaction-dips.aspx,https://news.gallup.com/poll/394028/biden-job-approval-not-budging-satisfaction-dips.aspx,https://news.gallup.com/poll/394073/pdf-president-biden-job-approval-congress-approval-americans-satisfaction-june-2.aspx,NA,Congress,16,82,3
79200,568,YouGov,,The Economist,NA,NA,NA,YouGov,Online Matched Sample,NA,2022-06-18T00:00:00Z,2022-06-21T00:00:00Z,FALSE,NA,156870,1160,rv,NA,rv,FALSE,2025-04-28 19:33:40 UTC,2025-04-28 19:33:40 UTC,NA,https://docs.cdn.yougov.com/i873rvg5xx/econTabReport.pdf,NA,NA,https://docs.cdn.yougov.com/i873rvg5xx/econTabReport.pdf,Congress,16,62,22
79200,568,YouGov,,The Economist,NA,NA,NA,YouGov,Online Matched Sample,NA,2022-06-18T00:00:00Z,2022-06-21T00:00:00Z,FALSE,NA,156869,1500,a,NA,a,FALSE,2025-04-28 19:33:23 UTC,2025-04-28 19:33:23 UTC,NA,https://docs.cdn.yougov.com/ng264un2sl/econtoplines.pdf,NA,https://docs.cdn.yougov.com/ng264un2sl/econtoplines.pdf,https://docs.cdn.yougov.com/i873rvg5xx/econTabReport.pdf,Congress,16,58,26
79439,1690,"Cor Services, Inc.",,Foundation for Government Accountability,NA,NA,NA,Cor Services,IVR,NA,2022-06-25T00:00:00Z,2022-06-27T00:00:00Z,FALSE,NA,158652,518,lv,NA,lv,FALSE,2025-04-28 19:33:30 UTC,2025-04-28 19:33:30 UTC,NA,https://excellenceinpolling.com/public_poll/2022-national-quarter-2-tracking-poll/,https://excellenceinpolling.com/public_poll/2022-national-quarter-2-tracking-poll/,https://excellenceinpolling.com/wp-content/uploads/2022/07/2022-Q2-Tracking-Poll-crosstabs-6-30-22.pdf,NA,Congress,25,62,13
79301,320,Monmouth,,NA,NA,NA,NA,Monmouth University Polling Institute,Live Phone,NA,2022-06-23T00:00:00Z,2022-06-27T00:00:00Z,FALSE,NA,157646,978,a,NA,a,FALSE,2025-04-28 19:33:28 UTC,2025-04-28 19:33:28 UTC,NA,https://www.monmouth.edu/polling-institute/reports/monmouthpoll_us_070522/,https://www.monmouth.edu/polling-institute/reports/monmouthpoll_us_070522/,NA,https://www.monmouth.edu/polling-institute/documents/monmouthpoll_us_070522.pdf/,Congress,15,78,7
79301,320,Monmouth,,NA,NA,NA,NA,Monmouth University Polling Institute,Live Phone,NA,2022-06-23T00:00:00Z,2022-06-27T00:00:00Z,FALSE,NA,157678,910,rv,NA,rv,FALSE,2025-04-28 19:33:28 UTC,2025-04-28 19:33:28 UTC,NA,https://www.monmouth.edu/polling-institute/reports/monmouthpoll_us_070522/,https://www.monmouth.edu/polling-institute/reports/monmouthpoll_us_070522/,NA,https://www.monmouth.edu/polling-institute/documents/monmouthpoll_us_070522.pdf/,Congress,15,78,6
79260,568,YouGov,,The Economist,NA,NA,NA,YouGov,Online Matched Sample,NA,2022-06-25T00:00:00Z,2022-06-28T00:00:00Z,FALSE,NA,157489,1359,rv,NA,rv,FALSE,2025-04-28 19:33:27 UTC,2025-04-28 19:33:27 UTC,NA,https://docs.cdn.yougov.com/uhxw71f4tf/econTabReport.pdf,NA,NA,https://docs.cdn.yougov.com/uhxw71f4tf/econTabReport.pdf,Congress,16,64,19
79260,568,YouGov,,The Economist,NA,NA,NA,YouGov,Online Matched Sample,NA,2022-06-25T00:00:00Z,2022-06-28T00:00:00Z,FALSE,NA,157488,1500,a,NA,a,FALSE,2025-04-28 19:33:07 UTC,2025-04-28 19:33:07 UTC,NA,https://docs.cdn.yougov.com/jc31tyncsl/econtoplines.pdf,NA,https://docs.cdn.yougov.com/jc31tyncsl/econtoplines.pdf,https://docs.cdn.yougov.com/uhxw71f4tf/econTabReport.pdf,Congress,16,60,24
79294,1102,Emerson,,NA,NA,NA,NA,Emerson College,IVR/Online Opt-In Panel,NA,2022-06-28T00:00:00Z,2022-06-29T00:00:00Z,FALSE,NA,157615,1271,rv,NA,rv,FALSE,2025-04-28 19:33:07 UTC,2025-04-28 19:33:07 UTC,NA,https://emersoncollegepolling.com/national-poll-biden-with-higher-approval-than-us-congress-trump-leads-gop-nomination-contest/,https://emersoncollegepolling.com/national-poll-biden-with-higher-approval-than-us-congress-trump-leads-gop-nomination-contest/,NA,https://view.officeapps.live.com/op/view.aspx?src=https%3A%2F%2Femersoncollegepolling.com%2Fwp-content%2Fuploads%2F2022%2F07%2FECP_June_2022_national.xlsx&wdOrigin=BROWSELINK,Congress,18.7,69.9,11.4
79300,1797,HarrisX/Harris Poll,,Harvard University Center for American Political Studies,NA,NA,NA,HarrisX/Harris Poll,Online Opt-In Panel,NA,2022-06-29T00:00:00Z,2022-06-30T00:00:00Z,FALSE,NA,157645,1308,rv,NA,rv,FALSE,2025-04-28 19:33:29 UTC,2025-04-28 19:33:29 UTC,NA,https://harvardharrispoll.com/wp-content/uploads/2022/07/HHP_June2022_KeyResults.pdf,https://harvardharrispoll.com/wp-content/uploads/2022/07/HHP_June2022_KeyResults.pdf,https://harvardharrispoll.com/wp-content/uploads/2022/07/HHP_June2022_Topline.pdf,https://harvardharrispoll.com/wp-content/uploads/2022/07/HHP_June2022_Crosstabs.pdf,Congress,28,63,9
79307,568,YouGov,,The Economist,NA,NA,NA,YouGov,Online Matched Sample,NA,2022-07-02T00:00:00Z,2022-07-05T00:00:00Z,FALSE,NA,157703,1345,rv,NA,rv,FALSE,2025-04-28 19:33:28 UTC,2025-04-28 19:33:28 UTC,NA,https://docs.cdn.yougov.com/0atxy0xx1u/econTabReport.pdf,NA,NA,https://docs.cdn.yougov.com/0atxy0xx1u/econTabReport.pdf,Congress,16,61,22
79307,568,YouGov,,The Economist,NA,NA,NA,YouGov,Online Matched Sample,NA,2022-07-02T00:00:00Z,2022-07-05T00:00:00Z,FALSE,NA,157702,1500,a,NA,a,FALSE,2025-04-28 19:33:28 UTC,2025-04-28 19:33:28 UTC,NA,https://docs.cdn.yougov.com/apruhiy9l1/econtoplines.pdf,NA,https://docs.cdn.yougov.com/apruhiy9l1/econtoplines.pdf,https://docs.cdn.yougov.com/0atxy0xx1u/econTabReport.pdf,Congress,16,58,26
79350,568,YouGov,,The Economist,NA,NA,NA,YouGov,Online Matched Sample,NA,2022-07-09T00:00:00Z,2022-07-11T00:00:00Z,FALSE,NA,157871,1304,rv,NA,rv,FALSE,2025-04-28 19:33:29 UTC,2025-04-28 19:33:29 UTC,NA,https://docs.cdn.yougov.com/sdsvy1azjc/econTabReport.pdf,NA,NA,https://docs.cdn.yougov.com/sdsvy1azjc/econTabReport.pdf,Congress,15,65,20
79350,568,YouGov,,The Economist,NA,NA,NA,YouGov,Online Matched Sample,NA,2022-07-09T00:00:00Z,2022-07-11T00:00:00Z,FALSE,NA,157870,1500,a,NA,a,FALSE,2025-04-28 19:33:29 UTC,2025-04-28 19:33:29 UTC,NA,https://docs.cdn.yougov.com/bqurah2a3h/econtoplines.pdf,NA,https://docs.cdn.yougov.com/bqurah2a3h/econtoplines.pdf,https://docs.cdn.yougov.com/sdsvy1azjc/econTabReport.pdf,Congress,14,61,25
79394,1866,CNN/SSRS,,NA,NA,NA,NA,CNN/SSRS,Live Phone/Probability Panel,NA,2022-06-13T00:00:00Z,2022-07-13T00:00:00Z,FALSE,NA,158084,1459,a,NA,a,FALSE,2025-04-28 19:33:29 UTC,2025-04-28 19:33:29 UTC,NA,https://www.cnn.com/2022/07/19/politics/cnn-poll-midterms/index.html,https://www.cnn.com/2022/07/19/politics/cnn-poll-midterms/index.html,NA,https://s3.documentcloud.org/documents/22089458/cnn-poll-2022-midterms.pdf,Congress,18,81,1
79394,1866,CNN/SSRS,,NA,NA,NA,NA,CNN/SSRS,Live Phone/Probability Panel,NA,2022-06-13T00:00:00Z,2022-07-13T00:00:00Z,FALSE,NA,158085,1203,rv,NA,rv,FALSE,2025-04-28 19:33:29 UTC,2025-04-28 19:33:29 UTC,NA,https://www.cnn.com/2022/07/19/politics/cnn-poll-midterms/index.html,https://www.cnn.com/2022/07/19/politics/cnn-poll-midterms/index.html,NA,https://s3.documentcloud.org/documents/22089458/cnn-poll-2022-midterms.pdf,Congress,16,83,1
79403,568,YouGov,,The Economist,NA,NA,NA,YouGov,Online Matched Sample,NA,2022-07-16T00:00:00Z,2022-07-19T00:00:00Z,FALSE,NA,158133,1278,rv,NA,rv,FALSE,2025-04-28 19:33:08 UTC,2025-04-28 19:33:08 UTC,NA,https://docs.cdn.yougov.com/k4maehoie4/econTabReport.pdf,NA,NA,https://docs.cdn.yougov.com/k4maehoie4/econTabReport.pdf,Congress,17,63,21
79403,568,YouGov,,The Economist,NA,NA,NA,YouGov,Online Matched Sample,NA,2022-07-16T00:00:00Z,2022-07-19T00:00:00Z,FALSE,NA,158132,1500,a,NA,a,FALSE,2025-04-28 19:33:08 UTC,2025-04-28 19:33:08 UTC,NA,https://docs.cdn.yougov.com/8cs04km0bb/econtoplines.pdf,NA,https://docs.cdn.yougov.com/8cs04km0bb/econtoplines.pdf,https://docs.cdn.yougov.com/k4maehoie4/econTabReport.pdf,Congress,16,61,24
79429,1102,Emerson,,NA,NA,NA,NA,Emerson College,IVR/Online Opt-In Panel,NA,2022-07-19T00:00:00Z,2022-07-20T00:00:00Z,FALSE,NA,158303,1078,rv,NA,rv,FALSE,2025-04-28 19:33:30 UTC,2025-04-28 19:33:30 UTC,NA,https://emersoncollegepolling.com/midterm-ballot-tightens-as-abortion-access-motivates-voters-plurality-of-voters-disapprove-of-bidens-handling-of-brittney-griner-detainment/,https://emersoncollegepolling.com/midterm-ballot-tightens-as-abortion-access-motivates-voters-plurality-of-voters-disapprove-of-bidens-handling-of-brittney-griner-detainment/,NA,NA,Congress,17.9,66,16.1
79562,169,Gallup,,NA,NA,NA,NA,Gallup,Live Phone,NA,2022-07-05T00:00:00Z,2022-07-26T00:00:00Z,FALSE,NA,162448,1013,a,NA,a,FALSE,2025-04-28 19:33:18 UTC,2025-04-28 19:33:18 UTC,NA,https://news.gallup.com/poll/1600/Congress-Public.aspx,https://news.gallup.com/poll/1600/Congress-Public.aspx,NA,NA,Congress,17,79,3
79474,568,YouGov,,The Economist,NA,NA,NA,YouGov,Online Matched Sample,NA,2022-07-23T00:00:00Z,2022-07-26T00:00:00Z,FALSE,NA,158799,1500,a,NA,a,FALSE,2025-04-28 19:33:08 UTC,2025-04-28 19:33:08 UTC,NA,https://docs.cdn.yougov.com/m3v9t8fx0r/econtoplines.pdf,NA,https://docs.cdn.yougov.com/m3v9t8fx0r/econtoplines.pdf,https://docs.cdn.yougov.com/ldb835m1bk/econTabReport.pdf,Congress,14,60,26
79474,568,YouGov,,The Economist,NA,NA,NA,YouGov,Online Matched Sample,NA,2022-07-23T00:00:00Z,2022-07-26T00:00:00Z,FALSE,NA,158800,1311,rv,NA,rv,FALSE,2025-04-28 19:33:08 UTC,2025-04-28 19:33:08 UTC,NA,NA,NA,NA,NA,Congress,15,63,22
79587,1797,HarrisX/Harris Poll,,Harvard University Center for American Political Studies,NA,NA,NA,HarrisX/Harris Poll,Online Opt-In Panel,NA,2022-07-27T00:00:00Z,2022-07-28T00:00:00Z,FALSE,NA,159135,1885,rv,NA,rv,FALSE,2025-04-28 19:33:10 UTC,2025-04-28 19:33:10 UTC,NA,https://harvardharrispoll.com/wp-content/uploads/2022/08/HHP_July2022_KeyResults.pdf,https://harvardharrispoll.com/wp-content/uploads/2022/08/HHP_July2022_KeyResults.pdf,https://harvardharrispoll.com/wp-content/uploads/2022/08/HHP_July2022_Topline.pdf,https://harvardharrispoll.com/wp-content/uploads/2022/08/HHP_July2022_Crosstabs.pdf,Congress,30,61,9
79607,320,Monmouth,,NA,NA,NA,NA,Monmouth University Polling Institute,Live Phone,NA,2022-07-28T00:00:00Z,2022-08-01T00:00:00Z,FALSE,NA,159216,808,a,NA,a,FALSE,2025-04-28 19:33:11 UTC,2025-04-28 19:33:11 UTC,NA,https://www.monmouth.edu/polling-institute/reports/monmouthpoll_US_080322/,https://www.monmouth.edu/polling-institute/reports/monmouthpoll_US_080322/,NA,https://www.monmouth.edu/polling-institute/documents/monmouthpoll_us_080322.pdf/,Congress,17,74,9
79607,320,Monmouth,,NA,NA,NA,NA,Monmouth University Polling Institute,Live Phone,NA,2022-07-28T00:00:00Z,2022-08-01T00:00:00Z,FALSE,NA,159217,751,rv,NA,rv,FALSE,2025-04-28 19:33:11 UTC,2025-04-28 19:33:11 UTC,NA,https://www.monmouth.edu/polling-institute/reports/monmouthpoll_US_080322/,https://www.monmouth.edu/polling-institute/reports/monmouthpoll_US_080322/,NA,https://www.monmouth.edu/polling-institute/documents/monmouthpoll_us_080322.pdf/,Congress,18,74,8
79599,568,YouGov,,The Economist,NA,NA,NA,YouGov,Online Matched Sample,NA,2022-07-30T00:00:00Z,2022-08-02T00:00:00Z,FALSE,NA,159173,1325,rv,NA,rv,FALSE,2025-04-28 19:33:08 UTC,2025-04-28 19:33:08 UTC,NA,https://docs.cdn.yougov.com/d1ik3gw9iw/econTabReport.pdf,NA,NA,https://docs.cdn.yougov.com/d1ik3gw9iw/econTabReport.pdf,Congress,18,59,24
79599,568,YouGov,,The Economist,NA,NA,NA,YouGov,Online Matched Sample,NA,2022-07-30T00:00:00Z,2022-08-02T00:00:00Z,FALSE,NA,159172,1500,a,NA,a,FALSE,2025-04-28 19:33:08 UTC,2025-04-28 19:33:08 UTC,NA,https://docs.cdn.yougov.com/spjg4waawi/econtoplines.pdf,NA,https://docs.cdn.yougov.com/spjg4waawi/econtoplines.pdf,https://docs.cdn.yougov.com/d1ik3gw9iw/econTabReport.pdf,Congress,16,57,27
79644,1697,Bullfinch,,NA,NA,NA,NA,The Bullfinch Group,Online Opt-In Panel,NA,2022-08-05T00:00:00Z,2022-08-08T00:00:00Z,FALSE,NA,159290,1208,a,NA,a,FALSE,2025-04-28 19:33:11 UTC,2025-04-28 19:33:11 UTC,NA,https://www.thebullfinchgroup.com/post/public-release-of-bullfinch-q3-nationwide-survey,https://www.thebullfinchgroup.com/post/public-release-of-bullfinch-q3-nationwide-survey,NA,NA,Congress,32,59,9
79644,1697,Bullfinch,,NA,NA,NA,NA,The Bullfinch Group,Online Opt-In Panel,NA,2022-08-05T00:00:00Z,2022-08-08T00:00:00Z,FALSE,NA,159291,1008,rv,NA,rv,FALSE,2025-04-28 19:33:11 UTC,2025-04-28 19:33:11 UTC,NA,https://www.thebullfinchgroup.com/post/public-release-of-bullfinch-q3-nationwide-survey,https://www.thebullfinchgroup.com/post/public-release-of-bullfinch-q3-nationwide-survey,NA,NA,Congress,33,60,7
79661,568,YouGov,,The Economist,NA,NA,NA,YouGov,Online Matched Sample,NA,2022-08-07T00:00:00Z,2022-08-09T00:00:00Z,FALSE,NA,159354,1331,rv,NA,rv,FALSE,2025-04-28 19:33:12 UTC,2025-04-28 19:33:12 UTC,NA,https://docs.cdn.yougov.com/33oc20o9t6/econTabReport.pdf,NA,NA,https://docs.cdn.yougov.com/33oc20o9t6/econTabReport.pdf,Congress,16,61,22
79661,568,YouGov,,The Economist,NA,NA,NA,YouGov,Online Matched Sample,NA,2022-08-07T00:00:00Z,2022-08-09T00:00:00Z,FALSE,NA,159353,1500,a,NA,a,FALSE,2025-04-28 19:33:12 UTC,2025-04-28 19:33:12 UTC,NA,https://docs.cdn.yougov.com/k76960ps80/econtoplines.pdf,NA,https://docs.cdn.yougov.com/k76960ps80/econtoplines.pdf,https://docs.cdn.yougov.com/33oc20o9t6/econTabReport.pdf,Congress,15,58,26
79757,568,YouGov,,The Economist,NA,NA,NA,YouGov,Online Matched Sample,NA,2022-08-13T00:00:00Z,2022-08-16T00:00:00Z,FALSE,NA,159629,1331,rv,NA,rv,FALSE,2025-04-28 19:33:28 UTC,2025-04-28 19:33:28 UTC,NA,https://today.yougov.com/topics/politics/articles-reports/2022/08/17/politics-elections-economist-yougov-poll-august-13,https://today.yougov.com/topics/politics/articles-reports/2022/08/17/politics-elections-economist-yougov-poll-august-13,NA,https://docs.cdn.yougov.com/jf179lebaq/econTabReport%20%282%29.pdf,Congress,21.77,56.07,22.15
79757,568,YouGov,,The Economist,NA,NA,NA,YouGov,Online Matched Sample,NA,2022-08-13T00:00:00Z,2022-08-16T00:00:00Z,FALSE,NA,159628,1500,a,NA,a,FALSE,2025-04-28 19:33:28 UTC,2025-04-28 19:33:28 UTC,NA,https://today.yougov.com/topics/politics/articles-reports/2022/08/17/politics-elections-economist-yougov-poll-august-13,https://today.yougov.com/topics/politics/articles-reports/2022/08/17/politics-elections-economist-yougov-poll-august-13,NA,https://docs.cdn.yougov.com/jf179lebaq/econTabReport%20%282%29.pdf,Congress,20.33,52.36,27.31
79821,568,YouGov,,Yahoo News,NA,NA,NA,YouGov,Online Matched Sample,NA,2022-08-18T00:00:00Z,2022-08-22T00:00:00Z,FALSE,NA,159905,1188,rv,NA,rv,FALSE,2025-04-28 19:33:29 UTC,2025-04-28 19:33:29 UTC,NA,https://news.yahoo.com/poll-biden-approval-surges-rebounds-to-highest-level-since-may-163225038.html,https://news.yahoo.com/poll-biden-approval-surges-rebounds-to-highest-level-since-may-163225038.html,NA,https://www.scribd.com/document/588832466/20220822-Yahoo-Tabs-Biden-Economy,Congress,18,64,17
79821,568,YouGov,,Yahoo News,NA,NA,NA,YouGov,Online Matched Sample,NA,2022-08-18T00:00:00Z,2022-08-22T00:00:00Z,FALSE,NA,159904,1563,a,NA,a,FALSE,2025-04-28 19:33:29 UTC,2025-04-28 19:33:29 UTC,NA,https://news.yahoo.com/poll-biden-approval-surges-rebounds-to-highest-level-since-may-163225038.html,https://news.yahoo.com/poll-biden-approval-surges-rebounds-to-highest-level-since-may-163225038.html,NA,https://www.scribd.com/document/588832466/20220822-Yahoo-Tabs-Biden-Economy,Congress,17,61,22
79853,169,Gallup,,NA,NA,NA,NA,Gallup,Live Phone,NA,2022-08-01T00:00:00Z,2022-08-23T00:00:00Z,FALSE,NA,162447,1006,a,NA,a,FALSE,2025-04-28 19:33:18 UTC,2025-04-28 19:33:18 UTC,NA,https://news.gallup.com/poll/1600/Congress-Public.aspx,https://news.gallup.com/poll/1600/Congress-Public.aspx,NA,NA,Congress,22,76,3
79827,568,YouGov,,The Economist,NA,NA,NA,YouGov,Online Matched Sample,NA,2022-08-20T00:00:00Z,2022-08-23T00:00:00Z,FALSE,NA,159863,1500,a,NA,a,FALSE,2025-04-28 19:33:30 UTC,2025-04-28 19:33:30 UTC,NA,https://docs.cdn.yougov.com/m0v8q5manq/econtoplines.pdf,NA,https://docs.cdn.yougov.com/m0v8q5manq/econtoplines.pdf,https://docs.cdn.yougov.com/lin7y95jz5/econTabReport.pdf,Congress,21,52,27
79827,568,YouGov,,The Economist,NA,NA,NA,YouGov,Online Matched Sample,NA,2022-08-20T00:00:00Z,2022-08-23T00:00:00Z,FALSE,NA,159864,1318,rv,NA,rv,FALSE,2025-04-28 19:33:08 UTC,2025-04-28 19:33:08 UTC,NA,https://docs.cdn.yougov.com/lin7y95jz5/econTabReport.pdf,NA,NA,https://docs.cdn.yougov.com/lin7y95jz5/econTabReport.pdf,Congress,21,56,23
79884,568,YouGov,,The Economist,NA,NA,NA,YouGov,Online Matched Sample,NA,2022-08-28T00:00:00Z,2022-08-30T00:00:00Z,FALSE,NA,160132,1500,a,NA,a,FALSE,2025-04-28 19:33:09 UTC,2025-04-28 19:33:09 UTC,NA,https://docs.cdn.yougov.com/iif9iivlt3/econtoplines.pdf,NA,https://docs.cdn.yougov.com/iif9iivlt3/econtoplines.pdf,https://docs.cdn.yougov.com/kqp1ntoj7v/econTabReport.pdf,Congress,19,53,28
79884,568,YouGov,,The Economist,NA,NA,NA,YouGov,Online Matched Sample,NA,2022-08-28T00:00:00Z,2022-08-30T00:00:00Z,FALSE,NA,160133,1342,rv,NA,rv,FALSE,2025-04-28 19:33:08 UTC,2025-04-28 19:33:08 UTC,NA,https://docs.cdn.yougov.com/kqp1ntoj7v/econTabReport.pdf,NA,NA,https://docs.cdn.yougov.com/kqp1ntoj7v/econTabReport.pdf,Congress,20,57,23
79964,568,YouGov,,Yahoo News,NA,NA,NA,YouGov,Online Matched Sample,NA,2022-09-02T00:00:00Z,2022-09-06T00:00:00Z,FALSE,NA,160337,1245,rv,NA,rv,FALSE,2025-04-28 19:33:12 UTC,2025-04-28 19:33:12 UTC,NA,https://news.yahoo.com/poll-democrats-lead-republicans-among-those-who-say-theyll-definitely-vote-in-midterms-221434935.html,https://news.yahoo.com/poll-democrats-lead-republicans-among-those-who-say-theyll-definitely-vote-in-midterms-221434935.html,NA,https://www.scribd.com/document/592546731/20220906-Yahoo-Tabs-Politics,Congress,18,66,16
79971,568,YouGov,,The Economist,NA,NA,NA,YouGov,Online Matched Sample,NA,2022-09-03T00:00:00Z,2022-09-06T00:00:00Z,FALSE,NA,160334,1500,a,NA,a,FALSE,2025-04-28 19:33:12 UTC,2025-04-28 19:33:12 UTC,NA,https://docs.cdn.yougov.com/jy7xuoa0xo/econtoplines.pdf,NA,https://docs.cdn.yougov.com/jy7xuoa0xo/econtoplines.pdf,https://docs.cdn.yougov.com/t1ravwgbet/econTabReport.pdf,Congress,19,52,29
79964,568,YouGov,,Yahoo News,NA,NA,NA,YouGov,Online Matched Sample,NA,2022-09-02T00:00:00Z,2022-09-06T00:00:00Z,FALSE,NA,160336,1634,a,NA,a,FALSE,2025-04-28 19:33:12 UTC,2025-04-28 19:33:12 UTC,NA,https://news.yahoo.com/poll-democrats-lead-republicans-among-those-who-say-theyll-definitely-vote-in-midterms-221434935.html,https://news.yahoo.com/poll-democrats-lead-republicans-among-those-who-say-theyll-definitely-vote-in-midterms-221434935.html,NA,https://www.scribd.com/document/592546731/20220906-Yahoo-Tabs-Politics,Congress,17,60,23
79971,568,YouGov,,The Economist,NA,NA,NA,YouGov,Online Matched Sample,NA,2022-09-03T00:00:00Z,2022-09-06T00:00:00Z,FALSE,NA,160335,1337,rv,NA,rv,FALSE,2025-04-28 19:33:09 UTC,2025-04-28 19:33:09 UTC,NA,https://docs.cdn.yougov.com/t1ravwgbet/econTabReport.pdf,NA,NA,https://docs.cdn.yougov.com/t1ravwgbet/econTabReport.pdf,Congress,21,54,25
80913,1690,"Cor Services, Inc.",,Foundation for Government Accountability,NA,NA,NA,Cor Services,IVR,NA,2022-09-06T00:00:00Z,2022-09-08T00:00:00Z,FALSE,NA,162759,534,lv,NA,lv,FALSE,2025-04-28 19:33:20 UTC,2025-04-28 19:33:20 UTC,NA,https://excellenceinpolling.com/public_poll/2022-national-quarter-3-tracking-poll/,https://excellenceinpolling.com/public_poll/2022-national-quarter-3-tracking-poll/,https://excellenceinpolling.com/wp-content/uploads/2022/10/2022-Q3-Tracking-Poll-Limited-crosstabs-9-26-22.pdf,NA,Congress,34,48,18
80586,1797,HarrisX/Harris Poll,,Harvard University Center for American Political Studies,NA,NA,NA,HarrisX/Harris Poll,Online Opt-In Panel,NA,2022-09-07T00:00:00Z,2022-09-08T00:00:00Z,FALSE,NA,161135,1854,rv,NA,rv,FALSE,2025-04-28 19:33:30 UTC,2025-04-28 19:33:30 UTC,NA,https://harvardharrispoll.com/key-results-september/,https://harvardharrispoll.com/key-results-september/,https://harvardharrispoll.com/wp-content/uploads/2022/09/HHP_September2022_Topline.pdf,https://harvardharrispoll.com/wp-content/uploads/2022/09/HHP_September2022_Crosstabs.pdf,Congress,32,59,9
80627,568,YouGov,,The Economist,NA,NA,NA,YouGov,Online Matched Sample,NA,2022-09-10T00:00:00Z,2022-09-13T00:00:00Z,FALSE,NA,161297,1500,a,NA,a,FALSE,2025-04-28 19:33:14 UTC,2025-04-28 19:33:14 UTC,NA,https://today.yougov.com/topics/politics/articles-reports/2022/09/14/politics-economist-yougov-poll-september-10-2022,https://today.yougov.com/topics/politics/articles-reports/2022/09/14/politics-economist-yougov-poll-september-10-2022,https://docs.cdn.yougov.com/zqm2gouo70/econtoplines.pdf,https://docs.cdn.yougov.com/vu1wawsnwb/econTabReport.pdf,Congress,18.1,56.02,25.88
80627,568,YouGov,,The Economist,NA,NA,NA,YouGov,Online Matched Sample,NA,2022-09-10T00:00:00Z,2022-09-13T00:00:00Z,FALSE,NA,161298,1307,rv,NA,rv,FALSE,2025-04-28 19:33:41 UTC,2025-04-28 19:33:41 UTC,NA,https://today.yougov.com/topics/politics/articles-reports/2022/09/14/politics-economist-yougov-poll-september-10-2022,https://today.yougov.com/topics/politics/articles-reports/2022/09/14/politics-economist-yougov-poll-september-10-2022,NA,https://docs.cdn.yougov.com/vu1wawsnwb/econTabReport.pdf,Congress,19.02,58.81,22.17
80709,169,Gallup,,NA,NA,NA,NA,Gallup,Live Phone,NA,2022-09-01T00:00:00Z,2022-09-16T00:00:00Z,FALSE,NA,162446,812,a,NA,a,FALSE,2025-04-28 19:33:18 UTC,2025-04-28 19:33:18 UTC,NA,https://news.gallup.com/poll/401864/recent-congressional-approval-trending-higher.aspx,https://news.gallup.com/poll/401864/recent-congressional-approval-trending-higher.aspx,NA,NA,Congress,23,75,0
80720,568,YouGov,,The Economist,NA,NA,NA,YouGov,Online Matched Sample,NA,2022-09-17T00:00:00Z,2022-09-20T00:00:00Z,FALSE,NA,161790,1318,rv,NA,rv,FALSE,2025-04-28 19:33:29 UTC,2025-04-28 19:33:29 UTC,NA,https://today.yougov.com/topics/politics/articles-reports/2022/09/21/politics-elections-economist-yougov-poll,https://today.yougov.com/topics/politics/articles-reports/2022/09/21/politics-elections-economist-yougov-poll,NA,https://docs.cdn.yougov.com/xeu4apb94g/econTabReport.pdf,Congress,21.16,55.99,22.85
80720,568,YouGov,,The Economist,NA,NA,NA,YouGov,Online Matched Sample,NA,2022-09-17T00:00:00Z,2022-09-20T00:00:00Z,FALSE,NA,161789,1500,a,NA,a,FALSE,2025-04-28 19:33:16 UTC,2025-04-28 19:33:16 UTC,NA,https://today.yougov.com/topics/politics/articles-reports/2022/09/21/politics-elections-economist-yougov-poll,https://today.yougov.com/topics/politics/articles-reports/2022/09/21/politics-elections-economist-yougov-poll,https://docs.cdn.yougov.com/tdp5rd170j/econtoplines.pdf,https://docs.cdn.yougov.com/xeu4apb94g/econTabReport.pdf,Congress,19.09,53.23,27.68
80882,320,Monmouth,,NA,NA,NA,NA,Monmouth University Polling Institute,Live Phone,NA,2022-09-21T00:00:00Z,2022-09-25T00:00:00Z,FALSE,NA,162734,806,a,NA,a,FALSE,2025-04-28 19:33:40 UTC,2025-04-28 19:33:40 UTC,NA,https://www.monmouth.edu/polling-institute/reports/MonmouthPoll_US_100322/,https://www.monmouth.edu/polling-institute/reports/MonmouthPoll_US_100322/,NA,https://www.monmouth.edu/polling-institute/documents/monmouthpoll_us_100322.pdf/,Congress,23,66,11
80882,320,Monmouth,,NA,NA,NA,NA,Monmouth University Polling Institute,Live Phone,NA,2022-09-21T00:00:00Z,2022-09-25T00:00:00Z,FALSE,NA,162735,750,rv,NA,rv,FALSE,2025-04-28 19:33:40 UTC,2025-04-28 19:33:40 UTC,NA,https://www.monmouth.edu/polling-institute/reports/MonmouthPoll_US_100322/,https://www.monmouth.edu/polling-institute/reports/MonmouthPoll_US_100322/,NA,https://www.monmouth.edu/polling-institute/documents/monmouthpoll_us_100322.pdf/,Congress,23,67,10
80841,568,YouGov,,The Economist,NA,NA,NA,YouGov,Online Matched Sample,NA,2022-09-24T00:00:00Z,2022-09-27T00:00:00Z,FALSE,NA,162564,1500,a,NA,a,FALSE,2025-04-28 19:33:10 UTC,2025-04-28 19:33:10 UTC,NA,https://docs.cdn.yougov.com/7fwia1rach/econtoplines.pdf,NA,https://docs.cdn.yougov.com/7fwia1rach/econtoplines.pdf,https://docs.cdn.yougov.com/r8e9fgqwcm/econTabReport.pdf,Congress,21,53,26
80869,568,YouGov,,Yahoo News,NA,NA,NA,YouGov,Online Matched Sample,NA,2022-09-23T00:00:00Z,2022-09-27T00:00:00Z,FALSE,NA,162645,1138,rv,NA,rv,FALSE,2025-04-28 19:33:18 UTC,2025-04-28 19:33:18 UTC,NA,https://news.yahoo.com/poll-midterm-momentum-shifts-back-to-gop-as-inflation-fears-grow-151344613.html,https://news.yahoo.com/poll-midterm-momentum-shifts-back-to-gop-as-inflation-fears-grow-151344613.html,NA,https://www.scribd.com/document/597498620/20220927-Yahoo-Tab-Notrump-1,Congress,19,64,17
80841,568,YouGov,,The Economist,NA,NA,NA,YouGov,Online Matched Sample,NA,2022-09-24T00:00:00Z,2022-09-27T00:00:00Z,FALSE,NA,162565,1341,rv,NA,rv,FALSE,2025-04-28 19:33:09 UTC,2025-04-28 19:33:09 UTC,NA,https://docs.cdn.yougov.com/r8e9fgqwcm/econTabReport.pdf,NA,NA,https://docs.cdn.yougov.com/r8e9fgqwcm/econTabReport.pdf,Congress,22,58,20
80841,568,YouGov,,The Economist,NA,NA,NA,YouGov,Online Matched Sample,NA,2022-09-24T00:00:00Z,2022-09-27T00:00:00Z,FALSE,NA,162566,1052,lv,NA,lv,FALSE,2025-04-28 19:33:10 UTC,2025-04-28 19:33:10 UTC,NA,https://docs.cdn.yougov.com/r8e9fgqwcm/econTabReport.pdf,NA,NA,https://docs.cdn.yougov.com/r8e9fgqwcm/econTabReport.pdf,Congress,23,62,15
80869,568,YouGov,,Yahoo News,NA,NA,NA,YouGov,Online Matched Sample,NA,2022-09-23T00:00:00Z,2022-09-27T00:00:00Z,FALSE,NA,162644,1566,a,NA,a,FALSE,2025-04-28 19:33:18 UTC,2025-04-28 19:33:18 UTC,NA,https://news.yahoo.com/poll-midterm-momentum-shifts-back-to-gop-as-inflation-fears-grow-151344613.html,https://news.yahoo.com/poll-midterm-momentum-shifts-back-to-gop-as-inflation-fears-grow-151344613.html,NA,https://www.scribd.com/document/597498620/20220927-Yahoo-Tab-Notrump-1,Congress,16,60,23
80934,568,YouGov,,The Economist,NA,NA,NA,YouGov,Online Matched Sample,NA,2022-10-01T00:00:00Z,2022-10-04T00:00:00Z,FALSE,NA,162849,1305,rv,NA,rv,FALSE,2025-04-28 19:33:18 UTC,2025-04-28 19:33:18 UTC,NA,https://today.yougov.com/topics/politics/articles-reports/2022/10/05/politics-elections-economist-yougov-poll-oct-2022,https://today.yougov.com/topics/politics/articles-reports/2022/10/05/politics-elections-economist-yougov-poll-oct-2022,NA,https://docs.cdn.yougov.com/avydu33kqm/econTabReport.pdf,Congress,21,55.13,23.87
80934,568,YouGov,,The Economist,NA,NA,NA,YouGov,Online Matched Sample,NA,2022-10-01T00:00:00Z,2022-10-04T00:00:00Z,FALSE,NA,162848,1500,a,NA,a,FALSE,2025-04-28 19:33:11 UTC,2025-04-28 19:33:11 UTC,NA,https://today.yougov.com/topics/politics/articles-reports/2022/10/05/politics-elections-economist-yougov-poll-oct-2022,https://today.yougov.com/topics/politics/articles-reports/2022/10/05/politics-elections-economist-yougov-poll-oct-2022,https://docs.cdn.yougov.com/aptsvha7n7/econtoplines.pdf,https://docs.cdn.yougov.com/avydu33kqm/econTabReport.pdf,Congress,17.82,51,31.18
80934,568,YouGov,,The Economist,NA,NA,NA,YouGov,Online Matched Sample,NA,2022-10-01T00:00:00Z,2022-10-04T00:00:00Z,FALSE,NA,162850,1043,lv,NA,lv,FALSE,2025-04-28 19:33:11 UTC,2025-04-28 19:33:11 UTC,NA,https://docs.cdn.yougov.com/avydu33kqm/econTabReport.pdf,NA,NA,https://docs.cdn.yougov.com/avydu33kqm/econTabReport.pdf,Congress,22,59,19
81031,1360,AP-NORC,,NA,NA,NA,NA,AP-NORC,Live Phone/Probability Panel,NA,2022-10-06T00:00:00Z,2022-10-10T00:00:00Z,FALSE,NA,163405,1121,a,NA,a,FALSE,2025-04-28 19:33:25 UTC,2025-04-28 19:33:25 UTC,NA,https://apnorc.org/projects/voters-expect-the-2022-elections-to-have-serious-impacts-for-the-country/,https://apnorc.org/projects/voters-expect-the-2022-elections-to-have-serious-impacts-for-the-country/,https://apnorc.org/wp-content/uploads/2022/10/Topline_midterms.pdf,NA,Congress,21,78,2
81017,568,YouGov,,The Economist,NA,NA,NA,YouGov,Online Matched Sample,NA,2022-10-08T00:00:00Z,2022-10-11T00:00:00Z,FALSE,NA,163172,1500,a,NA,a,FALSE,2025-04-28 19:33:09 UTC,2025-04-28 19:33:09 UTC,NA,https://docs.cdn.yougov.com/744ja7zgss/econtoplines.pdf,NA,https://docs.cdn.yougov.com/744ja7zgss/econtoplines.pdf,https://docs.cdn.yougov.com/szo0yco18u/econTabReport.pdf,Congress,22,49,29
81017,568,YouGov,,The Economist,NA,NA,NA,YouGov,Online Matched Sample,NA,2022-10-08T00:00:00Z,2022-10-11T00:00:00Z,FALSE,NA,163173,1330,rv,NA,rv,FALSE,2025-04-28 19:33:12 UTC,2025-04-28 19:33:12 UTC,NA,https://docs.cdn.yougov.com/szo0yco18u/econTabReport.pdf,NA,NA,https://docs.cdn.yougov.com/szo0yco18u/econTabReport.pdf,Congress,22.6,56.5,20
81017,568,YouGov,,The Economist,NA,NA,NA,YouGov,Online Matched Sample,NA,2022-10-08T00:00:00Z,2022-10-11T00:00:00Z,FALSE,NA,163174,1030,lv,NA,lv,FALSE,2025-04-28 19:33:12 UTC,2025-04-28 19:33:12 UTC,NA,https://docs.cdn.yougov.com/szo0yco18u/econTabReport.pdf,NA,NA,https://docs.cdn.yougov.com/szo0yco18u/econTabReport.pdf,Congress,23,61,17
81076,1597,Beacon/Shaw,,Fox News,NA,NA,NA,Beacon Research/Shaw & Co. Research,Live Phone,NA,2022-10-09T00:00:00Z,2022-10-12T00:00:00Z,FALSE,NA,163383,1206,rv,NA,rv,FALSE,2025-04-28 19:33:25 UTC,2025-04-28 19:33:25 UTC,NA,https://www.foxnews.com/official-polls/fox-news-poll-polarization-defines-midterm-election,https://www.foxnews.com/official-polls/fox-news-poll-polarization-defines-midterm-election,https://static.foxnews.com/foxnews.com/content/uploads/2022/10/Fox_October-9-12-2022_National_Topline_October-16-Release.pdf,https://static.foxnews.com/foxnews.com/content/uploads/2022/10/Fox_October-9-12-2022_National_Cross-Tabs_October-16-Release.pdf,Congress,26,67,6
81071,1797,HarrisX/Harris Poll,,Harvard University Center for American Political Studies,NA,NA,NA,HarrisX/Harris Poll,Online Opt-In Panel,NA,2022-10-12T00:00:00Z,2022-10-13T00:00:00Z,FALSE,NA,163341,2010,rv,NA,rv,FALSE,2025-04-28 19:33:24 UTC,2025-04-28 19:33:24 UTC,NA,https://harvardharrispoll.com/key-results-october-3/,https://harvardharrispoll.com/key-results-october-3/,NA,NA,Congress,33,59,9
81109,568,YouGov,,Yahoo News,NA,NA,NA,YouGov,Online Matched Sample,NA,2022-10-13T00:00:00Z,2022-10-17T00:00:00Z,FALSE,NA,163505,1209,rv,NA,rv,FALSE,2025-04-28 19:33:16 UTC,2025-04-28 19:33:16 UTC,NA,https://news.yahoo.com/2022-poll-democratic-lead-on-midterm-ballot-nearly-disappears-as-election-approaches-154133569.html,https://news.yahoo.com/2022-poll-democratic-lead-on-midterm-ballot-nearly-disappears-as-election-approaches-154133569.html,NA,https://www.scribd.com/document/601306277/20221017-Yahoo-Tab-Midterms-1,Congress,22,62,16
81109,568,YouGov,,Yahoo News,NA,NA,NA,YouGov,Online Matched Sample,NA,2022-10-13T00:00:00Z,2022-10-17T00:00:00Z,FALSE,NA,163504,1629,a,NA,a,FALSE,2025-04-28 19:33:25 UTC,2025-04-28 19:33:25 UTC,NA,https://news.yahoo.com/2022-poll-democratic-lead-on-midterm-ballot-nearly-disappears-as-election-approaches-154133569.html,https://news.yahoo.com/2022-poll-democratic-lead-on-midterm-ballot-nearly-disappears-as-election-approaches-154133569.html,NA,https://www.scribd.com/document/601306277/20221017-Yahoo-Tab-Midterms-1,Congress,20,55,24
81150,320,Monmouth,,NA,NA,NA,NA,Monmouth University Polling Institute,Live Phone,NA,2022-10-13T00:00:00Z,2022-10-17T00:00:00Z,FALSE,NA,163708,808,a,NA,a,FALSE,2025-04-28 19:33:35 UTC,2025-04-28 19:33:35 UTC,NA,https://www.monmouth.edu/polling-institute/reports/monmouthpoll_us_102022/,https://www.monmouth.edu/polling-institute/reports/monmouthpoll_us_102022/,NA,https://www.monmouth.edu/polling-institute/documents/monmouthpoll_us_102022.pdf/,Congress,23,69,8
81150,320,Monmouth,,NA,NA,NA,NA,Monmouth University Polling Institute,Live Phone,NA,2022-10-13T00:00:00Z,2022-10-17T00:00:00Z,FALSE,NA,163709,756,rv,NA,rv,FALSE,2025-04-28 19:33:35 UTC,2025-04-28 19:33:35 UTC,NA,https://www.monmouth.edu/polling-institute/documents/monmouthpoll_us_102022.pdf/,NA,NA,https://www.monmouth.edu/polling-institute/documents/monmouthpoll_us_102022.pdf/,Congress,23,69,7
81127,568,YouGov,,The Economist,NA,NA,NA,YouGov,Online Matched Sample,NA,2022-10-16T00:00:00Z,2022-10-18T00:00:00Z,FALSE,NA,163600,1500,a,NA,a,FALSE,2025-04-28 19:33:16 UTC,2025-04-28 19:33:16 UTC,NA,https://docs.cdn.yougov.com/ez0xfzdbfl/econtoplines.pdf,NA,https://docs.cdn.yougov.com/ez0xfzdbfl/econtoplines.pdf,https://docs.cdn.yougov.com/3vmufv6ya9/econTabReport.pdf,Congress,18,53,30
81127,568,YouGov,,The Economist,NA,NA,NA,YouGov,Online Matched Sample,NA,2022-10-16T00:00:00Z,2022-10-18T00:00:00Z,FALSE,NA,163602,1110,lv,NA,lv,FALSE,2025-04-28 19:33:12 UTC,2025-04-28 19:33:12 UTC,NA,https://docs.cdn.yougov.com/3vmufv6ya9/econTabReport.pdf,NA,NA,https://docs.cdn.yougov.com/3vmufv6ya9/econTabReport.pdf,Congress,20,62,17
81127,568,YouGov,,The Economist,NA,NA,NA,YouGov,Online Matched Sample,NA,2022-10-16T00:00:00Z,2022-10-18T00:00:00Z,FALSE,NA,163601,1345,rv,NA,rv,FALSE,2025-04-28 19:33:16 UTC,2025-04-28 19:33:16 UTC,NA,https://docs.cdn.yougov.com/3vmufv6ya9/econTabReport.pdf,NA,NA,https://docs.cdn.yougov.com/3vmufv6ya9/econTabReport.pdf,Congress,19,58,22
81164,1102,Emerson,,NA,NA,NA,NA,Emerson College,IVR/Online Opt-In Panel,NA,2022-10-18T00:00:00Z,2022-10-19T00:00:00Z,FALSE,NA,163754,1000,rv,NA,rv,FALSE,2025-04-28 19:33:27 UTC,2025-04-28 19:33:27 UTC,NA,https://emersoncollegepolling.com/national-poll-biden-approval-drops-as-republicans-congressional-control-chances-improve/,https://emersoncollegepolling.com/national-poll-biden-approval-drops-as-republicans-congressional-control-chances-improve/,NA,NA,Congress,25.1,56.8,18.1
81257,169,Gallup,,NA,NA,NA,NA,Gallup,Live Phone,NA,2022-10-03T00:00:00Z,2022-10-20T00:00:00Z,FALSE,NA,164517,1009,a,NA,a,FALSE,2025-04-28 19:33:29 UTC,2025-04-28 19:33:29 UTC,NA,https://news.gallup.com/poll/404414/gop-political-winds-back-2022.aspx,https://news.gallup.com/poll/404414/gop-political-winds-back-2022.aspx,NA,NA,Congress,21,75,5
81267,568,YouGov,,The Economist,NA,NA,NA,YouGov,Online Matched Sample,NA,2022-10-22T00:00:00Z,2022-10-25T00:00:00Z,FALSE,NA,164120,1335,rv,NA,rv,FALSE,2025-04-28 19:33:28 UTC,2025-04-28 19:33:28 UTC,NA,https://docs.cdn.yougov.com/sp4h6s0adp/econTabReport.pdf,NA,NA,https://docs.cdn.yougov.com/sp4h6s0adp/econTabReport.pdf,Congress,22,59,19
81267,568,YouGov,,The Economist,NA,NA,NA,YouGov,Online Matched Sample,NA,2022-10-22T00:00:00Z,2022-10-25T00:00:00Z,FALSE,NA,164121,1114,lv,NA,lv,FALSE,2025-04-28 19:33:28 UTC,2025-04-28 19:33:28 UTC,NA,https://docs.cdn.yougov.com/sp4h6s0adp/econTabReport.pdf,NA,NA,https://docs.cdn.yougov.com/sp4h6s0adp/econTabReport.pdf,Congress,22,63,16
81267,568,YouGov,,The Economist,NA,NA,NA,YouGov,Online Matched Sample,NA,2022-10-22T00:00:00Z,2022-10-25T00:00:00Z,FALSE,NA,164094,1500,a,NA,a,FALSE,2025-04-28 19:33:28 UTC,2025-04-28 19:33:28 UTC,NA,https://docs.cdn.yougov.com/av1i1708cm/econtoplines.pdf,NA,https://docs.cdn.yougov.com/av1i1708cm/econtoplines.pdf,NA,Congress,20,52,29
81482,568,YouGov,,Yahoo News,NA,NA,NA,YouGov,Online Matched Sample,NA,2022-10-27T00:00:00Z,2022-10-31T00:00:00Z,FALSE,NA,164855,1641,a,NA,a,FALSE,2025-04-28 19:33:30 UTC,2025-04-28 19:33:30 UTC,NA,https://news.yahoo.com/final-yahoo-news-you-gov-midterm-poll-spells-trouble-democrats-171717450.html,https://news.yahoo.com/final-yahoo-news-you-gov-midterm-poll-spells-trouble-democrats-171717450.html,NA,https://www.scribd.com/document/604842800/20221101-yahoo-tabs,Congress,19,55,26
81482,568,YouGov,,Yahoo News,NA,NA,NA,YouGov,Online Matched Sample,NA,2022-10-27T00:00:00Z,2022-10-31T00:00:00Z,FALSE,NA,164856,1172,rv,NA,rv,FALSE,2025-04-28 19:33:30 UTC,2025-04-28 19:33:30 UTC,NA,https://news.yahoo.com/final-yahoo-news-you-gov-midterm-poll-spells-trouble-democrats-171717450.html,https://news.yahoo.com/final-yahoo-news-you-gov-midterm-poll-spells-trouble-democrats-171717450.html,NA,https://www.scribd.com/document/604842800/20221101-yahoo-tabs,Congress,21,62,17
81444,568,YouGov,,The Economist,NA,NA,NA,YouGov,Online Matched Sample,NA,2022-10-29T00:00:00Z,2022-11-01T00:00:00Z,FALSE,NA,164719,1500,a,NA,a,FALSE,2025-04-28 19:33:30 UTC,2025-04-28 19:33:30 UTC,NA,https://docs.cdn.yougov.com/j7w07vy4wt/econtoplines.pdf,NA,https://docs.cdn.yougov.com/j7w07vy4wt/econtoplines.pdf,https://docs.cdn.yougov.com/2a0eir3enp/econTabReport.pdf,Congress,21,53,27
81444,568,YouGov,,The Economist,NA,NA,NA,YouGov,Online Matched Sample,NA,2022-10-29T00:00:00Z,2022-11-01T00:00:00Z,FALSE,NA,164720,1330,rv,NA,rv,FALSE,2025-04-28 19:33:16 UTC,2025-04-28 19:33:16 UTC,NA,https://docs.cdn.yougov.com/sp4h6s0adp/econTabReport.pdf,NA,NA,https://docs.cdn.yougov.com/sp4h6s0adp/econTabReport.pdf,Congress,23,57,21
81444,568,YouGov,,The Economist,NA,NA,NA,YouGov,Online Matched Sample,NA,2022-10-29T00:00:00Z,2022-11-01T00:00:00Z,FALSE,NA,164721,1101,lv,NA,lv,FALSE,2025-04-28 19:33:16 UTC,2025-04-28 19:33:16 UTC,NA,https://docs.cdn.yougov.com/sp4h6s0adp/econTabReport.pdf,NA,NA,https://docs.cdn.yougov.com/sp4h6s0adp/econTabReport.pdf,Congress,22,61,16
81591,568,YouGov,,The Economist,NA,NA,NA,YouGov,Online Matched Sample,NA,2022-11-03T00:00:00Z,2022-11-06T00:00:00Z,FALSE,NA,165153,1500,a,NA,a,FALSE,2025-04-28 19:33:41 UTC,2025-04-28 19:33:41 UTC,NA,https://docs.cdn.yougov.com/2fp36kbnpx/econtoplines.pdf,NA,https://docs.cdn.yougov.com/2fp36kbnpx/econtoplines.pdf,NA,Congress,19,53,27
81591,568,YouGov,,The Economist,NA,NA,NA,YouGov,Online Matched Sample,NA,2022-11-03T00:00:00Z,2022-11-06T00:00:00Z,FALSE,NA,165178,1315,rv,NA,rv,FALSE,2025-04-28 19:33:41 UTC,2025-04-28 19:33:41 UTC,NA,https://docs.cdn.yougov.com/pyh97ixj6q/econTabReport.pdf,NA,NA,https://docs.cdn.yougov.com/pyh97ixj6q/econTabReport.pdf,Congress,22,59,18
81591,568,YouGov,,The Economist,NA,NA,NA,YouGov,Online Matched Sample,NA,2022-11-03T00:00:00Z,2022-11-06T00:00:00Z,FALSE,NA,165179,1071,lv,NA,lv,FALSE,2025-04-28 19:33:41 UTC,2025-04-28 19:33:41 UTC,NA,https://docs.cdn.yougov.com/pyh97ixj6q/econTabReport.pdf,NA,NA,https://docs.cdn.yougov.com/pyh97ixj6q/econTabReport.pdf,Congress,23,63,15
81670,568,YouGov,,The Economist,NA,NA,NA,YouGov,Online Matched Sample,NA,2022-11-13T00:00:00Z,2022-11-15T00:00:00Z,FALSE,NA,165490,1287,rv,NA,rv,FALSE,2025-04-28 19:33:32 UTC,2025-04-28 19:33:32 UTC,NA,https://docs.cdn.yougov.com/gebmjsbpbw/econTabReport.pdf,NA,NA,https://docs.cdn.yougov.com/gebmjsbpbw/econTabReport.pdf,Congress,21,59,20
81670,568,YouGov,,The Economist,NA,NA,NA,YouGov,Online Matched Sample,NA,2022-11-13T00:00:00Z,2022-11-15T00:00:00Z,FALSE,NA,165489,1500,a,NA,a,FALSE,2025-04-28 19:33:32 UTC,2025-04-28 19:33:32 UTC,NA,https://docs.cdn.yougov.com/l4uezifj5w/econtoplines.pdf,NA,https://docs.cdn.yougov.com/l4uezifj5w/econtoplines.pdf,https://docs.cdn.yougov.com/gebmjsbpbw/econTabReport.pdf,Congress,21,52,28
81690,1797,HarrisX/Harris Poll,,Harvard University Center for American Political Studies,NA,NA,NA,HarrisX/Harris Poll,Online Opt-In Panel,NA,2022-11-16T00:00:00Z,2022-11-17T00:00:00Z,FALSE,NA,165574,2212,rv,NA,rv,FALSE,2025-04-28 19:33:08 UTC,2025-04-28 19:33:08 UTC,NA,https://harvardharrispoll.com/wp-content/uploads/2022/11/HHP_Nov2022_KeyResults.pdf,https://harvardharrispoll.com/wp-content/uploads/2022/11/HHP_Nov2022_KeyResults.pdf,https://harvardharrispoll.com/topline-december/,https://harvardharrispoll.com/crosstabs-december-2/,Congress,36,56,9
81725,1075,Marquette Law School,,NA,NA,NA,NA,Marquette University Law School,Probability Panel,NA,2022-11-15T00:00:00Z,2022-11-22T00:00:00Z,FALSE,NA,165879,840,rv,NA,rv,FALSE,2025-04-28 19:33:10 UTC,2025-04-28 19:33:10 UTC,NA,https://law.marquette.edu/poll/wp-content/uploads/2022/12/MLSPSC11PressRelease_NationalIssues.pdf,https://law.marquette.edu/poll/wp-content/uploads/2022/12/MLSPSC11PressRelease_NationalIssues.pdf,https://law.marquette.edu/poll/wp-content/uploads/2022/12/MLSPSC11ToplinesRV.html,https://law.marquette.edu/poll/category/results-and-data/,Congress,33,67,0
81706,568,YouGov,,The Economist,NA,NA,NA,YouGov,Online Matched Sample,NA,2022-11-19T00:00:00Z,2022-11-22T00:00:00Z,FALSE,NA,165760,1500,a,NA,a,FALSE,2025-04-28 19:33:13 UTC,2025-04-28 19:33:13 UTC,NA,https://docs.cdn.yougov.com/5wsputvmjl/econtoplines.pdf,NA,https://docs.cdn.yougov.com/5wsputvmjl/econtoplines.pdf,https://docs.cdn.yougov.com/h45mt3xoby/econTabReport.pdf,Congress,22,46,33
81706,568,YouGov,,The Economist,NA,NA,NA,YouGov,Online Matched Sample,NA,2022-11-19T00:00:00Z,2022-11-22T00:00:00Z,FALSE,NA,165761,1296,rv,NA,rv,FALSE,2025-04-28 19:33:13 UTC,2025-04-28 19:33:13 UTC,NA,https://docs.cdn.yougov.com/h45mt3xoby/econTabReport.pdf,NA,NA,https://docs.cdn.yougov.com/h45mt3xoby/econTabReport.pdf,Congress,22,53,25
81704,1697,Bullfinch,,NA,NA,NA,NA,The Bullfinch Group,Online Opt-In Panel,NA,2022-11-18T00:00:00Z,2022-11-22T00:00:00Z,FALSE,NA,165707,1200,a,NA,a,FALSE,2025-04-28 19:33:10 UTC,2025-04-28 19:33:10 UTC,NA,https://www.thebullfinchgroup.com/post/public-release-of-bullfinch-q4-nationwide-survey-1,https://www.thebullfinchgroup.com/post/public-release-of-bullfinch-q4-nationwide-survey-1,https://projects.fivethirtyeight.com/polls/20221122_US_Bullfinch.pdf,NA,Congress,36,54,10
81725,1075,Marquette Law School,,NA,NA,NA,NA,Marquette University Law School,Probability Panel,NA,2022-11-15T00:00:00Z,2022-11-22T00:00:00Z,FALSE,NA,165878,1004,a,NA,a,FALSE,2025-04-28 19:33:10 UTC,2025-04-28 19:33:10 UTC,NA,https://law.marquette.edu/poll/wp-content/uploads/2022/12/MLSPSC11PressRelease_NationalIssues.pdf,https://law.marquette.edu/poll/wp-content/uploads/2022/12/MLSPSC11PressRelease_NationalIssues.pdf,https://law.marquette.edu/poll/wp-content/uploads/2022/12/MLSPSC11Toplines.html,https://law.marquette.edu/poll/category/results-and-data/,Congress,32,67,0
81704,1697,Bullfinch,,NA,NA,NA,NA,The Bullfinch Group,Online Opt-In Panel,NA,2022-11-18T00:00:00Z,2022-11-22T00:00:00Z,FALSE,NA,165708,1000,rv,NA,rv,FALSE,2025-04-28 19:33:10 UTC,2025-04-28 19:33:10 UTC,NA,https://www.thebullfinchgroup.com/post/public-release-of-bullfinch-q4-nationwide-survey-1,https://www.thebullfinchgroup.com/post/public-release-of-bullfinch-q4-nationwide-survey-1,https://projects.fivethirtyeight.com/polls/20221122_US_Bullfinch.pdf,NA,Congress,37,56,7
82014,1771,Cornell University Collaborative Midterm Survey,,NA,NA,NA,NA,Cornell University Collaborative Midterm Survey,Live Phone/Online Opt-In Panel/Text-to-Web/Mail-to-Web,NA,2022-10-26T00:00:00Z,2022-11-25T00:00:00Z,FALSE,NA,167371,19957,a,NA,a,FALSE,2025-04-28 19:33:40 UTC,2025-04-28 19:33:40 UTC,NA,https://socialsciences.cornell.edu/funding-programs/2022-collaborative-midterm-survey,https://socialsciences.cornell.edu/funding-programs/2022-collaborative-midterm-survey,NA,NA,Congress,38,63,0
81724,568,YouGov,,The Economist,NA,NA,NA,YouGov,Online Matched Sample,NA,2022-11-26T00:00:00Z,2022-11-29T00:00:00Z,FALSE,NA,165824,1319,rv,NA,rv,FALSE,2025-04-28 19:33:08 UTC,2025-04-28 19:33:08 UTC,NA,https://docs.cdn.yougov.com/3jonl2kylh/econTabReport.pdf,NA,NA,https://docs.cdn.yougov.com/3jonl2kylh/econTabReport.pdf,Congress,23,56,21
81724,568,YouGov,,The Economist,NA,NA,NA,YouGov,Online Matched Sample,NA,2022-11-26T00:00:00Z,2022-11-29T00:00:00Z,FALSE,NA,165823,1500,a,NA,a,FALSE,2025-04-28 19:33:08 UTC,2025-04-28 19:33:08 UTC,NA,https://docs.cdn.yougov.com/2zebcvjoec/econtoplines.pdf,NA,https://docs.cdn.yougov.com/2zebcvjoec/econtoplines.pdf,https://docs.cdn.yougov.com/3jonl2kylh/econTabReport.pdf,Congress,20,49,32
81794,169,Gallup,,NA,NA,NA,NA,Gallup,Live Phone,NA,2022-11-09T00:00:00Z,2022-12-02T00:00:00Z,FALSE,NA,166140,1020,a,NA,a,FALSE,2025-04-28 19:33:11 UTC,2025-04-28 19:33:11 UTC,NA,https://news.gallup.com/poll/406421/biden-congress-job-ratings-unchanged-midterm-elections.aspx,https://news.gallup.com/poll/406421/biden-congress-job-ratings-unchanged-midterm-elections.aspx,NA,NA,Congress,22,73,0
81769,568,YouGov,,The Economist,NA,NA,NA,YouGov,Online Matched Sample,NA,2022-12-03T00:00:00Z,2022-12-06T00:00:00Z,FALSE,NA,166030,1332,rv,NA,rv,FALSE,2025-04-28 19:33:11 UTC,2025-04-28 19:33:11 UTC,NA,https://docs.cdn.yougov.com/qsanp37uhh/econTabReport.pdf,NA,NA,https://docs.cdn.yougov.com/qsanp37uhh/econTabReport.pdf,Congress,20,59,20
81769,568,YouGov,,The Economist,NA,NA,NA,YouGov,Online Matched Sample,NA,2022-12-03T00:00:00Z,2022-12-06T00:00:00Z,FALSE,NA,166029,1500,a,NA,a,FALSE,2025-04-28 19:33:11 UTC,2025-04-28 19:33:11 UTC,NA,https://docs.cdn.yougov.com/dshfq4wqyr/econtoplines.pdf,NA,https://docs.cdn.yougov.com/dshfq4wqyr/econtoplines.pdf,https://docs.cdn.yougov.com/qsanp37uhh/econTabReport.pdf,Congress,20,52,28
81832,1597,Beacon/Shaw,,Fox News,NA,NA,NA,Beacon Research/Shaw & Co. Research,Live Phone,NA,2022-12-09T00:00:00Z,2022-12-12T00:00:00Z,FALSE,NA,166370,1005,rv,NA,rv,FALSE,2025-04-28 19:33:12 UTC,2025-04-28 19:33:12 UTC,NA,https://www.foxnews.com/official-polls/fox-news-poll-americans-down-economy-hopeful-country,https://www.foxnews.com/official-polls/fox-news-poll-americans-down-economy-hopeful-country,https://static.foxnews.com/foxnews.com/content/uploads/2022/12/Fox_December-9-12-2022_National_Topline_December-14-Release.pdf,https://static.foxnews.com/foxnews.com/content/uploads/2022/12/Fox_December-9-12-2022_National_Cross-Tabs_December-14-Release.pdf,Congress,27,67,6
81829,320,Monmouth,,NA,NA,NA,NA,Monmouth University Polling Institute,Live Phone,NA,2022-12-08T00:00:00Z,2022-12-12T00:00:00Z,FALSE,NA,166311,739,rv,NA,rv,FALSE,2025-04-28 19:33:12 UTC,2025-04-28 19:33:12 UTC,NA,https://www.monmouth.edu/polling-institute/reports/MonmouthPoll_US_121422/,https://www.monmouth.edu/polling-institute/reports/MonmouthPoll_US_121422/,NA,https://www.monmouth.edu/polling-institute/documents/monmouthpoll_us_121422.pdf/,Congress,28,62,10
81829,320,Monmouth,,NA,NA,NA,NA,Monmouth University Polling Institute,Live Phone,NA,2022-12-08T00:00:00Z,2022-12-12T00:00:00Z,FALSE,NA,166310,805,a,NA,a,FALSE,2025-04-28 19:33:12 UTC,2025-04-28 19:33:12 UTC,NA,https://www.monmouth.edu/polling-institute/reports/MonmouthPoll_US_121422/,https://www.monmouth.edu/polling-institute/reports/MonmouthPoll_US_121422/,NA,https://www.monmouth.edu/polling-institute/documents/monmouthpoll_us_121422.pdf/,Congress,26,62,12
81826,568,YouGov,,The Economist,NA,NA,NA,YouGov,Online Matched Sample,NA,2022-12-10T00:00:00Z,2022-12-13T00:00:00Z,FALSE,NA,166281,1338,rv,NA,rv,FALSE,2025-04-28 19:33:11 UTC,2025-04-28 19:33:11 UTC,NA,https://docs.cdn.yougov.com/urts2xadfd/econTabReport.pdf,NA,NA,https://docs.cdn.yougov.com/urts2xadfd/econTabReport.pdf,Congress,23,54,23
81826,568,YouGov,,The Economist,NA,NA,NA,YouGov,Online Matched Sample,NA,2022-12-10T00:00:00Z,2022-12-13T00:00:00Z,FALSE,NA,166280,1500,a,NA,a,FALSE,2025-04-28 19:33:12 UTC,2025-04-28 19:33:12 UTC,NA,https://docs.cdn.yougov.com/b94ttrxy3v/econtoplines.pdf,NA,https://docs.cdn.yougov.com/b94ttrxy3v/econtoplines.pdf,https://docs.cdn.yougov.com/urts2xadfd/econTabReport.pdf,Congress,22,47,32
81853,1797,HarrisX/Harris Poll,,Harvard University Center for American Political Studies,NA,NA,NA,HarrisX/Harris Poll,Online Opt-In Panel,NA,2022-12-14T00:00:00Z,2022-12-15T00:00:00Z,FALSE,NA,166455,1851,rv,NA,rv,FALSE,2025-04-28 19:33:14 UTC,2025-04-28 19:33:14 UTC,NA,https://harvardharrispoll.com/wp-content/uploads/2022/12/HHP_Dec2022_KeyResults.pdf,https://harvardharrispoll.com/wp-content/uploads/2022/12/HHP_Dec2022_KeyResults.pdf,NA,NA,Congress,35,56,9
81873,568,YouGov,,The Economist,NA,NA,NA,YouGov,Online Matched Sample,NA,2022-12-17T00:00:00Z,2022-12-20T00:00:00Z,FALSE,NA,166596,1500,a,NA,a,FALSE,2025-04-28 19:33:14 UTC,2025-04-28 19:33:14 UTC,NA,https://docs.cdn.yougov.com/c5o6xiw8t9/econtoplines.pdf,NA,https://docs.cdn.yougov.com/c5o6xiw8t9/econtoplines.pdf,https://docs.cdn.yougov.com/by8wjw1hur/econTabReport.pdf,Congress,24,48,28
81873,568,YouGov,,The Economist,NA,NA,NA,YouGov,Online Matched Sample,NA,2022-12-17T00:00:00Z,2022-12-20T00:00:00Z,FALSE,NA,166597,1321,rv,NA,rv,FALSE,2025-04-28 19:33:14 UTC,2025-04-28 19:33:14 UTC,NA,https://docs.cdn.yougov.com/by8wjw1hur/econTabReport.pdf,NA,NA,https://docs.cdn.yougov.com/by8wjw1hur/econTabReport.pdf,Congress,25,54,21
81923,568,YouGov,,The Economist,NA,NA,NA,YouGov,Online Matched Sample,NA,2022-12-31T00:00:00Z,2023-01-03T00:00:00Z,FALSE,NA,166920,1301,rv,NA,rv,FALSE,2025-04-28 19:33:11 UTC,2025-04-28 19:33:11 UTC,NA,https://docs.cdn.yougov.com/0g9mwkpaky/econTabReport.pdf,NA,NA,https://docs.cdn.yougov.com/0g9mwkpaky/econTabReport.pdf,Congress,23,51,25
81923,568,YouGov,,The Economist,NA,NA,NA,YouGov,Online Matched Sample,NA,2022-12-31T00:00:00Z,2023-01-03T00:00:00Z,FALSE,NA,166919,1500,a,NA,a,FALSE,2025-04-28 19:33:11 UTC,2025-04-28 19:33:11 UTC,NA,https://docs.cdn.yougov.com/ojnkvlmfiq/econtoplines.pdf,NA,https://docs.cdn.yougov.com/ojnkvlmfiq/econtoplines.pdf,https://docs.cdn.yougov.com/0g9mwkpaky/econTabReport.pdf,Congress,21,48,32
81978,1888,UMass Amherst/YouGov,,NA,NA,NA,NA,University of Massachusetts Department of Political Science/YouGov,Online Matched Sample,NA,2023-01-05T00:00:00Z,2023-01-09T00:00:00Z,FALSE,NA,167129,1000,a,NA,a,FALSE,2025-04-28 19:33:11 UTC,2025-04-28 19:33:11 UTC,NA,https://polsci.umass.edu/toplines-and-crosstabs-jan-2023-biden-performance-2024-democrat-primaries-abortion-and-gun-control,https://polsci.umass.edu/toplines-and-crosstabs-jan-2023-biden-performance-2024-democrat-primaries-abortion-and-gun-control,https://polsci.umass.edu/sites/default/files/BidenToplinesJanuaryNational2023.pdf,https://polsci.umass.edu/sites/default/files/BidenJanuary2023NationalCrosstabs.pdf,Congress,28,58,15
81966,568,YouGov,,The Economist,NA,NA,NA,YouGov,Online Matched Sample,NA,2023-01-08T00:00:00Z,2023-01-10T00:00:00Z,FALSE,NA,167062,1500,a,NA,a,FALSE,2025-04-28 19:33:11 UTC,2025-04-28 19:33:11 UTC,NA,https://docs.cdn.yougov.com/uo5683gvco/econtoplines.pdf,NA,https://docs.cdn.yougov.com/uo5683gvco/econtoplines.pdf,https://docs.cdn.yougov.com/6ig3yyjvb9/econTabReport.pdf,Congress,19,50,31
81966,568,YouGov,,The Economist,NA,NA,NA,YouGov,Online Matched Sample,NA,2023-01-08T00:00:00Z,2023-01-10T00:00:00Z,FALSE,NA,167063,1356,rv,NA,rv,FALSE,2025-04-28 19:33:11 UTC,2025-04-28 19:33:11 UTC,NA,https://docs.cdn.yougov.com/6ig3yyjvb9/econTabReport.pdf,NA,NA,https://docs.cdn.yougov.com/6ig3yyjvb9/econTabReport.pdf,Congress,21,54,24
82001,568,YouGov,,Yahoo News,NA,NA,NA,YouGov,Online Matched Sample,NA,2023-01-12T00:00:00Z,2023-01-16T00:00:00Z,FALSE,NA,167294,1029,rv,NA,rv,FALSE,2025-04-28 19:33:11 UTC,2025-04-28 19:33:11 UTC,NA,https://www.scribd.com/document/620785183/20230117-yahoo-tabs#,NA,NA,https://www.scribd.com/document/620785183/20230117-yahoo-tabs#,Congress,18,62,20
82001,568,YouGov,,Yahoo News,NA,NA,NA,YouGov,Online Matched Sample,NA,2023-01-12T00:00:00Z,2023-01-16T00:00:00Z,FALSE,NA,167293,1538,a,NA,a,FALSE,2025-04-28 19:33:11 UTC,2025-04-28 19:33:11 UTC,NA,https://www.scribd.com/document/620785183/20230117-yahoo-tabs#,NA,NA,https://www.scribd.com/document/620785183/20230117-yahoo-tabs#,Congress,18,55,26
81997,568,YouGov,,The Economist,NA,NA,NA,YouGov,Online Matched Sample,NA,2023-01-14T00:00:00Z,2023-01-17T00:00:00Z,FALSE,NA,167181,1500,a,NA,a,FALSE,2025-04-28 19:33:38 UTC,2025-04-28 19:33:38 UTC,NA,https://docs.cdn.yougov.com/lcaevasr2o/econtoplines.pdf,NA,https://docs.cdn.yougov.com/lcaevasr2o/econtoplines.pdf,https://docs.cdn.yougov.com/52ob991rpr/econTabReport.pdf,Congress,24,46,30
81997,568,YouGov,,The Economist,NA,NA,NA,YouGov,Online Matched Sample,NA,2023-01-14T00:00:00Z,2023-01-17T00:00:00Z,FALSE,NA,167182,1314,rv,NA,rv,FALSE,2025-04-28 19:33:11 UTC,2025-04-28 19:33:11 UTC,NA,https://docs.cdn.yougov.com/52ob991rpr/econTabReport.pdf,NA,NA,https://docs.cdn.yougov.com/52ob991rpr/econTabReport.pdf,Congress,25,51,23
82015,1797,HarrisX/Harris Poll,,Harvard University Center for American Political Studies,NA,NA,NA,HarrisX/Harris Poll,Online Opt-In Panel,NA,2023-01-18T00:00:00Z,2023-01-19T00:00:00Z,FALSE,NA,167329,2050,rv,NA,rv,FALSE,2025-04-28 19:33:11 UTC,2025-04-28 19:33:11 UTC,NA,https://harvardharrispoll.com/wp-content/uploads/2023/01/HHP_Jan2023_KeyResults.pdf,https://harvardharrispoll.com/wp-content/uploads/2023/01/HHP_Jan2023_KeyResults.pdf,NA,NA,Congress,34,57,8
82046,1075,Marquette Law School,,NA,NA,NA,NA,Marquette University Law School,Probability Panel,NA,2023-01-09T00:00:00Z,2023-01-20T00:00:00Z,FALSE,NA,167598,1000,a,NA,a,FALSE,2025-04-28 19:33:12 UTC,2025-04-28 19:33:12 UTC,NA,https://law.marquette.edu/poll/wp-content/uploads/2023/01/MLSPSC12PressRelease_NationalIssues.pdf,https://law.marquette.edu/poll/wp-content/uploads/2023/01/MLSPSC12PressRelease_NationalIssues.pdf,https://law.marquette.edu/poll/wp-content/uploads/2023/01/MLSPSC12Toplines.html,https://law.marquette.edu/poll/wp-content/uploads/2023/01/MLSPSC12Crosstabs.html,Congress,32,68,0
82046,1075,Marquette Law School,,NA,NA,NA,NA,Marquette University Law School,Probability Panel,NA,2023-01-09T00:00:00Z,2023-01-20T00:00:00Z,FALSE,NA,167599,790,rv,NA,rv,FALSE,2025-04-28 19:33:12 UTC,2025-04-28 19:33:12 UTC,NA,https://law.marquette.edu/poll/wp-content/uploads/2023/01/MLSPSC12PressRelease_NationalIssues.pdf,https://law.marquette.edu/poll/wp-content/uploads/2023/01/MLSPSC12PressRelease_NationalIssues.pdf,https://law.marquette.edu/poll/wp-content/uploads/2023/01/MLSPSC12ToplinesRV.html,https://law.marquette.edu/poll/wp-content/uploads/2023/01/MLSPSC12CrosstabsRV.html,Congress,31,69,0
82050,169,Gallup,,NA,NA,NA,NA,Gallup,Live Phone,NA,2023-01-02T00:00:00Z,2023-01-22T00:00:00Z,FALSE,NA,167791,1011,a,NA,a,FALSE,2025-04-28 19:33:41 UTC,2025-04-28 19:33:41 UTC,NA,https://news.gallup.com/poll/468983/cite-gov-top-problem-inflation-ranks-second.aspx,https://news.gallup.com/poll/468983/cite-gov-top-problem-inflation-ranks-second.aspx,NA,NA,Congress,21,75,5
82044,568,YouGov,,The Economist,NA,NA,NA,YouGov,Online Matched Sample,NA,2023-01-21T00:00:00Z,2023-01-24T00:00:00Z,FALSE,NA,167511,1500,a,NA,a,FALSE,2025-04-28 19:33:12 UTC,2025-04-28 19:33:12 UTC,NA,https://docs.cdn.yougov.com/wl1juxd6zw/econtoplines.pdf,NA,https://docs.cdn.yougov.com/wl1juxd6zw/econtoplines.pdf,https://docs.cdn.yougov.com/b0nx6h2f1n/econTabReport.pdf,Congress,17,52,31
82044,568,YouGov,,The Economist,NA,NA,NA,YouGov,Online Matched Sample,NA,2023-01-21T00:00:00Z,2023-01-24T00:00:00Z,FALSE,NA,167512,1330,rv,NA,rv,FALSE,2025-04-28 19:33:12 UTC,2025-04-28 19:33:12 UTC,NA,https://docs.cdn.yougov.com/b0nx6h2f1n/econTabReport.pdf,NA,NA,https://docs.cdn.yougov.com/b0nx6h2f1n/econTabReport.pdf,Congress,19,58,24
82097,1360,AP-NORC,,NA,NA,NA,NA,AP-NORC,Live Phone/Probability Panel,NA,2023-01-26T00:00:00Z,2023-01-30T00:00:00Z,FALSE,NA,168871,1068,a,NA,a,FALSE,2025-04-28 19:33:24 UTC,2025-04-28 19:33:24 UTC,NA,https://apnorc.org/projects/the-future-for-the-republican-and-democratic-parties/,https://apnorc.org/projects/the-future-for-the-republican-and-democratic-parties/,https://apnorc.org/wp-content/uploads/2023/02/APNORC_Jan2023_Topline-Parties.pdf,NA,Congress,19,79,3
82093,320,Monmouth,,NA,NA,NA,NA,Monmouth University Polling Institute,Live Phone,NA,2023-01-26T00:00:00Z,2023-01-30T00:00:00Z,FALSE,NA,167874,805,a,NA,a,FALSE,2025-04-28 19:33:41 UTC,2025-04-28 19:33:41 UTC,NA,https://www.monmouth.edu/polling-institute/reports/monmouthpoll_us_020123/,https://www.monmouth.edu/polling-institute/reports/monmouthpoll_us_020123/,NA,https://www.monmouth.edu/polling-institute/documents/monmouthpoll_us_020123.pdf/,Congress,19,67,14
82093,320,Monmouth,,NA,NA,NA,NA,Monmouth University Polling Institute,Live Phone,NA,2023-01-26T00:00:00Z,2023-01-30T00:00:00Z,FALSE,NA,167875,757,rv,NA,rv,FALSE,2025-04-28 19:33:41 UTC,2025-04-28 19:33:41 UTC,NA,https://www.monmouth.edu/polling-institute/reports/monmouthpoll_us_020123/,https://www.monmouth.edu/polling-institute/reports/monmouthpoll_us_020123/,NA,https://www.monmouth.edu/polling-institute/documents/monmouthpoll_us_020123.pdf/,Congress,19,69,12
82091,568,YouGov,,The Economist,NA,NA,NA,YouGov,Online Matched Sample,NA,2023-01-29T00:00:00Z,2023-01-31T00:00:00Z,FALSE,NA,167854,1500,a,NA,a,FALSE,2025-04-28 19:33:41 UTC,2025-04-28 19:33:41 UTC,NA,https://docs.cdn.yougov.com/hakymqbmww/econtoplines.pdf,NA,https://docs.cdn.yougov.com/hakymqbmww/econtoplines.pdf,https://docs.cdn.yougov.com/sqkyqhgbfz/econTabReport.pdf,Congress,17,51,32
82091,568,YouGov,,The Economist,NA,NA,NA,YouGov,Online Matched Sample,NA,2023-01-29T00:00:00Z,2023-01-31T00:00:00Z,FALSE,NA,167855,1319,rv,NA,rv,FALSE,2025-04-28 19:33:41 UTC,2025-04-28 19:33:41 UTC,NA,https://docs.cdn.yougov.com/sqkyqhgbfz/econTabReport.pdf,NA,NA,https://docs.cdn.yougov.com/sqkyqhgbfz/econTabReport.pdf,Congress,18,57,26
82106,568,YouGov,,CBS News,NA,NA,NA,YouGov,Online Matched Sample,NA,2023-02-01T00:00:00Z,2023-02-04T00:00:00Z,FALSE,NA,167946,2030,a,NA,a,FALSE,2025-04-28 19:33:41 UTC,2025-04-28 19:33:41 UTC,NA,https://www.cbsnews.com/news/economy-views-improve-debt-ceiling-uncertainty-opinion-poll-2023-02-05/,https://www.cbsnews.com/news/economy-views-improve-debt-ceiling-uncertainty-opinion-poll-2023-02-05/,NA,https://www.scribd.com/document/623822027/cbsnews-20230205-SUN-1,Congress,30,70,0
82129,568,YouGov,,Yahoo News,NA,NA,NA,YouGov,Online Matched Sample,NA,2023-02-02T00:00:00Z,2023-02-06T00:00:00Z,FALSE,NA,168746,1585,a,NA,a,FALSE,2025-04-28 19:33:23 UTC,2025-04-28 19:33:23 UTC,NA,https://news.yahoo.com/new-poll-shows-americans-at-odds-over-black-history-222030915.html,https://news.yahoo.com/new-poll-shows-americans-at-odds-over-black-history-222030915.html,NA,https://www.scribd.com/document/625072114/20230206-yahoo-tabs,Congress,21,53,25
82129,568,YouGov,,Yahoo News,NA,NA,NA,YouGov,Online Matched Sample,NA,2023-02-02T00:00:00Z,2023-02-06T00:00:00Z,FALSE,NA,168747,1063,rv,NA,rv,FALSE,2025-04-28 19:33:23 UTC,2025-04-28 19:33:23 UTC,NA,https://news.yahoo.com/new-poll-shows-americans-at-odds-over-black-history-222030915.html,https://news.yahoo.com/new-poll-shows-americans-at-odds-over-black-history-222030915.html,NA,https://www.scribd.com/document/625072114/20230206-yahoo-tabs,Congress,22,59,19
82126,568,YouGov,,The Economist,NA,NA,NA,YouGov,Online Matched Sample,NA,2023-02-04T00:00:00Z,2023-02-07T00:00:00Z,FALSE,NA,168004,1500,a,NA,a,FALSE,2025-04-28 19:33:12 UTC,2025-04-28 19:33:12 UTC,NA,https://docs.cdn.yougov.com/gsfav7gghv/econtoplines.pdf,NA,https://docs.cdn.yougov.com/gsfav7gghv/econtoplines.pdf,https://docs.cdn.yougov.com/gg0t2njevs/econTabReport.pdf,Congress,21,47,32
82126,568,YouGov,,The Economist,NA,NA,NA,YouGov,Online Matched Sample,NA,2023-02-04T00:00:00Z,2023-02-07T00:00:00Z,FALSE,NA,168005,1294,rv,NA,rv,FALSE,2025-04-28 19:33:12 UTC,2025-04-28 19:33:12 UTC,NA,https://docs.cdn.yougov.com/gg0t2njevs/econTabReport.pdf,NA,NA,https://docs.cdn.yougov.com/gg0t2njevs/econTabReport.pdf,Congress,23,53,24
82201,568,YouGov,,The Economist,NA,NA,NA,YouGov,Online Matched Sample,NA,2023-02-11T00:00:00Z,2023-02-14T00:00:00Z,FALSE,NA,168949,1500,a,NA,a,FALSE,2025-04-28 19:33:24 UTC,2025-04-28 19:33:24 UTC,NA,https://docs.cdn.yougov.com/6c9yo78fw1/econtoplines.pdf,NA,https://docs.cdn.yougov.com/6c9yo78fw1/econtoplines.pdf,https://docs.cdn.yougov.com/dj0b2hnbf2/econTabReport.pdf,Congress,19,51,31
82201,568,YouGov,,The Economist,NA,NA,NA,YouGov,Online Matched Sample,NA,2023-02-11T00:00:00Z,2023-02-14T00:00:00Z,FALSE,NA,168950,1319,rv,NA,rv,FALSE,2025-04-28 19:33:12 UTC,2025-04-28 19:33:12 UTC,NA,https://docs.cdn.yougov.com/dj0b2hnbf2/econTabReport.pdf,NA,NA,https://docs.cdn.yougov.com/dj0b2hnbf2/econTabReport.pdf,Congress,18,56,25
82216,1797,HarrisX/Harris Poll,,Harvard University Center for American Political Studies,NA,NA,NA,HarrisX/Harris Poll,Online Opt-In Panel,NA,2023-02-15T00:00:00Z,2023-02-16T00:00:00Z,FALSE,NA,169039,1838,rv,NA,rv,FALSE,2025-04-28 19:33:25 UTC,2025-04-28 19:33:25 UTC,NA,https://harvardharrispoll.com/wp-content/uploads/2023/02/HHP_Feb2023_KeyResults.pdf,https://harvardharrispoll.com/wp-content/uploads/2023/02/HHP_Feb2023_KeyResults.pdf,https://harvardharrispoll.com/wp-content/uploads/2023/02/CAPS_February2023_Topline.pdf,https://harvardharrispoll.com/wp-content/uploads/2023/02/CAPS_February2023_Crosstabs.pdf,Congress,36,56,8
82654,921,Clarity,,NA,NA,NA,NA,Clarity Campaign Labs,Online Opt-In Panel,NA,2023-02-14T00:00:00Z,2023-02-20T00:00:00Z,FALSE,NA,172215,2002,lv,NA,lv,FALSE,2025-04-28 19:33:21 UTC,2025-04-28 19:33:21 UTC,NA,https://static1.squarespace.com/static/61ae8d5e55be5c7314b4c83a/t/6409ec4d2df4700a16ec9b5e/1678371918205/Clarity+Omnibus+Overview+-+February+2023.pdf,NA,https://static1.squarespace.com/static/61ae8d5e55be5c7314b4c83a/t/6409ec4d2df4700a16ec9b5e/1678371918205/Clarity+Omnibus+Overview+-+February+2023.pdf,NA,Congress,29,53,18
82236,568,YouGov,,The Economist,NA,NA,NA,YouGov,Online Matched Sample,NA,2023-02-20T00:00:00Z,2023-02-21T00:00:00Z,FALSE,NA,169133,1315,rv,NA,rv,FALSE,2025-04-28 19:33:12 UTC,2025-04-28 19:33:12 UTC,NA,https://docs.cdn.yougov.com/lt3qbl33wm/econTabReport.pdf,NA,NA,https://docs.cdn.yougov.com/lt3qbl33wm/econTabReport.pdf,Congress,23,56,22
82236,568,YouGov,,The Economist,NA,NA,NA,YouGov,Online Matched Sample,NA,2023-02-20T00:00:00Z,2023-02-21T00:00:00Z,FALSE,NA,169132,1500,a,NA,a,FALSE,2025-04-28 19:33:12 UTC,2025-04-28 19:33:12 UTC,NA,https://docs.cdn.yougov.com/2v3vq7dmv4/econtoplines.pdf,NA,https://docs.cdn.yougov.com/2v3vq7dmv4/econtoplines.pdf,https://docs.cdn.yougov.com/lt3qbl33wm/econTabReport.pdf,Congress,23,50,27
82252,1697,Bullfinch,,NA,NA,NA,NA,The Bullfinch Group,Live Phone,NA,2023-02-17T00:00:00Z,2023-02-22T00:00:00Z,FALSE,NA,169251,1201,a,NA,a,FALSE,2025-04-28 19:33:25 UTC,2025-04-28 19:33:25 UTC,NA,https://www.thebullfinchgroup.com/post/public-release-of-bullfinch-q1-nationwide-survey-1,https://www.thebullfinchgroup.com/post/public-release-of-bullfinch-q1-nationwide-survey-1,NA,NA,Congress,31,56,13
82252,1697,Bullfinch,,NA,NA,NA,NA,The Bullfinch Group,Live Phone,NA,2023-02-17T00:00:00Z,2023-02-22T00:00:00Z,FALSE,NA,169252,1001,rv,NA,rv,FALSE,2025-04-28 19:33:25 UTC,2025-04-28 19:33:25 UTC,NA,https://www.thebullfinchgroup.com/post/public-release-of-bullfinch-q1-nationwide-survey-1,https://www.thebullfinchgroup.com/post/public-release-of-bullfinch-q1-nationwide-survey-1,NA,NA,Congress,32,57,11
82287,568,YouGov,,The Economist,NA,NA,NA,YouGov,Online Matched Sample,NA,2023-02-25T00:00:00Z,2023-02-28T00:00:00Z,FALSE,NA,169521,1500,a,NA,a,FALSE,2025-04-28 19:33:12 UTC,2025-04-28 19:33:12 UTC,NA,https://docs.cdn.yougov.com/lq10bty4vr/econtoplines.pdf,NA,https://docs.cdn.yougov.com/lq10bty4vr/econtoplines.pdf,https://docs.cdn.yougov.com/ctq2ajcu3n/econTabReport.pdf,Congress,19,48,32
82287,568,YouGov,,The Economist,NA,NA,NA,YouGov,Online Matched Sample,NA,2023-02-25T00:00:00Z,2023-02-28T00:00:00Z,FALSE,NA,169522,1302,rv,NA,rv,FALSE,2025-04-28 19:33:12 UTC,2025-04-28 19:33:12 UTC,NA,https://docs.cdn.yougov.com/ctq2ajcu3n/econTabReport.pdf,NA,NA,https://docs.cdn.yougov.com/ctq2ajcu3n/econTabReport.pdf,Congress,20,56,25
82341,568,YouGov,,The Economist,NA,NA,NA,YouGov,Online Matched Sample,NA,2023-03-04T00:00:00Z,2023-03-07T00:00:00Z,FALSE,NA,170475,1500,a,NA,a,FALSE,2025-04-28 19:33:29 UTC,2025-04-28 19:33:29 UTC,NA,https://docs.cdn.yougov.com/yprcsknawy/econtoplines.pdf,NA,https://docs.cdn.yougov.com/yprcsknawy/econtoplines.pdf,https://docs.cdn.yougov.com/sa25s832p5/econTabReport.pdf,Congress,21,51,28
82341,568,YouGov,,The Economist,NA,NA,NA,YouGov,Online Matched Sample,NA,2023-03-04T00:00:00Z,2023-03-07T00:00:00Z,FALSE,NA,170476,1306,rv,NA,rv,FALSE,2025-04-28 19:33:29 UTC,2025-04-28 19:33:29 UTC,NA,https://docs.cdn.yougov.com/sa25s832p5/econTabReport.pdf,NA,NA,https://docs.cdn.yougov.com/sa25s832p5/econTabReport.pdf,Congress,20,57,23
82419,320,Monmouth,,NA,NA,NA,NA,Monmouth University Polling Institute,Live Phone,NA,2023-03-16T00:00:00Z,2023-03-20T00:00:00Z,FALSE,NA,170882,805,a,NA,a,FALSE,2025-04-28 19:33:31 UTC,2025-04-28 19:33:31 UTC,NA,https://www.monmouth.edu/polling-institute/reports/MonmouthPoll_US_032123/,NA,https://www.monmouth.edu/polling-institute/reports/MonmouthPoll_US_032123/,NA,Congress,23,68,10
82419,320,Monmouth,,NA,NA,NA,NA,Monmouth University Polling Institute,Live Phone,NA,2023-03-16T00:00:00Z,2023-03-20T00:00:00Z,FALSE,NA,170885,748,rv,NA,rv,FALSE,2025-04-28 19:33:12 UTC,2025-04-28 19:33:12 UTC,NA,https://www.monmouth.edu/polling-institute/reports/MonmouthPoll_US_032123/,NA,https://www.monmouth.edu/polling-institute/reports/MonmouthPoll_US_032123/,https://www.monmouth.edu/polling-institute/documents/monmouthpoll_us_032123.pdf/,Congress,21,69,10
82422,568,YouGov,,The Economist,NA,NA,NA,YouGov,Online Matched Sample,NA,2023-03-19T00:00:00Z,2023-03-21T00:00:00Z,FALSE,NA,170950,1500,a,NA,a,FALSE,2025-04-28 19:33:12 UTC,2025-04-28 19:33:12 UTC,NA,https://docs.cdn.yougov.com/ab9lupqxrn/econtoplines.pdf,NA,https://docs.cdn.yougov.com/ab9lupqxrn/econtoplines.pdf,https://docs.cdn.yougov.com/ni3jnt30r2/econTabReport.pdf,Congress,23,49,28
82422,568,YouGov,,The Economist,NA,NA,NA,YouGov,Online Matched Sample,NA,2023-03-19T00:00:00Z,2023-03-21T00:00:00Z,FALSE,NA,170951,1341,rv,NA,rv,FALSE,2025-04-28 19:33:12 UTC,2025-04-28 19:33:12 UTC,NA,https://docs.cdn.yougov.com/ni3jnt30r2/econTabReport.pdf,NA,NA,https://docs.cdn.yougov.com/ni3jnt30r2/econTabReport.pdf,Congress,23,53,23
82470,1075,Marquette Law School,,NA,NA,NA,NA,Marquette University Law School,Probability Panel,NA,2023-03-13T00:00:00Z,2023-03-22T00:00:00Z,FALSE,NA,171387,863,rv,NA,rv,FALSE,2025-04-28 19:33:31 UTC,2025-04-28 19:33:31 UTC,NA,https://law.marquette.edu/poll/wp-content/uploads/2023/03/MLSPSC13PressRelease_NationalIssues.pdf,https://law.marquette.edu/poll/wp-content/uploads/2023/03/MLSPSC13PressRelease_NationalIssues.pdf,https://law.marquette.edu/poll/wp-content/uploads/2023/03/MLSPSC13ToplinesRV.html,https://law.marquette.edu/poll/category/results-and-data/,Congress,29,71,0
82470,1075,Marquette Law School,,NA,NA,NA,NA,Marquette University Law School,Probability Panel,NA,2023-03-13T00:00:00Z,2023-03-22T00:00:00Z,FALSE,NA,171386,1004,a,NA,a,FALSE,2025-04-28 19:33:30 UTC,2025-04-28 19:33:30 UTC,NA,https://law.marquette.edu/poll/wp-content/uploads/2023/03/MLSPSC13PressRelease_NationalIssues.pdf,https://law.marquette.edu/poll/wp-content/uploads/2023/03/MLSPSC13PressRelease_NationalIssues.pdf,https://law.marquette.edu/poll/wp-content/uploads/2023/03/MLSPSC13Toplines.html,https://law.marquette.edu/poll/category/results-and-data/,Congress,31,69,0
82451,1797,HarrisX/Harris Poll,,Harvard University Center for American Political Studies,NA,NA,NA,HarrisX/Harris Poll,Online Opt-In Panel,NA,2023-03-22T00:00:00Z,2023-03-23T00:00:00Z,FALSE,NA,171143,2905,rv,NA,rv,FALSE,2025-04-28 19:33:31 UTC,2025-04-28 19:33:31 UTC,NA,https://harvardharrispoll.com/wp-content/uploads/2023/03/HHP_March_2023_KeyResults.pdf,https://harvardharrispoll.com/wp-content/uploads/2023/03/HHP_March_2023_KeyResults.pdf,NA,NA,Congress,40,53,7
82469,568,YouGov,,The Economist,NA,NA,NA,YouGov,Online Matched Sample,NA,2023-03-26T00:00:00Z,2023-03-28T00:00:00Z,FALSE,NA,171250,1310,rv,NA,rv,FALSE,2025-04-28 19:33:12 UTC,2025-04-28 19:33:12 UTC,NA,https://docs.cdn.yougov.com/nr7yjreihl/econTabReport.pdf,NA,NA,https://docs.cdn.yougov.com/nr7yjreihl/econTabReport.pdf,Congress,24,55,22
82469,568,YouGov,,The Economist,NA,NA,NA,YouGov,Online Matched Sample,NA,2023-03-26T00:00:00Z,2023-03-28T00:00:00Z,FALSE,NA,171249,1500,a,NA,a,FALSE,2025-04-28 19:33:12 UTC,2025-04-28 19:33:12 UTC,NA,https://docs.cdn.yougov.com/6z9bhe8ltv/econtoplines.pdf,NA,https://docs.cdn.yougov.com/6z9bhe8ltv/econtoplines.pdf,https://docs.cdn.yougov.com/nr7yjreihl/econTabReport.pdf,Congress,23,52,25
82534,568,YouGov,,The Economist,NA,NA,NA,YouGov,Online Matched Sample,NA,2023-04-01T00:00:00Z,2023-04-04T00:00:00Z,FALSE,NA,171676,1319,rv,NA,rv,FALSE,2025-04-28 19:33:14 UTC,2025-04-28 19:33:14 UTC,NA,https://docs.cdn.yougov.com/rk7vgq4qfq/econTabReport.pdf,NA,NA,https://docs.cdn.yougov.com/rk7vgq4qfq/econTabReport.pdf,Congress,24,56,20
82534,568,YouGov,,The Economist,NA,NA,NA,YouGov,Online Matched Sample,NA,2023-04-01T00:00:00Z,2023-04-04T00:00:00Z,FALSE,NA,171675,1500,a,NA,a,FALSE,2025-04-28 19:33:12 UTC,2025-04-28 19:33:12 UTC,NA,https://docs.cdn.yougov.com/7nnmpd3ir7/econtoplines.pdf,NA,https://docs.cdn.yougov.com/7nnmpd3ir7/econtoplines.pdf,https://docs.cdn.yougov.com/rk7vgq4qfq/econTabReport.pdf,Congress,21,52,26
82653,921,Clarity,,NA,NA,NA,NA,Clarity Campaign Labs,Online Opt-In Panel,NA,2023-04-05T00:00:00Z,2023-04-10T00:00:00Z,FALSE,NA,172214,1214,lv,NA,lv,FALSE,2025-04-28 19:33:21 UTC,2025-04-28 19:33:21 UTC,NA,https://static1.squarespace.com/static/61ae8d5e55be5c7314b4c83a/t/643fefe55b617005317c6e68/1681911782464/Clarity+Omnibus+Overview+-+April+2023.pdf,NA,https://static1.squarespace.com/static/61ae8d5e55be5c7314b4c83a/t/643fefe55b617005317c6e68/1681911782464/Clarity+Omnibus+Overview+-+April+2023.pdf,NA,Congress,27,56,17
82590,568,YouGov,,The Economist,NA,NA,NA,YouGov,Online Matched Sample,NA,2023-04-08T00:00:00Z,2023-04-11T00:00:00Z,FALSE,NA,171873,1322,rv,NA,rv,FALSE,2025-04-28 19:33:12 UTC,2025-04-28 19:33:12 UTC,NA,https://docs.cdn.yougov.com/bwbgbyvmsw/econTabReport.pdf,NA,NA,https://docs.cdn.yougov.com/bwbgbyvmsw/econTabReport.pdf,Congress,23,52,22
82590,568,YouGov,,The Economist,NA,NA,NA,YouGov,Online Matched Sample,NA,2023-04-08T00:00:00Z,2023-04-11T00:00:00Z,FALSE,NA,171872,1500,a,NA,a,FALSE,2025-04-28 19:33:20 UTC,2025-04-28 19:33:20 UTC,NA,https://docs.cdn.yougov.com/xh3jlkz43s/econtoplines.pdf,NA,https://docs.cdn.yougov.com/xh3jlkz43s/econtoplines.pdf,https://docs.cdn.yougov.com/bwbgbyvmsw/econTabReport.pdf,Congress,22,42,28
82627,568,YouGov,,The Economist,NA,NA,NA,YouGov,Online Matched Sample,NA,2023-04-15T00:00:00Z,2023-04-18T00:00:00Z,FALSE,NA,172031,1316,rv,NA,rv,FALSE,2025-04-28 19:33:20 UTC,2025-04-28 19:33:20 UTC,NA,https://docs.cdn.yougov.com/6jir2a8rbh/econTabReport.pdf,NA,NA,https://docs.cdn.yougov.com/6jir2a8rbh/econTabReport.pdf,Congress,26,53,21
82627,568,YouGov,,The Economist,NA,NA,NA,YouGov,Online Matched Sample,NA,2023-04-15T00:00:00Z,2023-04-18T00:00:00Z,FALSE,NA,172030,1500,a,NA,a,FALSE,2025-04-28 19:33:20 UTC,2025-04-28 19:33:20 UTC,NA,https://docs.cdn.yougov.com/ksmyjmp5xp/econtoplines.pdf,NA,https://docs.cdn.yougov.com/ksmyjmp5xp/econtoplines.pdf,https://docs.cdn.yougov.com/6jir2a8rbh/econTabReport.pdf,Congress,25,47,29
82650,1797,HarrisX/Harris Poll,,Harvard University Center for American Political Studies,NA,NA,NA,HarrisX/Harris Poll,Online Opt-In Panel,NA,2023-04-18T00:00:00Z,2023-04-19T00:00:00Z,FALSE,NA,172205,1845,rv,NA,rv,FALSE,2025-04-28 19:33:21 UTC,2025-04-28 19:33:21 UTC,NA,https://harvardharrispoll.com/wp-content/uploads/2023/04/HHP_April2023_KeyResults.pdf,https://harvardharrispoll.com/wp-content/uploads/2023/04/HHP_April2023_KeyResults.pdf,https://harvardharrispoll.com/wp-content/uploads/2023/04/HHP_CAPS_April2023_topline.pdf,https://harvardharrispoll.com/wp-content/uploads/2023/04/HHP_CAPS_April2023_crosstabs.pdf,Congress,33,58,9
82687,1597,Beacon/Shaw,,Fox News,NA,NA,NA,Beacon Research/Shaw & Co. Research,Live Phone,NA,2023-04-21T00:00:00Z,2023-04-24T00:00:00Z,FALSE,NA,172437,1004,rv,NA,rv,FALSE,2025-04-28 19:33:22 UTC,2025-04-28 19:33:22 UTC,NA,https://www.foxnews.com/official-polls/fox-news-poll-trump-still-top-2024-republican-preference-desantis-slipping,https://www.foxnews.com/official-polls/fox-news-poll-trump-still-top-2024-republican-preference-desantis-slipping,https://static.foxnews.com/foxnews.com/content/uploads/2023/04/Fox_April-21-24-2023_National_Topline_April-26-Release.pdf,https://static.foxnews.com/foxnews.com/content/uploads/2023/04/Fox_April-21-24-2023_Cross-Tabs_April-26-Release.pdf,Congress,29,66,5
82685,568,YouGov,,The Economist,NA,NA,NA,YouGov,Online Matched Sample,NA,2023-04-22T00:00:00Z,2023-04-25T00:00:00Z,FALSE,NA,172405,1295,rv,NA,rv,FALSE,2025-04-28 19:33:22 UTC,2025-04-28 19:33:22 UTC,NA,https://docs.cdn.yougov.com/wo8h43uvsg/econTabReport.pdf,NA,NA,https://docs.cdn.yougov.com/wo8h43uvsg/econTabReport.pdf,Congress,27,52,21
82685,568,YouGov,,The Economist,NA,NA,NA,YouGov,Online Matched Sample,NA,2023-04-22T00:00:00Z,2023-04-25T00:00:00Z,FALSE,NA,172404,1500,a,NA,a,FALSE,2025-04-28 19:33:22 UTC,2025-04-28 19:33:22 UTC,NA,https://docs.cdn.yougov.com/3nj07blz1x/econtoplines.pdf,NA,https://docs.cdn.yougov.com/3nj07blz1x/econtoplines.pdf,https://docs.cdn.yougov.com/wo8h43uvsg/econTabReport.pdf,Congress,26,48,27
82727,568,YouGov,,The Economist,NA,NA,NA,YouGov,Online Matched Sample,NA,2023-04-29T00:00:00Z,2023-05-02T00:00:00Z,FALSE,NA,172653,1500,a,NA,a,FALSE,2025-04-28 19:33:23 UTC,2025-04-28 19:33:23 UTC,NA,https://docs.cdn.yougov.com/cxqrokhwtq/econtoplines.pdf,NA,https://docs.cdn.yougov.com/cxqrokhwtq/econtoplines.pdf,https://docs.cdn.yougov.com/qsy7ekuxik/econTabReport.pdf,Congress,22,51,26
82727,568,YouGov,,The Economist,NA,NA,NA,YouGov,Online Matched Sample,NA,2023-04-29T00:00:00Z,2023-05-02T00:00:00Z,FALSE,NA,172654,1357,rv,NA,rv,FALSE,2025-04-28 19:33:23 UTC,2025-04-28 19:33:23 UTC,NA,https://docs.cdn.yougov.com/qsy7ekuxik/econTabReport.pdf,NA,NA,https://docs.cdn.yougov.com/qsy7ekuxik/econTabReport.pdf,Congress,23,56,21
82785,568,YouGov,,The Economist,NA,NA,NA,YouGov,Online Matched Sample,NA,2023-05-06T00:00:00Z,2023-05-09T00:00:00Z,FALSE,NA,173058,1324,rv,NA,rv,FALSE,2025-04-28 19:33:28 UTC,2025-04-28 19:33:28 UTC,NA,https://docs.cdn.yougov.com/nujlm70ly6/econTabReport.pdf,NA,NA,https://docs.cdn.yougov.com/nujlm70ly6/econTabReport.pdf,Congress,27,50,23
82785,568,YouGov,,The Economist,NA,NA,NA,YouGov,Online Matched Sample,NA,2023-05-06T00:00:00Z,2023-05-09T00:00:00Z,FALSE,NA,173057,1500,a,NA,a,FALSE,2025-04-28 19:33:28 UTC,2025-04-28 19:33:28 UTC,NA,https://docs.cdn.yougov.com/1qdiz6hera/econtoplines.pdf,NA,https://docs.cdn.yougov.com/1qdiz6hera/econtoplines.pdf,https://docs.cdn.yougov.com/nujlm70ly6/econTabReport.pdf,Congress,27,49,25
82875,921,Clarity,,NA,NA,NA,NA,Clarity Campaign Labs,Online Opt-In Panel,NA,2023-05-08T00:00:00Z,2023-05-14T00:00:00Z,FALSE,NA,173573,1122,lv,NA,lv,FALSE,2025-04-28 19:33:30 UTC,2025-04-28 19:33:30 UTC,NA,https://static1.squarespace.com/static/61ae8d5e55be5c7314b4c83a/t/646e292e79a67c4836927252/1684941104097/Clarity+Omnibus+Overview+-+May+2023.pdf,https://static1.squarespace.com/static/61ae8d5e55be5c7314b4c83a/t/646e292e79a67c4836927252/1684941104097/Clarity+Omnibus+Overview+-+May+2023.pdf,NA,NA,Congress,23,60,16
82832,568,YouGov,,The Economist,NA,NA,NA,YouGov,Online Matched Sample,NA,2023-05-13T00:00:00Z,2023-05-16T00:00:00Z,FALSE,NA,173268,1302,rv,NA,rv,FALSE,2025-04-28 19:33:12 UTC,2025-04-28 19:33:12 UTC,NA,https://docs.cdn.yougov.com/1el6dff3an/econTabReport.pdf,NA,NA,https://docs.cdn.yougov.com/1el6dff3an/econTabReport.pdf,Congress,29,51,22
82832,568,YouGov,,The Economist,NA,NA,NA,YouGov,Online Matched Sample,NA,2023-05-13T00:00:00Z,2023-05-16T00:00:00Z,FALSE,NA,173267,1500,a,NA,a,FALSE,2025-04-28 19:33:29 UTC,2025-04-28 19:33:29 UTC,NA,https://docs.cdn.yougov.com/dkgt9j0k3y/econtoplines.pdf,NA,https://docs.cdn.yougov.com/dkgt9j0k3y/econtoplines.pdf,https://docs.cdn.yougov.com/1el6dff3an/econTabReport.pdf,Congress,27,47,26
82845,1697,Bullfinch,,NA,NA,NA,NA,The Bullfinch Group,Live Phone,NA,2023-05-12T00:00:00Z,2023-05-17T00:00:00Z,FALSE,NA,173311,1200,a,NA,a,FALSE,2025-04-28 19:33:29 UTC,2025-04-28 19:33:29 UTC,NA,https://www.thebullfinchgroup.com/post/public-release-of-bullfinch-q2-nationwide-survey-1,https://www.thebullfinchgroup.com/post/public-release-of-bullfinch-q2-nationwide-survey-1,NA,NA,Congress,32,55,13
82845,1697,Bullfinch,,NA,NA,NA,NA,The Bullfinch Group,Live Phone,NA,2023-05-12T00:00:00Z,2023-05-17T00:00:00Z,FALSE,NA,173312,1000,rv,NA,rv,FALSE,2025-04-28 19:33:29 UTC,2025-04-28 19:33:29 UTC,NA,https://www.thebullfinchgroup.com/post/public-release-of-bullfinch-q2-nationwide-survey-1,https://www.thebullfinchgroup.com/post/public-release-of-bullfinch-q2-nationwide-survey-1,NA,NA,Congress,34,56,9
82870,1075,Marquette Law School,,NA,NA,NA,NA,Marquette University Law School,Probability Panel,NA,2023-05-08T00:00:00Z,2023-05-18T00:00:00Z,FALSE,NA,173662,1010,a,NA,a,FALSE,2025-04-28 19:33:30 UTC,2025-04-28 19:33:30 UTC,NA,https://law.marquette.edu/poll/wp-content/uploads/2023/05/MLSPSC14PressRelease_NationalIssues.pdf,https://law.marquette.edu/poll/wp-content/uploads/2023/05/MLSPSC14PressRelease_NationalIssues.pdf,https://law.marquette.edu/poll/wp-content/uploads/2023/05/MLSPSC14Toplines.html#B1:_Biden_approval,https://law.marquette.edu/poll/category/results-and-data/,Congress,27,73,0
82848,1797,HarrisX/Harris Poll,,Harvard University Center for American Political Studies,NA,NA,NA,HarrisX/Harris Poll,Online Opt-In Panel,NA,2023-05-17T00:00:00Z,2023-05-18T00:00:00Z,FALSE,NA,173330,2004,rv,NA,rv,FALSE,2025-04-28 19:33:29 UTC,2025-04-28 19:33:29 UTC,NA,https://harvardharrispoll.com/wp-content/uploads/2023/05/HHP_May2023_KeyResults.pdf,https://harvardharrispoll.com/wp-content/uploads/2023/05/HHP_May2023_KeyResults.pdf,NA,NA,Congress,36,56,8
82870,1075,Marquette Law School,,NA,NA,NA,NA,Marquette University Law School,Probability Panel,NA,2023-05-08T00:00:00Z,2023-05-18T00:00:00Z,FALSE,NA,173663,833,rv,NA,rv,FALSE,2025-04-28 19:33:13 UTC,2025-04-28 19:33:13 UTC,NA,https://law.marquette.edu/poll/wp-content/uploads/2023/05/MLSPSC14PressRelease_NationalIssues.pdf,https://law.marquette.edu/poll/wp-content/uploads/2023/05/MLSPSC14PressRelease_NationalIssues.pdf,https://law.marquette.edu/poll/wp-content/uploads/2023/05/MLSPSC14ToplinesRV.html,https://law.marquette.edu/poll/category/results-and-data/,Congress,26,74,0
82872,320,Monmouth,,NA,NA,NA,NA,Monmouth University Polling Institute,Live Phone,NA,2023-05-18T00:00:00Z,2023-05-23T00:00:00Z,FALSE,NA,173509,981,a,NA,a,FALSE,2025-04-28 19:33:29 UTC,2025-04-28 19:33:29 UTC,NA,https://www.monmouth.edu/polling-institute/reports/monmouthpoll_us_052423/,https://www.monmouth.edu/polling-institute/reports/monmouthpoll_us_052423/,NA,https://www.monmouth.edu/polling-institute/documents/monmouthpoll_us_052423.pdf/,Congress,18,72,9
82872,320,Monmouth,,NA,NA,NA,NA,Monmouth University Polling Institute,Live Phone,NA,2023-05-18T00:00:00Z,2023-05-23T00:00:00Z,FALSE,NA,173510,907,rv,NA,rv,FALSE,2025-04-28 19:33:29 UTC,2025-04-28 19:33:29 UTC,NA,https://www.monmouth.edu/polling-institute/reports/monmouthpoll_us_052423/,https://www.monmouth.edu/polling-institute/reports/monmouthpoll_us_052423/,NA,https://www.monmouth.edu/polling-institute/documents/monmouthpoll_us_052423.pdf/,Congress,18,74,8
82871,568,YouGov,,The Economist,NA,NA,NA,YouGov,Online Matched Sample,NA,2023-05-20T00:00:00Z,2023-05-23T00:00:00Z,FALSE,NA,173475,1500,a,NA,a,FALSE,2025-04-28 19:33:13 UTC,2025-04-28 19:33:13 UTC,NA,https://docs.cdn.yougov.com/bdo96fldrz/econtoplines.pdf,NA,https://docs.cdn.yougov.com/bdo96fldrz/econtoplines.pdf,https://docs.cdn.yougov.com/ifywkae5dt/econTabReport.pdf,Congress,26,51,23
82871,568,YouGov,,The Economist,NA,NA,NA,YouGov,Online Matched Sample,NA,2023-05-20T00:00:00Z,2023-05-23T00:00:00Z,FALSE,NA,173476,1318,rv,NA,rv,FALSE,2025-04-28 19:33:13 UTC,2025-04-28 19:33:13 UTC,NA,https://docs.cdn.yougov.com/ifywkae5dt/econTabReport.pdf,NA,NA,https://docs.cdn.yougov.com/ifywkae5dt/econTabReport.pdf,Congress,27,53,20
82896,169,Gallup,,NA,NA,NA,NA,Gallup,Live Phone,NA,2023-05-01T00:00:00Z,2023-05-24T00:00:00Z,FALSE,NA,173790,1011,a,NA,a,FALSE,2025-04-28 19:33:31 UTC,2025-04-28 19:33:31 UTC,NA,https://news.gallup.com/poll/506483/amid-debt-crisis-ratings-biden-congress-low.aspx,https://news.gallup.com/poll/506483/amid-debt-crisis-ratings-biden-congress-low.aspx,NA,NA,Congress,20,77,3
82912,568,YouGov,,The Economist,NA,NA,NA,YouGov,Online Matched Sample,NA,2023-05-27T00:00:00Z,2023-05-31T00:00:00Z,FALSE,NA,173888,1313,rv,NA,rv,FALSE,2025-04-28 19:33:31 UTC,2025-04-28 19:33:31 UTC,NA,https://docs.cdn.yougov.com/krv45w30fz/econTabReport.pdf,NA,NA,https://docs.cdn.yougov.com/krv45w30fz/econTabReport.pdf,Congress,17,60,23
82912,568,YouGov,,The Economist,NA,NA,NA,YouGov,Online Matched Sample,NA,2023-05-27T00:00:00Z,2023-05-31T00:00:00Z,FALSE,NA,173887,1500,a,NA,a,FALSE,2025-04-28 19:33:31 UTC,2025-04-28 19:33:31 UTC,NA,https://docs.cdn.yougov.com/rs54vpy9kc/econtoplines.pdf,NA,https://docs.cdn.yougov.com/rs54vpy9kc/econtoplines.pdf,https://docs.cdn.yougov.com/krv45w30fz/econTabReport.pdf,Congress,15,58,28
82955,568,YouGov,,The Economist,NA,NA,NA,YouGov,Online Matched Sample,NA,2023-06-03T00:00:00Z,2023-06-06T00:00:00Z,FALSE,NA,174144,1315,rv,NA,rv,FALSE,2025-04-28 19:33:31 UTC,2025-04-28 19:33:31 UTC,NA,https://docs.cdn.yougov.com/r0o0a2nef6/econTabReport.pdf,NA,NA,https://docs.cdn.yougov.com/r0o0a2nef6/econTabReport.pdf,Congress,18,60,23
82955,568,YouGov,,The Economist,NA,NA,NA,YouGov,Online Matched Sample,NA,2023-06-03T00:00:00Z,2023-06-06T00:00:00Z,FALSE,NA,174143,1500,a,NA,a,FALSE,2025-04-28 19:33:31 UTC,2025-04-28 19:33:31 UTC,NA,https://docs.cdn.yougov.com/nujc21mujt/econtoplines.pdf,NA,https://docs.cdn.yougov.com/nujc21mujt/econtoplines.pdf,https://docs.cdn.yougov.com/r0o0a2nef6/econTabReport.pdf,Congress,17,58,24
83022,1888,UMass Amherst/YouGov,,NA,NA,NA,NA,University of Massachusetts Department of Political Science/YouGov,Online Matched Sample,NA,2023-05-31T00:00:00Z,2023-06-08T00:00:00Z,FALSE,NA,174573,1133,a,NA,a,FALSE,2025-04-28 19:33:13 UTC,2025-04-28 19:33:13 UTC,NA,https://polsci.umass.edu/toplines-and-crosstabs-june-2023-juneteenth-poll-national-politics,https://polsci.umass.edu/toplines-and-crosstabs-june-2023-juneteenth-poll-national-politics,https://polsci.umass.edu/sites/default/files/ToplinesNationalJuneteenth2023.pdf,https://polsci.umass.edu/sites/default/files/CrosstabsNationalJuneteenth2023_0.pdf,Congress,28,59,13
84316,1488,Spry Strategies,,NA,NA,NA,NA,Spry Strategies,Online Opt-In Panel,NA,2023-06-06T00:00:00Z,2023-06-09T00:00:00Z,FALSE,NA,182809,1250,rv,NA,rv,FALSE,2025-04-28 19:33:12 UTC,2025-04-28 19:33:12 UTC,NA,https://www.spryresearch.com/_files/ugd/68c3dc_a08f07ec9b834048a9c82d4fc67936a3.pdf,NA,https://www.spryresearch.com/_files/ugd/68c3dc_a08f07ec9b834048a9c82d4fc67936a3.pdf,NA,Congress,21.7,59.4,18.8
83004,568,YouGov,,The Economist,NA,NA,NA,YouGov,Online Matched Sample,NA,2023-06-10T00:00:00Z,2023-06-13T00:00:00Z,FALSE,NA,174388,1303,rv,NA,rv,FALSE,2025-04-28 19:33:13 UTC,2025-04-28 19:33:13 UTC,NA,https://docs.cdn.yougov.com/rj3bg6ve06/econTabReport.pdf,NA,NA,https://docs.cdn.yougov.com/rj3bg6ve06/econTabReport.pdf,Congress,20,59,21
83004,568,YouGov,,The Economist,NA,NA,NA,YouGov,Online Matched Sample,NA,2023-06-10T00:00:00Z,2023-06-13T00:00:00Z,FALSE,NA,174387,1500,a,NA,a,FALSE,2025-04-28 19:33:13 UTC,2025-04-28 19:33:13 UTC,NA,https://docs.cdn.yougov.com/rx1plz8umr/econtoplines.pdf,NA,https://docs.cdn.yougov.com/rx1plz8umr/econtoplines.pdf,https://docs.cdn.yougov.com/rj3bg6ve06/econTabReport.pdf,Congress,28,56,25
83031,1797,HarrisX/Harris Poll,,Harvard University Center for American Political Studies,NA,NA,NA,HarrisX/Harris Poll,Online Opt-In Panel,NA,2023-06-14T00:00:00Z,2023-06-15T00:00:00Z,FALSE,NA,174657,2090,rv,NA,rv,FALSE,2025-04-28 19:33:14 UTC,2025-04-28 19:33:14 UTC,NA,https://harvardharrispoll.com/wp-content/uploads/2023/06/HHP_June2023_KeyResults.pdf,https://harvardharrispoll.com/wp-content/uploads/2023/06/HHP_June2023_KeyResults.pdf,https://harvardharrispoll.com/wp-content/uploads/2023/06/HHP_CAPS_June2023_topline.pdf,https://harvardharrispoll.com/wp-content/uploads/2023/06/HHP_CAPS_June2023_crosstab.pdf,Congress,35,56,9
83048,568,YouGov,,The Economist,NA,NA,NA,YouGov,Online Matched Sample,NA,2023-06-17T00:00:00Z,2023-06-20T00:00:00Z,FALSE,NA,174802,1500,a,NA,a,FALSE,2025-04-28 19:33:16 UTC,2025-04-28 19:33:16 UTC,NA,https://docs.cdn.yougov.com/it7lilb4fb/econtoplines.pdf,NA,https://docs.cdn.yougov.com/it7lilb4fb/econtoplines.pdf,https://docs.cdn.yougov.com/1ts4uenkci/econTabReport.pdf,Congress,23,55,21
83048,568,YouGov,,The Economist,NA,NA,NA,YouGov,Online Matched Sample,NA,2023-06-17T00:00:00Z,2023-06-20T00:00:00Z,FALSE,NA,174803,1342,rv,NA,rv,FALSE,2025-04-28 19:33:16 UTC,2025-04-28 19:33:16 UTC,NA,https://docs.cdn.yougov.com/1ts4uenkci/econTabReport.pdf,NA,NA,https://docs.cdn.yougov.com/1ts4uenkci/econTabReport.pdf,Congress,23,57,19
83096,169,Gallup,,NA,NA,NA,NA,Gallup,Live Phone,NA,2023-06-01T00:00:00Z,2023-06-22T00:00:00Z,FALSE,NA,175023,1013,a,NA,a,FALSE,2025-04-28 19:33:18 UTC,2025-04-28 19:33:18 UTC,NA,https://news.gallup.com/poll/507863/biden-job-approval-rating-highest-august.aspx,https://news.gallup.com/poll/507863/biden-job-approval-rating-highest-august.aspx,NA,NA,Congress,20,76,4
83115,568,YouGov,,The Economist,NA,NA,NA,YouGov,Online Matched Sample,NA,2023-06-24T00:00:00Z,2023-06-27T00:00:00Z,FALSE,NA,175106,1315,rv,NA,rv,FALSE,2025-04-28 19:33:20 UTC,2025-04-28 19:33:20 UTC,NA,https://docs.cdn.yougov.com/01qmicwezl/econTabReport.pdf,NA,NA,https://docs.cdn.yougov.com/01qmicwezl/econTabReport.pdf,Congress,15,63,22
83115,568,YouGov,,The Economist,NA,NA,NA,YouGov,Online Matched Sample,NA,2023-06-24T00:00:00Z,2023-06-27T00:00:00Z,FALSE,NA,175105,1500,a,NA,a,FALSE,2025-04-28 19:33:20 UTC,2025-04-28 19:33:20 UTC,NA,https://docs.cdn.yougov.com/gbiijqwbnw/econtoplines.pdf,NA,https://docs.cdn.yougov.com/gbiijqwbnw/econtoplines.pdf,https://docs.cdn.yougov.com/01qmicwezl/econTabReport.pdf,Congress,14,60,26
84155,921,Clarity,,NA,NA,NA,NA,Clarity Campaign Labs,Online Opt-In Panel,NA,2023-06-23T00:00:00Z,2023-06-29T00:00:00Z,FALSE,NA,181546,1063,lv,NA,lv,FALSE,2025-04-28 19:33:36 UTC,2025-04-28 19:33:36 UTC,NA,https://static1.squarespace.com/static/61ae8d5e55be5c7314b4c83a/t/6503069b327c3e71f25343ea/1694697118361/Clarity+Omnibus+Overview+-+June+2023.pdf,NA,https://static1.squarespace.com/static/61ae8d5e55be5c7314b4c83a/t/6503069b327c3e71f25343ea/1694697118361/Clarity+Omnibus+Overview+-+June+2023.pdf,NA,Congress,25,60,15
83143,568,YouGov,,The Economist,NA,NA,NA,YouGov,Online Matched Sample,NA,2023-07-01T00:00:00Z,2023-07-05T00:00:00Z,FALSE,NA,175348,1350,rv,NA,rv,FALSE,2025-04-28 19:33:32 UTC,2025-04-28 19:33:32 UTC,NA,https://docs.cdn.yougov.com/kpnwbn3sup/econTabReport.pdf,NA,NA,https://docs.cdn.yougov.com/kpnwbn3sup/econTabReport.pdf,Congress,17,62,21
83143,568,YouGov,,The Economist,NA,NA,NA,YouGov,Online Matched Sample,NA,2023-07-01T00:00:00Z,2023-07-05T00:00:00Z,FALSE,NA,175347,1500,a,NA,a,FALSE,2025-04-28 19:33:32 UTC,2025-04-28 19:33:32 UTC,NA,https://docs.cdn.yougov.com/kpnwbn3sup/econTabReport.pdf,NA,NA,https://docs.cdn.yougov.com/kpnwbn3sup/econTabReport.pdf,Congress,16,61,22
83189,568,YouGov,,The Economist,NA,NA,NA,YouGov,Online Matched Sample,NA,2023-07-08T00:00:00Z,2023-07-11T00:00:00Z,FALSE,NA,175521,1500,a,NA,a,FALSE,2025-04-28 19:33:32 UTC,2025-04-28 19:33:32 UTC,NA,https://docs.cdn.yougov.com/hv5z68z2e8/econtoplines.pdf,NA,https://docs.cdn.yougov.com/hv5z68z2e8/econtoplines.pdf,https://docs.cdn.yougov.com/03l1353cs3/econTabReport.pdf,Congress,16,61,23
83189,568,YouGov,,The Economist,NA,NA,NA,YouGov,Online Matched Sample,NA,2023-07-08T00:00:00Z,2023-07-11T00:00:00Z,FALSE,NA,175522,1296,rv,NA,rv,FALSE,2025-04-28 19:33:32 UTC,2025-04-28 19:33:32 UTC,NA,https://docs.cdn.yougov.com/03l1353cs3/econTabReport.pdf,NA,NA,https://docs.cdn.yougov.com/03l1353cs3/econTabReport.pdf,Congress,17,64,20
83288,1075,Marquette Law School,,NA,NA,NA,NA,Marquette University Law School,Probability Panel,NA,2023-07-07T00:00:00Z,2023-07-12T00:00:00Z,FALSE,NA,176617,788,rv,NA,rv,FALSE,2025-04-28 19:33:23 UTC,2025-04-28 19:33:23 UTC,NA,https://law.marquette.edu/poll/wp-content/uploads/2023/07/MLSPSC15NationalIssuesPressRelease.pdf,https://law.marquette.edu/poll/wp-content/uploads/2023/07/MLSPSC15NationalIssuesPressRelease.pdf,https://law.marquette.edu/poll/wp-content/uploads/2023/07/MLSPSC15ToplinesRV.html,NA,Congress,32,68,0
83288,1075,Marquette Law School,,NA,NA,NA,NA,Marquette University Law School,Probability Panel,NA,2023-07-07T00:00:00Z,2023-07-12T00:00:00Z,FALSE,NA,176616,1005,a,NA,a,FALSE,2025-04-28 19:33:23 UTC,2025-04-28 19:33:23 UTC,NA,https://law.marquette.edu/poll/wp-content/uploads/2023/07/MLSPSC15NationalIssuesPressRelease.pdf,https://law.marquette.edu/poll/wp-content/uploads/2023/07/MLSPSC15NationalIssuesPressRelease.pdf,https://law.marquette.edu/poll/wp-content/uploads/2023/07/MLSPSC15Toplines.html,NA,Congress,31,68,0
83235,320,Monmouth,,NA,NA,NA,NA,Monmouth University Polling Institute,Live Phone,NA,2023-07-12T00:00:00Z,2023-07-17T00:00:00Z,FALSE,NA,175749,910,a,NA,a,FALSE,2025-04-28 19:33:08 UTC,2025-04-28 19:33:08 UTC,NA,https://www.monmouth.edu/polling-institute/reports/monmouthpoll_us_071923/,https://www.monmouth.edu/polling-institute/reports/monmouthpoll_us_071923/,NA,https://www.monmouth.edu/polling-institute/documents/monmouthpoll_us_071923.pdf/,Congress,22,68,10
83235,320,Monmouth,,NA,NA,NA,NA,Monmouth University Polling Institute,Live Phone,NA,2023-07-12T00:00:00Z,2023-07-17T00:00:00Z,FALSE,NA,175750,840,rv,NA,rv,FALSE,2025-04-28 19:33:08 UTC,2025-04-28 19:33:08 UTC,NA,https://www.monmouth.edu/polling-institute/reports/monmouthpoll_us_071923/,https://www.monmouth.edu/polling-institute/reports/monmouthpoll_us_071923/,NA,https://www.monmouth.edu/polling-institute/documents/monmouthpoll_us_071923.pdf/,Congress,20,69,11
83233,568,YouGov,,The Economist,NA,NA,NA,YouGov,Online Matched Sample,NA,2023-07-15T00:00:00Z,2023-07-18T00:00:00Z,FALSE,NA,175706,1500,a,NA,a,FALSE,2025-04-28 19:33:32 UTC,2025-04-28 19:33:32 UTC,NA,https://docs.cdn.yougov.com/ygyh2hpfz0/econtoplines.pdf,NA,https://docs.cdn.yougov.com/ygyh2hpfz0/econtoplines.pdf,https://docs.cdn.yougov.com/ay6e0ph68l/econTabReport.pdf,Congress,17,58,25
83233,568,YouGov,,The Economist,NA,NA,NA,YouGov,Online Matched Sample,NA,2023-07-15T00:00:00Z,2023-07-18T00:00:00Z,FALSE,NA,175707,1315,rv,NA,rv,FALSE,2025-04-28 19:33:32 UTC,2025-04-28 19:33:32 UTC,NA,https://docs.cdn.yougov.com/ay6e0ph68l/econTabReport.pdf,NA,NA,https://docs.cdn.yougov.com/ay6e0ph68l/econTabReport.pdf,Congress,18,61,22
83260,1797,HarrisX/Harris Poll,,Harvard University Center for American Political Studies,NA,NA,NA,HarrisX/Harris Poll,Online Opt-In Panel,NA,2023-07-19T00:00:00Z,2023-07-20T00:00:00Z,FALSE,NA,175915,2068,rv,NA,rv,FALSE,2025-04-28 19:33:13 UTC,2025-04-28 19:33:13 UTC,NA,https://harvardharrispoll.com/wp-content/uploads/2023/07/HHP_July2023_KeyResults.pdf,https://harvardharrispoll.com/wp-content/uploads/2023/07/HHP_July2023_KeyResults.pdf,NA,https://harvardharrispoll.com/wp-content/uploads/2023/07/HHP_CAPS_July2023_crosstabs.pdf,Congress,34,56,10
83287,568,YouGov,,The Economist,NA,NA,NA,YouGov,Online Matched Sample,NA,2023-07-22T00:00:00Z,2023-07-25T00:00:00Z,FALSE,NA,176109,1306,rv,NA,rv,FALSE,2025-04-28 19:33:20 UTC,2025-04-28 19:33:20 UTC,NA,https://docs.cdn.yougov.com/pvpz4fi6ym/econTabReport.pdf,NA,NA,https://docs.cdn.yougov.com/pvpz4fi6ym/econTabReport.pdf,Congress,21,57,23
83287,568,YouGov,,The Economist,NA,NA,NA,YouGov,Online Matched Sample,NA,2023-07-22T00:00:00Z,2023-07-25T00:00:00Z,FALSE,NA,176108,1500,a,NA,a,FALSE,2025-04-28 19:33:20 UTC,2025-04-28 19:33:20 UTC,NA,https://docs.cdn.yougov.com/s3axh7nmif/econtoplines.pdf,NA,https://docs.cdn.yougov.com/s3axh7nmif/econtoplines.pdf,https://docs.cdn.yougov.com/pvpz4fi6ym/econTabReport.pdf,Congress,20,54,25
83331,568,YouGov,,The Economist,NA,NA,NA,YouGov,Online Matched Sample,NA,2023-07-29T00:00:00Z,2023-08-01T00:00:00Z,FALSE,NA,178352,1500,a,NA,a,FALSE,2025-04-28 19:33:29 UTC,2025-04-28 19:33:29 UTC,NA,https://docs.cdn.yougov.com/m6zgcvnfe7/econtoplines.pdf,NA,https://docs.cdn.yougov.com/m6zgcvnfe7/econtoplines.pdf,https://docs.cdn.yougov.com/nrdcezwpcn/econTabReport.pdf,Congress,16,58,26
83331,568,YouGov,,The Economist,NA,NA,NA,YouGov,Online Matched Sample,NA,2023-07-29T00:00:00Z,2023-08-01T00:00:00Z,FALSE,NA,178353,1324,rv,NA,rv,FALSE,2025-04-28 19:33:29 UTC,2025-04-28 19:33:29 UTC,NA,https://docs.cdn.yougov.com/nrdcezwpcn/econTabReport.pdf,NA,NA,https://docs.cdn.yougov.com/nrdcezwpcn/econTabReport.pdf,Congress,17,63,21
83375,568,YouGov,,The Economist,NA,NA,NA,YouGov,Online Matched Sample,NA,2023-08-05T00:00:00Z,2023-08-08T00:00:00Z,FALSE,NA,178633,1500,a,NA,a,FALSE,2025-04-28 19:33:32 UTC,2025-04-28 19:33:32 UTC,NA,https://docs.cdn.yougov.com/m1aanznso5/econtoplines.pdf,NA,https://docs.cdn.yougov.com/m1aanznso5/econtoplines.pdf,https://docs.cdn.yougov.com/gr0zwln1rr/econTabReport.pdf,Congress,17,57,26
83375,568,YouGov,,The Economist,NA,NA,NA,YouGov,Online Matched Sample,NA,2023-08-05T00:00:00Z,2023-08-08T00:00:00Z,FALSE,NA,178634,1178,rv,NA,rv,FALSE,2025-04-28 19:33:32 UTC,2025-04-28 19:33:32 UTC,NA,https://docs.cdn.yougov.com/gr0zwln1rr/econTabReport.pdf,NA,NA,https://docs.cdn.yougov.com/gr0zwln1rr/econTabReport.pdf,Congress,18,59,23
83395,1697,Bullfinch,,NA,NA,NA,NA,The Bullfinch Group,Online Opt-In Panel,NA,2023-08-05T00:00:00Z,2023-08-10T00:00:00Z,FALSE,NA,178750,1200,a,NA,a,FALSE,2025-04-28 19:33:32 UTC,2025-04-28 19:33:32 UTC,NA,https://www.thebullfinchgroup.com/post/public-release-of-bullfinch-q3-nationwide-survey-1,https://www.thebullfinchgroup.com/post/public-release-of-bullfinch-q3-nationwide-survey-1,NA,NA,Congress,33,55,12
83395,1697,Bullfinch,,NA,NA,NA,NA,The Bullfinch Group,Online Opt-In Panel,NA,2023-08-05T00:00:00Z,2023-08-10T00:00:00Z,FALSE,NA,178751,1000,rv,NA,rv,FALSE,2025-04-28 19:33:32 UTC,2025-04-28 19:33:32 UTC,NA,https://www.thebullfinchgroup.com/post/public-release-of-bullfinch-q3-nationwide-survey-1,https://www.thebullfinchgroup.com/post/public-release-of-bullfinch-q3-nationwide-survey-1,NA,NA,Congress,34,56,10
83418,568,YouGov,,The Economist,NA,NA,NA,YouGov,Online Matched Sample,NA,2023-08-12T00:00:00Z,2023-08-15T00:00:00Z,FALSE,NA,178829,1500,a,NA,a,FALSE,2025-04-28 19:33:13 UTC,2025-04-28 19:33:13 UTC,NA,https://docs.cdn.yougov.com/m40l43fusr/econtoplines.pdf,NA,https://docs.cdn.yougov.com/m40l43fusr/econtoplines.pdf,https://docs.cdn.yougov.com/18ox1hne2s/econTabReport.pdf,Congress,16,58,26
83418,568,YouGov,,The Economist,NA,NA,NA,YouGov,Online Matched Sample,NA,2023-08-12T00:00:00Z,2023-08-15T00:00:00Z,FALSE,NA,178830,1321,rv,NA,rv,FALSE,2025-04-28 19:33:13 UTC,2025-04-28 19:33:13 UTC,NA,https://docs.cdn.yougov.com/18ox1hne2s/econTabReport.pdf,NA,NA,https://docs.cdn.yougov.com/18ox1hne2s/econTabReport.pdf,Congress,16,64,20
84156,921,Clarity,,NA,NA,NA,NA,Clarity Campaign Labs,Online Opt-In Panel,NA,2023-08-10T00:00:00Z,2023-08-16T00:00:00Z,FALSE,NA,181547,2018,lv,NA,lv,FALSE,2025-04-28 19:33:36 UTC,2025-04-28 19:33:36 UTC,NA,https://static1.squarespace.com/static/61ae8d5e55be5c7314b4c83a/t/6503070f173dcb6cc26f9025/1694697234331/Clarity+Omnibus+Overview+-+August+2023.pdf,NA,https://static1.squarespace.com/static/61ae8d5e55be5c7314b4c83a/t/6503070f173dcb6cc26f9025/1694697234331/Clarity+Omnibus+Overview+-+August+2023.pdf,NA,Congress,25,59,16
83951,1416,HarrisX,,American Free Enterprise Chamber of Commerce,NA,NA,NA,HarrisX,NA,NA,2023-08-17T00:00:00Z,2023-08-21T00:00:00Z,FALSE,REP,179947,2327,rv,NA,rv,FALSE,2025-04-28 19:33:31 UTC,2025-04-28 19:33:31 UTC,NA,https://harrisx.com/2023/08/amfree-presidential-race-2024/,https://harrisx.com/2023/08/amfree-presidential-race-2024/,NA,https://harrisx.com/wp-content/uploads/2023/08/HarrisX-American-Free-Enterprise-Chamber-of-Commerce-National-U.S.-Voters-Poll.pdf,Congress,34,57,9
83962,568,YouGov,,The Economist,NA,NA,NA,YouGov,Online Matched Sample,NA,2023-08-19T00:00:00Z,2023-08-22T00:00:00Z,FALSE,NA,179890,1500,a,NA,a,FALSE,2025-04-28 19:33:31 UTC,2025-04-28 19:33:31 UTC,NA,https://docs.cdn.yougov.com/f2l1urt62v/econtoplines.pdf,NA,https://docs.cdn.yougov.com/f2l1urt62v/econtoplines.pdf,https://docs.cdn.yougov.com/qaelwix52p/econTabReport.pdf,Congress,18,59,23
83962,568,YouGov,,The Economist,NA,NA,NA,YouGov,Online Matched Sample,NA,2023-08-19T00:00:00Z,2023-08-22T00:00:00Z,FALSE,NA,179891,1309,rv,NA,rv,FALSE,2025-04-28 19:33:31 UTC,2025-04-28 19:33:31 UTC,NA,https://docs.cdn.yougov.com/qaelwix52p/econTabReport.pdf,NA,NA,https://docs.cdn.yougov.com/qaelwix52p/econTabReport.pdf,Congress,18,63,18
84039,568,YouGov,,The Economist,NA,NA,NA,YouGov,Online Matched Sample,NA,2023-08-26T00:00:00Z,2023-08-29T00:00:00Z,FALSE,NA,180654,1303,rv,NA,rv,FALSE,2025-04-28 19:33:32 UTC,2025-04-28 19:33:32 UTC,NA,https://docs.cdn.yougov.com/eqlqwyoypg/econTabReport.pdf,NA,NA,https://docs.cdn.yougov.com/eqlqwyoypg/econTabReport.pdf,Congress,16,64,19
84039,568,YouGov,,The Economist,NA,NA,NA,YouGov,Online Matched Sample,NA,2023-08-26T00:00:00Z,2023-08-29T00:00:00Z,FALSE,NA,180653,1500,a,NA,a,FALSE,2025-04-28 19:33:32 UTC,2025-04-28 19:33:32 UTC,NA,https://docs.cdn.yougov.com/aif0ri8ye5/econtoplines.pdf,NA,https://docs.cdn.yougov.com/aif0ri8ye5/econtoplines.pdf,https://docs.cdn.yougov.com/eqlqwyoypg/econTabReport.pdf,Congress,15,61,24
84095,568,YouGov,,The Economist,NA,NA,NA,YouGov,Online Matched Sample,NA,2023-09-02T00:00:00Z,2023-09-05T00:00:00Z,FALSE,NA,181013,1500,a,NA,a,FALSE,2025-04-28 19:33:30 UTC,2025-04-28 19:33:30 UTC,NA,https://docs.cdn.yougov.com/8ssfdycdra/econtoplines.pdf,NA,https://docs.cdn.yougov.com/8ssfdycdra/econtoplines.pdf,https://docs.cdn.yougov.com/ze05ewgo9y/econTabReport.pdf,Congress,16,60,25
84095,568,YouGov,,The Economist,NA,NA,NA,YouGov,Online Matched Sample,NA,2023-09-02T00:00:00Z,2023-09-05T00:00:00Z,FALSE,NA,181014,1329,rv,NA,rv,FALSE,2025-04-28 19:33:30 UTC,2025-04-28 19:33:30 UTC,NA,https://docs.cdn.yougov.com/ze05ewgo9y/econTabReport.pdf,NA,NA,https://docs.cdn.yougov.com/ze05ewgo9y/econTabReport.pdf,Congress,16,63,21
84117,568,YouGov,,CBS News,NA,NA,NA,YouGov,Online Matched Sample,NA,2023-09-05T00:00:00Z,2023-09-08T00:00:00Z,FALSE,NA,181294,2335,a,NA,a,FALSE,2025-04-28 19:33:35 UTC,2025-04-28 19:33:35 UTC,NA,https://www.cbsnews.com/news/age-president-senator-performance-concerns-outweigh-benefits-of-experience/,https://www.cbsnews.com/news/age-president-senator-performance-concerns-outweigh-benefits-of-experience/,NA,https://docs.cdn.yougov.com/ntoda8cxz7/cbsnews_20230910_1.pdf,Congress,22,78,0
84158,1597,Beacon/Shaw,,Fox News,NA,NA,NA,Beacon Research/Shaw & Co. Research,Live Phone,NA,2023-09-09T00:00:00Z,2023-09-12T00:00:00Z,FALSE,NA,181627,1012,rv,NA,rv,FALSE,2025-04-28 19:33:39 UTC,2025-04-28 19:33:39 UTC,NA,https://www.foxnews.com/official-polls/fox-news-poll-voters-split-over-biden-impeachment-inquiry,https://www.foxnews.com/official-polls/fox-news-poll-voters-split-over-biden-impeachment-inquiry,https://static.foxnews.com/foxnews.com/content/uploads/2023/09/Fox_September-9-12-2023_Complete_National_Topline_September-15-Release.pdf,https://static.foxnews.com/foxnews.com/content/uploads/2023/09/Fox_September-9-12-2023_Complete_Cross-Tabs_September-15-Release.pdf,Congress,19,76,5
84136,568,YouGov,,The Economist,NA,NA,NA,YouGov,Online Matched Sample,NA,2023-09-10T00:00:00Z,2023-09-12T00:00:00Z,FALSE,NA,181355,1334,rv,NA,rv,FALSE,2025-04-28 19:33:35 UTC,2025-04-28 19:33:35 UTC,NA,https://docs.cdn.yougov.com/xttgobsv8q/econTabReport.pdf,NA,NA,https://docs.cdn.yougov.com/xttgobsv8q/econTabReport.pdf,Congress,15,65,19
84136,568,YouGov,,The Economist,NA,NA,NA,YouGov,Online Matched Sample,NA,2023-09-10T00:00:00Z,2023-09-12T00:00:00Z,FALSE,NA,181354,1500,a,NA,a,FALSE,2025-04-28 19:33:35 UTC,2025-04-28 19:33:35 UTC,NA,https://docs.cdn.yougov.com/0d5jmcbf98/econtoplines.pdf,NA,https://docs.cdn.yougov.com/0d5jmcbf98/econtoplines.pdf,https://docs.cdn.yougov.com/xttgobsv8q/econTabReport.pdf,Congress,17,58,26
84165,1797,HarrisX/Harris Poll,,Harvard University Center for American Political Studies,NA,NA,NA,HarrisX/Harris Poll,Online Opt-In Panel,NA,2023-09-13T00:00:00Z,2023-09-14T00:00:00Z,FALSE,NA,181628,2103,rv,NA,rv,FALSE,2025-04-28 19:33:39 UTC,2025-04-28 19:33:39 UTC,NA,https://harvardharrispoll.com/wp-content/uploads/2023/09/HHP_Sept23_KeyResults.pdf,https://harvardharrispoll.com/wp-content/uploads/2023/09/HHP_Sept23_KeyResults.pdf,https://harvardharrispoll.com/wp-content/uploads/2023/09/HHP_Sept2023_Topline.pdf,https://harvardharrispoll.com/wp-content/uploads/2023/09/HHP_Sept2023_Crosstabs.pdf,Congress,32,58,9
84192,568,YouGov,,The Economist,NA,NA,NA,YouGov,Online Matched Sample,NA,2023-09-17T00:00:00Z,2023-09-19T00:00:00Z,FALSE,NA,181880,1500,a,NA,a,FALSE,2025-04-28 19:33:41 UTC,2025-04-28 19:33:41 UTC,NA,https://d3nkl3psvxxpe9.cloudfront.net/documents/econtoplines_Os7FqGN.pdf,NA,https://d3nkl3psvxxpe9.cloudfront.net/documents/econtoplines_Os7FqGN.pdf,https://d3nkl3psvxxpe9.cloudfront.net/documents/econTabReport_xf4D6qH.pdf,Congress,16,61,24
84192,568,YouGov,,The Economist,NA,NA,NA,YouGov,Online Matched Sample,NA,2023-09-17T00:00:00Z,2023-09-19T00:00:00Z,FALSE,NA,181881,1303,rv,NA,rv,FALSE,2025-04-28 19:33:41 UTC,2025-04-28 19:33:41 UTC,NA,https://d3nkl3psvxxpe9.cloudfront.net/documents/econTabReport_xf4D6qH.pdf,NA,NA,https://d3nkl3psvxxpe9.cloudfront.net/documents/econTabReport_xf4D6qH.pdf,Congress,14,66,20
84248,169,Gallup,,NA,NA,NA,NA,Gallup,Live Phone,NA,2023-09-01T00:00:00Z,2023-09-23T00:00:00Z,FALSE,NA,182263,1016,a,NA,a,FALSE,2025-04-28 19:33:07 UTC,2025-04-28 19:33:07 UTC,NA,https://news.gallup.com/poll/511640/low-job-ratings-congress-biden-persist.aspx,https://news.gallup.com/poll/511640/low-job-ratings-congress-biden-persist.aspx,NA,NA,Congress,17,82,1
84244,320,Monmouth,,NA,NA,NA,NA,Monmouth University Polling Institute,Live Phone/Text-to-Web,NA,2023-09-19T00:00:00Z,2023-09-24T00:00:00Z,FALSE,NA,182364,737,rv,NA,rv,FALSE,2025-04-28 19:33:08 UTC,2025-04-28 19:33:08 UTC,NA,https://www.monmouth.edu/polling-institute/documents/monmouthpoll_us_092723.pdf,NA,NA,https://www.monmouth.edu/polling-institute/documents/monmouthpoll_us_092723.pdf,Congress,16,75,10
84244,320,Monmouth,,NA,NA,NA,NA,Monmouth University Polling Institute,Live Phone/Text-to-Web,NA,2023-09-19T00:00:00Z,2023-09-24T00:00:00Z,FALSE,NA,182363,814,a,NA,a,FALSE,2025-04-28 19:33:08 UTC,2025-04-28 19:33:08 UTC,NA,https://www.monmouth.edu/polling-institute/documents/monmouthpoll_us_092723.pdf,NA,NA,https://www.monmouth.edu/polling-institute/documents/monmouthpoll_us_092723.pdf,Congress,17,74,9
84308,1075,Marquette Law School,,NA,NA,NA,NA,Marquette University Law School,Probability Panel,NA,2023-09-18T00:00:00Z,2023-09-25T00:00:00Z,FALSE,NA,183080,690,lv,NA,lv,FALSE,2025-04-28 19:33:14 UTC,2025-04-28 19:33:14 UTC,NA,https://law.marquette.edu/poll/wp-content/uploads/2023/10/MLSPSC16ToplinesLV.html,NA,https://law.marquette.edu/poll/wp-content/uploads/2023/10/MLSPSC16ToplinesLV.html,https://law.marquette.edu/poll/category/results-and-data/,Congress,29,71,0
84308,1075,Marquette Law School,,NA,NA,NA,NA,Marquette University Law School,Probability Panel,NA,2023-09-18T00:00:00Z,2023-09-25T00:00:00Z,FALSE,NA,183078,1007,a,NA,a,FALSE,2025-04-28 19:33:14 UTC,2025-04-28 19:33:14 UTC,NA,https://law.marquette.edu/poll/wp-content/uploads/2023/10/MLSPSC16Toplines.html,NA,https://law.marquette.edu/poll/wp-content/uploads/2023/10/MLSPSC16Toplines.html,https://law.marquette.edu/poll/category/results-and-data/,Congress,31,69,0
84308,1075,Marquette Law School,,NA,NA,NA,NA,Marquette University Law School,Probability Panel,NA,2023-09-18T00:00:00Z,2023-09-25T00:00:00Z,FALSE,NA,183079,868,rv,NA,rv,FALSE,2025-04-28 19:33:14 UTC,2025-04-28 19:33:14 UTC,NA,https://law.marquette.edu/poll/wp-content/uploads/2023/10/MLSPSC16ToplinesRV.html,NA,https://law.marquette.edu/poll/wp-content/uploads/2023/10/MLSPSC16ToplinesRV.html,https://law.marquette.edu/poll/category/results-and-data/,Congress,30,70,0
84293,921,Clarity,,NA,NA,NA,NA,Clarity Campaign Labs,Online Opt-In Panel,NA,2023-09-20T00:00:00Z,2023-09-25T00:00:00Z,FALSE,NA,182678,1062,lv,NA,lv,FALSE,2025-04-28 19:33:12 UTC,2025-04-28 19:33:12 UTC,NA,https://static1.squarespace.com/static/61ae8d5e55be5c7314b4c83a/t/651b174c0e30a96b37667612/1696274255301/Clarity+Omnibus+Overview+-+September+2023.pdf,NA,https://static1.squarespace.com/static/61ae8d5e55be5c7314b4c83a/t/651b174c0e30a96b37667612/1696274255301/Clarity+Omnibus+Overview+-+September+2023.pdf,NA,Congress,20,65,15
84250,568,YouGov,,The Economist,NA,NA,NA,YouGov,Online Matched Sample,NA,2023-09-23T00:00:00Z,2023-09-26T00:00:00Z,FALSE,NA,182284,1293,rv,NA,rv,FALSE,2025-04-28 19:33:08 UTC,2025-04-28 19:33:08 UTC,NA,https://d3nkl3psvxxpe9.cloudfront.net/documents/econTabReport_wyX9VrC.pdf,NA,NA,https://d3nkl3psvxxpe9.cloudfront.net/documents/econTabReport_wyX9VrC.pdf,Congress,12,70,17
84250,568,YouGov,,The Economist,NA,NA,NA,YouGov,Online Matched Sample,NA,2023-09-23T00:00:00Z,2023-09-26T00:00:00Z,FALSE,NA,182283,1500,a,NA,a,FALSE,2025-04-28 19:33:08 UTC,2025-04-28 19:33:08 UTC,NA,https://d3nkl3psvxxpe9.cloudfront.net/documents/econtoplines_RTVZfCv.pdf,NA,https://d3nkl3psvxxpe9.cloudfront.net/documents/econtoplines_RTVZfCv.pdf,https://d3nkl3psvxxpe9.cloudfront.net/documents/econTabReport_wyX9VrC.pdf,Congress,14,63,24
84306,568,YouGov,,The Economist,NA,NA,NA,YouGov,Online Matched Sample,NA,2023-09-30T00:00:00Z,2023-10-03T00:00:00Z,FALSE,NA,182731,1500,a,NA,a,FALSE,2025-04-28 19:33:12 UTC,2025-04-28 19:33:12 UTC,NA,https://d3nkl3psvxxpe9.cloudfront.net/documents/econtoplines_ZHdSXzq.pdf,NA,https://d3nkl3psvxxpe9.cloudfront.net/documents/econtoplines_ZHdSXzq.pdf,https://d3nkl3psvxxpe9.cloudfront.net/documents/econTabReport_ZYxhZlV.pdf,Congress,14,62,25
84306,568,YouGov,,The Economist,NA,NA,NA,YouGov,Online Matched Sample,NA,2023-09-30T00:00:00Z,2023-10-03T00:00:00Z,FALSE,NA,182732,1368,rv,NA,rv,FALSE,2025-04-28 19:33:12 UTC,2025-04-28 19:33:12 UTC,NA,https://d3nkl3psvxxpe9.cloudfront.net/documents/econTabReport_ZYxhZlV.pdf,NA,NA,https://d3nkl3psvxxpe9.cloudfront.net/documents/econTabReport_ZYxhZlV.pdf,Congress,16,65,20
84373,568,YouGov,,The Economist,NA,NA,NA,YouGov,Online Matched Sample,NA,2023-10-08T00:00:00Z,2023-10-10T00:00:00Z,FALSE,NA,183429,1500,a,NA,a,FALSE,2025-04-28 19:33:15 UTC,2025-04-28 19:33:15 UTC,NA,https://d3nkl3psvxxpe9.cloudfront.net/documents/econTabReport_8o4rs21.pdf,NA,NA,https://d3nkl3psvxxpe9.cloudfront.net/documents/econTabReport_8o4rs21.pdf,Congress,15,61,23
84373,568,YouGov,,The Economist,NA,NA,NA,YouGov,Online Matched Sample,NA,2023-10-08T00:00:00Z,2023-10-10T00:00:00Z,FALSE,NA,183430,1319,rv,NA,rv,FALSE,2025-04-28 19:33:15 UTC,2025-04-28 19:33:15 UTC,NA,https://d3nkl3psvxxpe9.cloudfront.net/documents/econTabReport_8o4rs21.pdf,NA,NA,https://d3nkl3psvxxpe9.cloudfront.net/documents/econTabReport_8o4rs21.pdf,Congress,15,67,18
84440,568,YouGov,,Yahoo News,NA,NA,NA,YouGov,Online Matched Sample,NA,2023-10-12T00:00:00Z,2023-10-16T00:00:00Z,FALSE,NA,183816,1675,a,NA,a,FALSE,2025-04-28 19:33:41 UTC,2025-04-28 19:33:41 UTC,NA,https://news.yahoo.com/house-speaker-chaos-new-poll-shows-americans-increasingly-blame-republicans-for-dysfunction-in-congress-184926836.html,https://news.yahoo.com/house-speaker-chaos-new-poll-shows-americans-increasingly-blame-republicans-for-dysfunction-in-congress-184926836.html,https://d3nkl3psvxxpe9.cloudfront.net/documents/20231016_yahoo_toplines.pdf,https://d3nkl3psvxxpe9.cloudfront.net/documents/20231016_yahoo_tabs.pdf,Congress,12,65,22
84446,568,YouGov,,The Economist,NA,NA,NA,YouGov,Online Matched Sample,NA,2023-10-14T00:00:00Z,2023-10-17T00:00:00Z,FALSE,NA,183789,1296,rv,NA,rv,FALSE,2025-04-28 19:33:41 UTC,2025-04-28 19:33:41 UTC,NA,https://d3nkl3psvxxpe9.cloudfront.net/documents/econTabReport_uXN5Bmo.pdf,NA,NA,https://d3nkl3psvxxpe9.cloudfront.net/documents/econTabReport_uXN5Bmo.pdf,Congress,16,67,17
84446,568,YouGov,,The Economist,NA,NA,NA,YouGov,Online Matched Sample,NA,2023-10-14T00:00:00Z,2023-10-17T00:00:00Z,FALSE,NA,183788,1500,a,NA,a,FALSE,2025-04-28 19:33:41 UTC,2025-04-28 19:33:41 UTC,NA,https://d3nkl3psvxxpe9.cloudfront.net/documents/econtoplines_3WmN9jD.pdf,NA,https://d3nkl3psvxxpe9.cloudfront.net/documents/econtoplines_3WmN9jD.pdf,https://d3nkl3psvxxpe9.cloudfront.net/documents/econTabReport_uXN5Bmo.pdf,Congress,16,61,23
84467,1797,HarrisX/Harris Poll,,Harvard University Center for American Political Studies,NA,NA,NA,HarrisX/Harris Poll,Online Opt-In Panel,NA,2023-10-18T00:00:00Z,2023-10-18T00:00:00Z,FALSE,NA,183987,2116,rv,NA,rv,FALSE,2025-04-28 19:33:27 UTC,2025-04-28 19:33:27 UTC,NA,https://harvardharrispoll.com/wp-content/uploads/2023/10/HHP_Oct23_KeyResults.pdf,https://harvardharrispoll.com/wp-content/uploads/2023/10/HHP_Oct23_KeyResults.pdf,https://harvardharrispoll.com/wp-content/uploads/2023/10/HHP_Oct2023_Topline.pdf,https://harvardharrispoll.com/wp-content/uploads/2023/10/HHP_Oct2023_Crosstabs.pdf,Congress,30,62,7
84481,1832,Let's Preserve the American Dream,,NA,NA,NA,NA,Let's Preserve the American Dream,Live Phone,NA,2023-10-16T00:00:00Z,2023-10-19T00:00:00Z,FALSE,REP,184120,1000,lv,NA,lv,FALSE,2025-04-28 19:33:13 UTC,2025-04-28 19:33:13 UTC,NA,https://www.lptad.com/_files/ugd/cd4c37_912e6211dec24d428af59860ba8f033b.pdf,https://www.lptad.com/_files/ugd/cd4c37_912e6211dec24d428af59860ba8f033b.pdf,NA,NA,Congress,8,86,5
84495,169,Gallup,,NA,NA,NA,NA,Gallup,Live Phone,NA,2023-10-02T00:00:00Z,2023-10-23T00:00:00Z,FALSE,NA,184274,1009,a,NA,a,FALSE,2025-04-28 19:33:20 UTC,2025-04-28 19:33:20 UTC,NA,https://news.gallup.com/poll/513305/democrats-ratings-biden-slip-overall-approval.aspx,https://news.gallup.com/poll/513305/democrats-ratings-biden-slip-overall-approval.aspx,NA,NA,Congress,13,84,3
84487,568,YouGov,,The Economist,NA,NA,NA,YouGov,Online Matched Sample,NA,2023-10-21T00:00:00Z,2023-10-24T00:00:00Z,FALSE,NA,184173,1500,a,NA,a,FALSE,2025-04-28 19:33:19 UTC,2025-04-28 19:33:19 UTC,NA,https://d3nkl3psvxxpe9.cloudfront.net/documents/econTabReport_WzgzhWp.pdf,NA,NA,https://d3nkl3psvxxpe9.cloudfront.net/documents/econTabReport_WzgzhWp.pdf,Congress,12,64,23
84487,568,YouGov,,The Economist,NA,NA,NA,YouGov,Online Matched Sample,NA,2023-10-21T00:00:00Z,2023-10-24T00:00:00Z,FALSE,NA,184174,1296,rv,NA,rv,FALSE,2025-04-28 19:33:19 UTC,2025-04-28 19:33:19 UTC,NA,https://d3nkl3psvxxpe9.cloudfront.net/documents/econTabReport_WzgzhWp.pdf,NA,NA,https://d3nkl3psvxxpe9.cloudfront.net/documents/econTabReport_WzgzhWp.pdf,Congress,11,72,17
84842,921,Clarity,,NA,NA,NA,NA,Clarity Campaign Labs,Online Opt-In Panel,NA,2023-10-20T00:00:00Z,2023-10-26T00:00:00Z,FALSE,NA,187842,1169,lv,NA,lv,FALSE,2025-04-28 19:33:09 UTC,2025-04-28 19:33:09 UTC,NA,https://static1.squarespace.com/static/61ae8d5e55be5c7314b4c83a/t/656890f329371d10e8f85801/1701351669514/Clarity+Omnibus+Overview+-+October+2023.pdf,NA,https://static1.squarespace.com/static/61ae8d5e55be5c7314b4c83a/t/656890f329371d10e8f85801/1701351669514/Clarity+Omnibus+Overview+-+October+2023.pdf,NA,Congress,22,63,15
84513,568,YouGov,,The Economist,NA,NA,NA,YouGov,Online Matched Sample,NA,2023-10-28T00:00:00Z,2023-10-31T00:00:00Z,FALSE,NA,184344,1500,a,NA,a,FALSE,2025-04-28 19:33:21 UTC,2025-04-28 19:33:21 UTC,NA,https://d3nkl3psvxxpe9.cloudfront.net/documents/econtoplines_cIQloVR.pdf,NA,https://d3nkl3psvxxpe9.cloudfront.net/documents/econtoplines_cIQloVR.pdf,https://d3nkl3psvxxpe9.cloudfront.net/documents/econTabReport_bpzPgoE.pdf,Congress,14,62,25
84513,568,YouGov,,The Economist,NA,NA,NA,YouGov,Online Matched Sample,NA,2023-10-28T00:00:00Z,2023-10-31T00:00:00Z,FALSE,NA,184345,1333,rv,NA,rv,FALSE,2025-04-28 19:33:21 UTC,2025-04-28 19:33:21 UTC,NA,https://d3nkl3psvxxpe9.cloudfront.net/documents/econTabReport_bpzPgoE.pdf,NA,NA,https://d3nkl3psvxxpe9.cloudfront.net/documents/econTabReport_bpzPgoE.pdf,Congress,14,67,19
84685,1075,Marquette Law School,,NA,NA,NA,NA,Marquette University Law School,Probability Panel,NA,2023-11-02T00:00:00Z,2023-11-07T00:00:00Z,FALSE,NA,186452,856,rv,NA,rv,FALSE,2025-04-28 19:33:41 UTC,2025-04-28 19:33:41 UTC,NA,https://law.marquette.edu/poll/wp-content/uploads/2023/11/MLSPSC17ToplinesRV.html,NA,https://law.marquette.edu/poll/wp-content/uploads/2023/11/MLSPSC17ToplinesRV.html,https://law.marquette.edu/poll/2023/11/15/detailed-results-of-the-marquette-law-school-supreme-court-poll-november-2-7-2023-2/,Congress,27,73,0
84611,568,YouGov,,The Economist,NA,NA,NA,YouGov,Online Matched Sample,NA,2023-11-05T00:00:00Z,2023-11-07T00:00:00Z,FALSE,NA,185162,1313,rv,NA,rv,FALSE,2025-04-28 19:33:41 UTC,2025-04-28 19:33:41 UTC,NA,https://d3nkl3psvxxpe9.cloudfront.net/documents/econTabReport_Vow57W6.pdf,NA,NA,https://d3nkl3psvxxpe9.cloudfront.net/documents/econTabReport_Vow57W6.pdf,Congress,18,63,20
84685,1075,Marquette Law School,,NA,NA,NA,NA,Marquette University Law School,Probability Panel,NA,2023-11-02T00:00:00Z,2023-11-07T00:00:00Z,FALSE,NA,186453,668,lv,NA,lv,FALSE,2025-04-28 19:33:41 UTC,2025-04-28 19:33:41 UTC,NA,https://law.marquette.edu/poll/wp-content/uploads/2023/11/MLSPSC17ToplinesLV.html,NA,https://law.marquette.edu/poll/wp-content/uploads/2023/11/MLSPSC17ToplinesLV.html,https://law.marquette.edu/poll/2023/11/15/detailed-results-of-the-marquette-law-school-supreme-court-poll-november-2-7-2023-2/,Congress,23,77,0
84611,568,YouGov,,The Economist,NA,NA,NA,YouGov,Online Matched Sample,NA,2023-11-05T00:00:00Z,2023-11-07T00:00:00Z,FALSE,NA,185161,1500,a,NA,a,FALSE,2025-04-28 19:33:41 UTC,2025-04-28 19:33:41 UTC,NA,https://d3nkl3psvxxpe9.cloudfront.net/documents/econtoplines_vaQYxHN.pdf,NA,https://d3nkl3psvxxpe9.cloudfront.net/documents/econtoplines_vaQYxHN.pdf,https://d3nkl3psvxxpe9.cloudfront.net/documents/econTabReport_Vow57W6.pdf,Congress,16,59,25
84681,568,YouGov,,The Economist,NA,NA,NA,YouGov,Online Matched Sample,NA,2023-11-11T00:00:00Z,2023-11-14T00:00:00Z,FALSE,NA,186250,1500,a,NA,a,FALSE,2025-04-28 19:33:41 UTC,2025-04-28 19:33:41 UTC,NA,https://d3nkl3psvxxpe9.cloudfront.net/documents/econtoplines_bKk3Qa1.pdf,NA,https://d3nkl3psvxxpe9.cloudfront.net/documents/econtoplines_bKk3Qa1.pdf,https://d3nkl3psvxxpe9.cloudfront.net/documents/econTabReport_g1diQvj.pdf,Congress,19,58,24
84681,568,YouGov,,The Economist,NA,NA,NA,YouGov,Online Matched Sample,NA,2023-11-11T00:00:00Z,2023-11-14T00:00:00Z,FALSE,NA,186251,1272,rv,NA,rv,FALSE,2025-04-28 19:33:41 UTC,2025-04-28 19:33:41 UTC,NA,https://d3nkl3psvxxpe9.cloudfront.net/documents/econTabReport_g1diQvj.pdf,NA,NA,https://d3nkl3psvxxpe9.cloudfront.net/documents/econTabReport_g1diQvj.pdf,Congress,19,63,17
85640,568,YouGov,,The George Washington University,NA,NA,NA,YouGov,Online Matched Sample,NA,2023-11-09T00:00:00Z,2023-11-15T00:00:00Z,FALSE,NA,190456,1500,a,NA,a,FALSE,2025-04-28 19:33:29 UTC,2025-04-28 19:33:29 UTC,NA,https://smpa.gwu.edu/gw-politics-poll-nov-23,https://smpa.gwu.edu/gw-politics-poll-nov-23,https://smpa.gwu.edu/sites/g/files/zaxdzs4161/files/2023-11/gw-politics-poll-toplines-nov-2023.pdf,NA,Congress,25.5,67.3,7.1
84715,1797,HarrisX/Harris Poll,,Harvard University Center for American Political Studies,NA,NA,NA,HarrisX/Harris Poll,Online Opt-In Panel,NA,2023-11-15T00:00:00Z,2023-11-16T00:00:00Z,FALSE,NA,187442,2851,rv,NA,rv,FALSE,2025-04-28 19:33:08 UTC,2025-04-28 19:33:08 UTC,NA,https://harvardharrispoll.com/wp-content/uploads/2023/11/HHP_Nov23_KeyResults.pdf,NA,https://harvardharrispoll.com/wp-content/uploads/2023/11/HHP_Nov23_KeyResults.pdf,NA,Congress,34,58,8
84819,568,YouGov,,The Economist,NA,NA,NA,YouGov,Online Matched Sample,NA,2023-11-18T00:00:00Z,2023-11-20T00:00:00Z,FALSE,NA,187647,1323,rv,NA,rv,FALSE,2025-04-28 19:33:09 UTC,2025-04-28 19:33:09 UTC,NA,https://d3nkl3psvxxpe9.cloudfront.net/documents/econTabReport_ewAQzcE.pdf,NA,NA,https://d3nkl3psvxxpe9.cloudfront.net/documents/econTabReport_ewAQzcE.pdf,Congress,20,61,19
84819,568,YouGov,,The Economist,NA,NA,NA,YouGov,Online Matched Sample,NA,2023-11-18T00:00:00Z,2023-11-20T00:00:00Z,FALSE,NA,187646,1500,a,NA,a,FALSE,2025-04-28 19:33:09 UTC,2025-04-28 19:33:09 UTC,NA,https://d3nkl3psvxxpe9.cloudfront.net/documents/econtoplines_7kHym5K.pdf,NA,https://d3nkl3psvxxpe9.cloudfront.net/documents/econtoplines_7kHym5K.pdf,https://d3nkl3psvxxpe9.cloudfront.net/documents/econTabReport_ewAQzcE.pdf,Congress,19,55,25
84832,568,YouGov,,The Economist,NA,NA,NA,YouGov,Online Matched Sample,NA,2023-11-25T00:00:00Z,2023-11-27T00:00:00Z,FALSE,NA,187779,1323,rv,NA,rv,FALSE,2025-04-28 19:33:09 UTC,2025-04-28 19:33:09 UTC,NA,https://d3nkl3psvxxpe9.cloudfront.net/documents/econTabReport_3GgK6Vy.pdf,NA,NA,https://d3nkl3psvxxpe9.cloudfront.net/documents/econTabReport_3GgK6Vy.pdf,Congress,14,69,17
84832,568,YouGov,,The Economist,NA,NA,NA,YouGov,Online Matched Sample,NA,2023-11-25T00:00:00Z,2023-11-27T00:00:00Z,FALSE,NA,187778,1500,a,NA,a,FALSE,2025-04-28 19:33:09 UTC,2025-04-28 19:33:09 UTC,NA,https://d3nkl3psvxxpe9.cloudfront.net/documents/econtoplines_hzXyZ87.pdf,NA,https://d3nkl3psvxxpe9.cloudfront.net/documents/econtoplines_hzXyZ87.pdf,https://d3nkl3psvxxpe9.cloudfront.net/documents/econTabReport_3GgK6Vy.pdf,Congress,15,62,23
84878,320,Monmouth,,NA,NA,NA,NA,Monmouth University Polling Institute,Live Phone/Text-to-Web,NA,2023-11-30T00:00:00Z,2023-12-04T00:00:00Z,FALSE,NA,189165,743,rv,NA,rv,FALSE,2025-04-28 19:33:14 UTC,2025-04-28 19:33:14 UTC,NA,https://www.monmouth.edu/polling-institute/reports/monmouthpoll_us_121823/,https://www.monmouth.edu/polling-institute/reports/monmouthpoll_us_121823/,NA,NA,Congress,16,78,6
84878,320,Monmouth,,NA,NA,NA,NA,Monmouth University Polling Institute,Live Phone/Text-to-Web,NA,2023-11-30T00:00:00Z,2023-12-04T00:00:00Z,FALSE,NA,189164,803,a,NA,a,FALSE,2025-04-28 19:33:14 UTC,2025-04-28 19:33:14 UTC,NA,https://www.monmouth.edu/polling-institute/reports/monmouthpoll_us_121823/,https://www.monmouth.edu/polling-institute/reports/monmouthpoll_us_121823/,NA,NA,Congress,17,77,6
84875,568,YouGov,,The Economist,NA,NA,NA,YouGov,Online Matched Sample,NA,2023-12-02T00:00:00Z,2023-12-05T00:00:00Z,FALSE,NA,188004,1500,a,NA,a,FALSE,2025-04-28 19:33:10 UTC,2025-04-28 19:33:10 UTC,NA,https://d3nkl3psvxxpe9.cloudfront.net/documents/econtoplines_41LGsxk.pdf,NA,https://d3nkl3psvxxpe9.cloudfront.net/documents/econtoplines_41LGsxk.pdf,https://d3nkl3psvxxpe9.cloudfront.net/documents/econTabReport_BOEC4TZ.pdf,Congress,16,59,25
84875,568,YouGov,,The Economist,NA,NA,NA,YouGov,Online Matched Sample,NA,2023-12-02T00:00:00Z,2023-12-05T00:00:00Z,FALSE,NA,188005,1291,rv,NA,rv,FALSE,2025-04-28 19:33:10 UTC,2025-04-28 19:33:10 UTC,NA,https://d3nkl3psvxxpe9.cloudfront.net/documents/econTabReport_BOEC4TZ.pdf,NA,NA,https://d3nkl3psvxxpe9.cloudfront.net/documents/econTabReport_BOEC4TZ.pdf,Congress,17,63,20
85409,921,Clarity,,NA,NA,NA,NA,Clarity Campaign Labs,Online Opt-In Panel,NA,2023-12-07T00:00:00Z,2023-12-10T00:00:00Z,FALSE,NA,189040,1052,lv,NA,lv,FALSE,2025-04-28 19:33:13 UTC,2025-04-28 19:33:13 UTC,NA,https://static1.squarespace.com/static/61ae8d5e55be5c7314b4c83a/t/657cbfcf5350902a33364e5a/1702674493048/Clarity+Omnibus+Overview+-+December+2023.pdf,https://static1.squarespace.com/static/61ae8d5e55be5c7314b4c83a/t/657cbfcf5350902a33364e5a/1702674493048/Clarity+Omnibus+Overview+-+December+2023.pdf,NA,NA,Congress,23,62,16
85335,568,YouGov,,The Economist,NA,NA,NA,YouGov,Online Matched Sample,NA,2023-12-09T00:00:00Z,2023-12-12T00:00:00Z,FALSE,NA,188708,1332,rv,NA,rv,FALSE,2025-04-28 19:33:12 UTC,2025-04-28 19:33:12 UTC,NA,https://d3nkl3psvxxpe9.cloudfront.net/documents/econTabReport_y2MuS3t.pdf,NA,NA,https://d3nkl3psvxxpe9.cloudfront.net/documents/econTabReport_y2MuS3t.pdf,Congress,14,69,17
85335,568,YouGov,,The Economist,NA,NA,NA,YouGov,Online Matched Sample,NA,2023-12-09T00:00:00Z,2023-12-12T00:00:00Z,FALSE,NA,188707,1500,a,NA,a,FALSE,2025-04-28 19:33:12 UTC,2025-04-28 19:33:12 UTC,NA,https://d3nkl3psvxxpe9.cloudfront.net/documents/econtoplines_O1RjLdq.pdf,NA,https://d3nkl3psvxxpe9.cloudfront.net/documents/econtoplines_O1RjLdq.pdf,https://d3nkl3psvxxpe9.cloudfront.net/documents/econTabReport_y2MuS3t.pdf,Congress,14,62,25
85413,1597,Beacon/Shaw,,Fox News,NA,NA,NA,Beacon Research/Shaw & Co. Research,Live Phone,NA,2023-12-10T00:00:00Z,2023-12-13T00:00:00Z,FALSE,NA,189063,1007,rv,NA,rv,FALSE,2025-04-28 19:33:13 UTC,2025-04-28 19:33:13 UTC,NA,https://www.foxnews.com/official-polls/fox-news-poll-trumps-lead-gop-primary-widens,https://www.foxnews.com/official-polls/fox-news-poll-trumps-lead-gop-primary-widens,https://static.foxnews.com/foxnews.com/content/uploads/2023/12/Fox_December-10-13-2023_National_Topline_December-17-Release.pdf,https://static.foxnews.com/foxnews.com/content/uploads/2023/12/Fox_December-10-13-2023_Cross-Tabs_December-17-Release.pdf,Congress,19,77,4
85408,1797,HarrisX/Harris Poll,,Harvard University Center for American Political Studies,NA,NA,NA,HarrisX/Harris Poll,Online Opt-In Panel,NA,2023-12-13T00:00:00Z,2023-12-14T00:00:00Z,FALSE,NA,189021,2034,rv,NA,rv,FALSE,2025-04-28 19:33:13 UTC,2025-04-28 19:33:13 UTC,NA,https://harvardharrispoll.com/wp-content/uploads/2023/12/HHP_Dec23_KeyResults.pdf,https://harvardharrispoll.com/wp-content/uploads/2023/12/HHP_Dec23_KeyResults.pdf,https://harvardharrispoll.com/wp-content/uploads/2023/12/HHP_Dec23_Topline.pdf,https://harvardharrispoll.com/wp-content/uploads/2023/12/HHP_Dec23_Crosstab.pdf,Congress,35,58,7
85453,568,YouGov,,The Economist,NA,NA,NA,YouGov,Online Matched Sample,NA,2023-12-16T00:00:00Z,2023-12-18T00:00:00Z,FALSE,NA,189309,1336,rv,NA,rv,FALSE,2025-04-28 19:33:20 UTC,2025-04-28 19:33:20 UTC,NA,https://d3nkl3psvxxpe9.cloudfront.net/documents/econTabReport_pJolTxJ.pdf,NA,NA,https://d3nkl3psvxxpe9.cloudfront.net/documents/econTabReport_pJolTxJ.pdf,Congress,16,62,22
85453,568,YouGov,,The Economist,NA,NA,NA,YouGov,Online Matched Sample,NA,2023-12-16T00:00:00Z,2023-12-18T00:00:00Z,FALSE,NA,189308,1500,a,NA,a,FALSE,2025-04-28 19:33:20 UTC,2025-04-28 19:33:20 UTC,NA,https://d3nkl3psvxxpe9.cloudfront.net/documents/econtoplines_FBzrwMv.pdf,NA,https://d3nkl3psvxxpe9.cloudfront.net/documents/econtoplines_FBzrwMv.pdf,https://d3nkl3psvxxpe9.cloudfront.net/documents/econTabReport_pJolTxJ.pdf,Congress,15,56,29
85493,568,YouGov,,The Economist,NA,NA,NA,YouGov,Online Matched Sample,NA,2023-12-31T00:00:00Z,2024-01-02T00:00:00Z,FALSE,NA,189620,1343,rv,NA,rv,FALSE,2025-04-28 19:33:31 UTC,2025-04-28 19:33:31 UTC,NA,https://d3nkl3psvxxpe9.cloudfront.net/documents/econTabReport_11nGFKX.pdf,NA,NA,https://d3nkl3psvxxpe9.cloudfront.net/documents/econTabReport_11nGFKX.pdf,Congress,20,62,19
85493,568,YouGov,,The Economist,NA,NA,NA,YouGov,Online Matched Sample,NA,2023-12-31T00:00:00Z,2024-01-02T00:00:00Z,FALSE,NA,189619,1521,a,NA,a,FALSE,2025-04-28 19:33:25 UTC,2025-04-28 19:33:25 UTC,NA,https://d3nkl3psvxxpe9.cloudfront.net/documents/econtoplines_X9asmDv.pdf,NA,https://d3nkl3psvxxpe9.cloudfront.net/documents/econtoplines_X9asmDv.pdf,https://d3nkl3psvxxpe9.cloudfront.net/documents/econTabReport_11nGFKX.pdf,Congress,18,58,24
85578,568,YouGov,,The Economist,NA,NA,NA,YouGov,Online Matched Sample,NA,2024-01-07T00:00:00Z,2024-01-09T00:00:00Z,FALSE,NA,190174,1417,rv,NA,rv,FALSE,2025-04-28 19:33:31 UTC,2025-04-28 19:33:31 UTC,NA,https://d3nkl3psvxxpe9.cloudfront.net/documents/econTabReport_wOkNqe4.pdf,NA,NA,https://d3nkl3psvxxpe9.cloudfront.net/documents/econTabReport_wOkNqe4.pdf,Congress,18,62,20
85578,568,YouGov,,The Economist,NA,NA,NA,YouGov,Online Matched Sample,NA,2024-01-07T00:00:00Z,2024-01-09T00:00:00Z,FALSE,NA,190173,1593,a,NA,a,FALSE,2025-04-28 19:33:31 UTC,2025-04-28 19:33:31 UTC,NA,https://d3nkl3psvxxpe9.cloudfront.net/documents/econtoplines_O5mTWEc.pdf,NA,https://d3nkl3psvxxpe9.cloudfront.net/documents/econtoplines_O5mTWEc.pdf,https://d3nkl3psvxxpe9.cloudfront.net/documents/econTabReport_wOkNqe4.pdf,Congress,19,56,26
85626,568,YouGov,,The Economist,NA,NA,NA,YouGov,Online Matched Sample,NA,2024-01-14T00:00:00Z,2024-01-16T00:00:00Z,FALSE,NA,190394,1660,a,NA,a,FALSE,2025-04-28 19:33:31 UTC,2025-04-28 19:33:31 UTC,NA,https://d3nkl3psvxxpe9.cloudfront.net/documents/econtoplines_Jt39PjS.pdf,NA,https://d3nkl3psvxxpe9.cloudfront.net/documents/econtoplines_Jt39PjS.pdf,https://d3nkl3psvxxpe9.cloudfront.net/documents/econTabReport_HvTrDQB.pdf,Congress,16,62,23
85626,568,YouGov,,The Economist,NA,NA,NA,YouGov,Online Matched Sample,NA,2024-01-14T00:00:00Z,2024-01-16T00:00:00Z,FALSE,NA,190395,1472,rv,NA,rv,FALSE,2025-04-28 19:33:29 UTC,2025-04-28 19:33:29 UTC,NA,https://d3nkl3psvxxpe9.cloudfront.net/documents/econTabReport_HvTrDQB.pdf,NA,NA,https://d3nkl3psvxxpe9.cloudfront.net/documents/econTabReport_HvTrDQB.pdf,Congress,16,68,15
85672,1797,HarrisX/Harris Poll,,Harvard University Center for American Political Studies,NA,NA,NA,HarrisX/Harris Poll,Online Opt-In Panel,NA,2024-01-17T00:00:00Z,2024-01-18T00:00:00Z,FALSE,NA,190628,2346,rv,NA,rv,FALSE,2025-04-28 19:33:30 UTC,2025-04-28 19:33:30 UTC,NA,https://harvardharrispoll.com/wp-content/uploads/2024/01/HHP_Jan24_KeyResults.pdf,https://harvardharrispoll.com/wp-content/uploads/2024/01/HHP_Jan24_KeyResults.pdf,https://harvardharrispoll.com/wp-content/uploads/2024/01/HHP_Jan2024_topline.pdf,https://harvardharrispoll.com/wp-content/uploads/2024/01/HHP_Jan2024_crosstabs.pdf,Congress,33,59,9
85690,1701,NewsNation/Decision Desk HQ,,NA,NA,NA,NA,NewsNation,Online Opt-In Panel,NA,2024-01-16T00:00:00Z,2024-01-18T00:00:00Z,FALSE,NA,191023,1000,rv,NA,rv,FALSE,2025-04-28 19:33:30 UTC,2025-04-28 19:33:30 UTC,NA,https://www.newsnationnow.com/polls/2024-election-poll-ddhq/,https://www.newsnationnow.com/polls/2024-election-poll-ddhq/,NA,NA,Congress,24.41,75.59,0
85689,1697,Bullfinch,,The Independent Center,NA,NA,NA,The Bullfinch Group,Online Opt-In Panel,NA,2024-01-19T00:00:00Z,2024-01-22T00:00:00Z,FALSE,NA,191022,1002,rv,NA,rv,FALSE,2025-04-28 19:33:30 UTC,2025-04-28 19:33:30 UTC,NA,https://independentcenter.org/wp-content/uploads/2024/01/Independent-Center-2024-Nationwide-January-Survey-of-Adults-Toplines_PR.pdf,NA,https://independentcenter.org/wp-content/uploads/2024/01/Independent-Center-2024-Nationwide-January-Survey-of-Adults-Toplines_PR.pdf,NA,Congress,29,62,9
85818,921,Clarity,,NA,NA,NA,NA,Clarity Campaign Labs,Online Opt-In Panel,NA,2024-01-19T00:00:00Z,2024-01-23T00:00:00Z,FALSE,NA,191614,1092,lv,NA,lv,FALSE,2025-04-28 19:33:32 UTC,2025-04-28 19:33:32 UTC,NA,https://static1.squarespace.com/static/61ae8d5e55be5c7314b4c83a/t/65bbc99ed92dcc3f3d6c412d/1706805664506/Clarity+Omnibus+Overview+-+January+2024.pdf,NA,https://static1.squarespace.com/static/61ae8d5e55be5c7314b4c83a/t/65bbc99ed92dcc3f3d6c412d/1706805664506/Clarity+Omnibus+Overview+-+January+2024.pdf,NA,Congress,26,58,17
85699,568,YouGov,,The Economist,NA,NA,NA,YouGov,Online Matched Sample,NA,2024-01-21T00:00:00Z,2024-01-23T00:00:00Z,FALSE,NA,191085,1664,a,NA,a,FALSE,2025-04-28 19:33:31 UTC,2025-04-28 19:33:31 UTC,NA,https://d3nkl3psvxxpe9.cloudfront.net/documents/econtoplines_kPUXgWx.pdf,NA,https://d3nkl3psvxxpe9.cloudfront.net/documents/econtoplines_kPUXgWx.pdf,https://d3nkl3psvxxpe9.cloudfront.net/documents/econTabReport_i9N6Z0N.pdf,Congress,18,60,23
85699,568,YouGov,,The Economist,NA,NA,NA,YouGov,Online Matched Sample,NA,2024-01-21T00:00:00Z,2024-01-23T00:00:00Z,FALSE,NA,191086,1497,rv,NA,rv,FALSE,2025-04-28 19:33:31 UTC,2025-04-28 19:33:31 UTC,NA,https://d3nkl3psvxxpe9.cloudfront.net/documents/econTabReport_i9N6Z0N.pdf,NA,NA,https://d3nkl3psvxxpe9.cloudfront.net/documents/econTabReport_i9N6Z0N.pdf,Congress,17,65,17
85772,568,YouGov,,The Economist,NA,NA,NA,YouGov,Online Matched Sample,NA,2024-01-28T00:00:00Z,2024-01-30T00:00:00Z,FALSE,NA,191354,1686,a,NA,a,FALSE,2025-04-28 19:33:31 UTC,2025-04-28 19:33:31 UTC,NA,https://d3nkl3psvxxpe9.cloudfront.net/documents/econtoplines_f35zM8U.pdf,NA,https://d3nkl3psvxxpe9.cloudfront.net/documents/econtoplines_f35zM8U.pdf,https://d3nkl3psvxxpe9.cloudfront.net/documents/econTabReport_f5kOruS.pdf,Congress,13,62,24
85842,1888,UMass Amherst/YouGov,,WCVB-TV (Boston),NA,NA,NA,University of Massachusetts Department of Political Science/YouGov,Online Matched Sample,NA,2024-01-25T00:00:00Z,2024-01-30T00:00:00Z,FALSE,NA,191770,1064,a,NA,a,FALSE,2025-04-28 19:33:08 UTC,2025-04-28 19:33:08 UTC,NA,https://polsci.umass.edu/state-nation-toplines-crosstabs-feb-6-2024,https://polsci.umass.edu/state-nation-toplines-crosstabs-feb-6-2024,https://polsci.umass.edu/sites/default/files/January2024StateofNationBidenToplines.pdf,https://polsci.umass.edu/sites/default/files/January2024StateofNationBidenCrosstabs.pdf,Congress,26,62,12
85772,568,YouGov,,The Economist,NA,NA,NA,YouGov,Online Matched Sample,NA,2024-01-28T00:00:00Z,2024-01-30T00:00:00Z,FALSE,NA,191355,1486,rv,NA,rv,FALSE,2025-04-28 19:33:31 UTC,2025-04-28 19:33:31 UTC,NA,https://d3nkl3psvxxpe9.cloudfront.net/documents/econTabReport_f5kOruS.pdf,NA,NA,https://d3nkl3psvxxpe9.cloudfront.net/documents/econTabReport_f5kOruS.pdf,Congress,13,66,21
85859,568,YouGov,,The Economist,NA,NA,NA,YouGov,Online Matched Sample,NA,2024-02-04T00:00:00Z,2024-02-06T00:00:00Z,FALSE,NA,191820,1399,rv,NA,rv,FALSE,2025-04-28 19:33:09 UTC,2025-04-28 19:33:09 UTC,NA,https://d3nkl3psvxxpe9.cloudfront.net/documents/econTabReport_H1zTWuF.pdf,NA,NA,https://d3nkl3psvxxpe9.cloudfront.net/documents/econTabReport_H1zTWuF.pdf,Congress,21,61,18
85859,568,YouGov,,The Economist,NA,NA,NA,YouGov,Online Matched Sample,NA,2024-02-04T00:00:00Z,2024-02-06T00:00:00Z,FALSE,NA,191819,1591,a,NA,a,FALSE,2025-04-28 19:33:09 UTC,2025-04-28 19:33:09 UTC,NA,https://d3nkl3psvxxpe9.cloudfront.net/documents/econtoplines_PJ4ynwY.pdf,NA,https://d3nkl3psvxxpe9.cloudfront.net/documents/econtoplines_PJ4ynwY.pdf,https://d3nkl3psvxxpe9.cloudfront.net/documents/econTabReport_H1zTWuF.pdf,Congress,20,57,23
86070,320,Monmouth,,NA,NA,NA,NA,Monmouth University Polling Institute,Live Phone/Text-to-Web,NA,2024-02-08T00:00:00Z,2024-02-12T00:00:00Z,FALSE,NA,192859,902,a,NA,a,FALSE,2025-04-28 19:33:08 UTC,2025-04-28 19:33:08 UTC,NA,https://www.monmouth.edu/polling-institute/reports/MonmouthPoll_US_022024/,https://www.monmouth.edu/polling-institute/reports/MonmouthPoll_US_022024/,NA,https://www.monmouth.edu/polling-institute/documents/monmouthpoll_us_022024.pdf/,Congress,14,79,7
85938,568,YouGov,,The Economist,NA,NA,NA,YouGov,Online Matched Sample,NA,2024-02-11T00:00:00Z,2024-02-13T00:00:00Z,FALSE,NA,192069,1671,a,NA,a,FALSE,2025-04-28 19:33:26 UTC,2025-04-28 19:33:26 UTC,NA,https://d3nkl3psvxxpe9.cloudfront.net/documents/econtoplines_CLPOIop.pdf,NA,https://d3nkl3psvxxpe9.cloudfront.net/documents/econtoplines_CLPOIop.pdf,https://d3nkl3psvxxpe9.cloudfront.net/documents/econTabReport_bC3K16R.pdf,Congress,20,56,24
85938,568,YouGov,,The Economist,NA,NA,NA,YouGov,Online Matched Sample,NA,2024-02-11T00:00:00Z,2024-02-13T00:00:00Z,FALSE,NA,192070,1470,rv,NA,rv,FALSE,2025-04-28 19:33:27 UTC,2025-04-28 19:33:27 UTC,NA,https://d3nkl3psvxxpe9.cloudfront.net/documents/econTabReport_bC3K16R.pdf,NA,NA,https://d3nkl3psvxxpe9.cloudfront.net/documents/econTabReport_bC3K16R.pdf,Congress,21,60,20
86148,1075,Marquette Law School,,NA,NA,NA,NA,Marquette University Law School,Probability Panel,NA,2024-02-05T00:00:00Z,2024-02-15T00:00:00Z,FALSE,NA,193441,787,rv,NA,rv,FALSE,2025-04-28 19:33:15 UTC,2025-04-28 19:33:15 UTC,NA,https://law.marquette.edu/poll/2024/02/21/detailed-results-of-the-marquette-law-school-supreme-court-poll-february-5-15-2024-2/,https://law.marquette.edu/poll/2024/02/21/detailed-results-of-the-marquette-law-school-supreme-court-poll-february-5-15-2024-2/,https://law.marquette.edu/poll/wp-content/uploads/2024/02/MLSPSC18ToplinesRV.html,NA,Congress,21,79,0
86148,1075,Marquette Law School,,NA,NA,NA,NA,Marquette University Law School,Probability Panel,NA,2024-02-05T00:00:00Z,2024-02-15T00:00:00Z,FALSE,NA,193442,628,lv,NA,lv,FALSE,2025-04-28 19:33:15 UTC,2025-04-28 19:33:15 UTC,NA,https://law.marquette.edu/poll/2024/02/21/detailed-results-of-the-marquette-law-school-supreme-court-poll-february-5-15-2024-2/,https://law.marquette.edu/poll/2024/02/21/detailed-results-of-the-marquette-law-school-supreme-court-poll-february-5-15-2024-2/,https://law.marquette.edu/poll/wp-content/uploads/2024/02/MLSPSC18ToplinesLV.html,NA,Congress,17,83,0
86145,568,YouGov,,The Economist,NA,NA,NA,YouGov,Online Matched Sample,NA,2024-02-18T00:00:00Z,2024-02-20T00:00:00Z,FALSE,NA,193102,1562,a,NA,a,FALSE,2025-04-28 19:33:14 UTC,2025-04-28 19:33:14 UTC,NA,https://d3nkl3psvxxpe9.cloudfront.net/documents/econtoplines_J89zQ0v.pdf,NA,https://d3nkl3psvxxpe9.cloudfront.net/documents/econtoplines_J89zQ0v.pdf,https://d3nkl3psvxxpe9.cloudfront.net/documents/econTabReport_LbK5uKN.pdf,Congress,23,53,24
86145,568,YouGov,,The Economist,NA,NA,NA,YouGov,Online Matched Sample,NA,2024-02-18T00:00:00Z,2024-02-20T00:00:00Z,FALSE,NA,193103,1360,rv,NA,rv,FALSE,2025-04-28 19:33:14 UTC,2025-04-28 19:33:14 UTC,NA,https://d3nkl3psvxxpe9.cloudfront.net/documents/econTabReport_LbK5uKN.pdf,NA,NA,https://d3nkl3psvxxpe9.cloudfront.net/documents/econTabReport_LbK5uKN.pdf,Congress,22,59,19
86173,169,Gallup,,NA,NA,NA,NA,Gallup,Live Phone,NA,2024-02-01T00:00:00Z,2024-02-20T00:00:00Z,FALSE,NA,193624,1016,a,NA,a,FALSE,2025-04-28 19:33:21 UTC,2025-04-28 19:33:21 UTC,NA,https://news.gallup.com/poll/611135/immigration-surges-top-important-problem-list.aspx,https://news.gallup.com/poll/611135/immigration-surges-top-important-problem-list.aspx,NA,NA,Congress,12,83,5
86180,1697,Bullfinch,,NA,NA,NA,NA,The Bullfinch Group,Online Opt-In Panel,NA,2024-02-17T00:00:00Z,2024-02-22T00:00:00Z,FALSE,NA,193552,1200,a,NA,a,FALSE,2025-04-28 19:33:16 UTC,2025-04-28 19:33:16 UTC,NA,https://www.thebullfinchgroup.com/post/public-release-of-bullfinch-q1-nationwide-survey-2,https://www.thebullfinchgroup.com/post/public-release-of-bullfinch-q1-nationwide-survey-2,NA,NA,Congress,28,59,13
86180,1697,Bullfinch,,NA,NA,NA,NA,The Bullfinch Group,Online Opt-In Panel,NA,2024-02-17T00:00:00Z,2024-02-22T00:00:00Z,FALSE,NA,193553,1000,rv,NA,rv,FALSE,2025-04-28 19:33:16 UTC,2025-04-28 19:33:16 UTC,NA,https://www.thebullfinchgroup.com/post/public-release-of-bullfinch-q1-nationwide-survey-2,https://www.thebullfinchgroup.com/post/public-release-of-bullfinch-q1-nationwide-survey-2,NA,NA,Congress,28,61,11
86190,1797,HarrisX/Harris Poll,,Harvard University Center for American Political Studies,NA,NA,NA,HarrisX/Harris Poll,Online Opt-In Panel,NA,2024-02-21T00:00:00Z,2024-02-22T00:00:00Z,FALSE,NA,193590,2022,rv,NA,rv,FALSE,2025-04-28 19:33:21 UTC,2025-04-28 19:33:21 UTC,NA,https://harvardharrispoll.com/wp-content/uploads/2024/02/HHP_Feb2024_KeyResults.pdf,https://harvardharrispoll.com/wp-content/uploads/2024/02/HHP_Feb2024_KeyResults.pdf,https://harvardharrispoll.com/wp-content/uploads/2024/02/HHP_Feb2024_Topline.pdf,https://harvardharrispoll.com/wp-content/uploads/2024/02/HHP_Feb2024_Crosstabs.pdf,Congress,34,58,8
86299,921,Clarity,,NA,NA,NA,NA,Clarity Campaign Labs,Online Opt-In Panel,NA,2024-02-22T00:00:00Z,2024-02-27T00:00:00Z,FALSE,NA,194185,1026,lv,NA,lv,FALSE,2025-04-28 19:33:38 UTC,2025-04-28 19:33:38 UTC,NA,https://static1.squarespace.com/static/61ae8d5e55be5c7314b4c83a/t/65e89ab3fee20505c0cb5577/1709742772099/Clarity+Omnibus+Overview+-+February+2024.pdf,NA,https://static1.squarespace.com/static/61ae8d5e55be5c7314b4c83a/t/65e89ab3fee20505c0cb5577/1709742772099/Clarity+Omnibus+Overview+-+February+2024.pdf,NA,Congress,22,56,22
86215,568,YouGov,,The Economist,NA,NA,NA,YouGov,Online Matched Sample,NA,2024-02-25T00:00:00Z,2024-02-27T00:00:00Z,FALSE,NA,193708,1498,rv,NA,rv,FALSE,2025-04-28 19:33:32 UTC,2025-04-28 19:33:32 UTC,NA,https://d3nkl3psvxxpe9.cloudfront.net/documents/econTabReport_hi9l9P2.pdf,NA,NA,https://d3nkl3psvxxpe9.cloudfront.net/documents/econTabReport_hi9l9P2.pdf,Congress,16,65,19
86215,568,YouGov,,The Economist,NA,NA,NA,YouGov,Online Matched Sample,NA,2024-02-25T00:00:00Z,2024-02-27T00:00:00Z,FALSE,NA,193707,1688,a,NA,a,FALSE,2025-04-28 19:33:32 UTC,2025-04-28 19:33:32 UTC,NA,https://d3nkl3psvxxpe9.cloudfront.net/documents/econtoplines_XFw0j7s.pdf,NA,https://d3nkl3psvxxpe9.cloudfront.net/documents/econtoplines_XFw0j7s.pdf,https://d3nkl3psvxxpe9.cloudfront.net/documents/econTabReport_hi9l9P2.pdf,Congress,16,59,26
86256,1597,Beacon/Shaw,,Fox News,NA,NA,NA,Beacon Research/Shaw & Co. Research,Live Phone/Text-to-Web,NA,2024-02-25T00:00:00Z,2024-02-28T00:00:00Z,FALSE,NA,194012,1262,rv,NA,rv,FALSE,2025-04-28 19:33:14 UTC,2025-04-28 19:33:14 UTC,NA,https://www.foxnews.com/official-polls/fox-news-poll-trump-hedge-biden-potential-2024-rematch,https://www.foxnews.com/official-polls/fox-news-poll-trump-hedge-biden-potential-2024-rematch,https://static.foxnews.com/foxnews.com/content/uploads/2024/03/Fox_February-25-28-2024_National_Topline_March-3-Release.pdf,https://static.foxnews.com/foxnews.com/content/uploads/2024/03/Fox_February-25-28-2024_Complete_National_Cross-Tabs_March-3-Release.pdf,Congress,19,78,2
86297,568,YouGov,,The Economist,NA,NA,NA,YouGov,Online Matched Sample,NA,2024-03-03T00:00:00Z,2024-03-05T00:00:00Z,FALSE,NA,194160,1556,a,NA,a,FALSE,2025-04-28 19:33:37 UTC,2025-04-28 19:33:37 UTC,NA,https://d3nkl3psvxxpe9.cloudfront.net/documents/econtoplines_9OpjhGt.pdf,NA,https://d3nkl3psvxxpe9.cloudfront.net/documents/econtoplines_9OpjhGt.pdf,https://d3nkl3psvxxpe9.cloudfront.net/documents/econTabReport_nmFBeqb.pdf,Congress,15,60,25
86297,568,YouGov,,The Economist,NA,NA,NA,YouGov,Online Matched Sample,NA,2024-03-03T00:00:00Z,2024-03-05T00:00:00Z,FALSE,NA,194161,1450,rv,NA,rv,FALSE,2025-04-28 19:33:37 UTC,2025-04-28 19:33:37 UTC,NA,https://d3nkl3psvxxpe9.cloudfront.net/documents/econTabReport_nmFBeqb.pdf,NA,NA,https://d3nkl3psvxxpe9.cloudfront.net/documents/econTabReport_nmFBeqb.pdf,Congress,15,65,19
86463,568,YouGov,,The Economist,NA,NA,NA,YouGov,Online Matched Sample,NA,2024-03-10T00:00:00Z,2024-03-12T00:00:00Z,FALSE,NA,194571,1559,a,NA,a,FALSE,2025-04-28 19:33:35 UTC,2025-04-28 19:33:35 UTC,NA,https://d3nkl3psvxxpe9.cloudfront.net/documents/econtoplines_F5x8o9g.pdf,NA,https://d3nkl3psvxxpe9.cloudfront.net/documents/econtoplines_F5x8o9g.pdf,https://d3nkl3psvxxpe9.cloudfront.net/documents/econTabReport_Ba6mR1n.pdf,Congress,17,60,22
86463,568,YouGov,,The Economist,NA,NA,NA,YouGov,Online Matched Sample,NA,2024-03-10T00:00:00Z,2024-03-12T00:00:00Z,FALSE,NA,194572,1367,rv,NA,rv,FALSE,2025-04-28 19:33:35 UTC,2025-04-28 19:33:35 UTC,NA,https://d3nkl3psvxxpe9.cloudfront.net/documents/econTabReport_Ba6mR1n.pdf,NA,NA,https://d3nkl3psvxxpe9.cloudfront.net/documents/econTabReport_Ba6mR1n.pdf,Congress,18,65,18
86498,568,YouGov,,The Economist,NA,NA,NA,YouGov,Online Matched Sample,NA,2024-03-16T00:00:00Z,2024-03-19T00:00:00Z,FALSE,NA,194820,1510,rv,NA,rv,FALSE,2025-04-28 19:33:41 UTC,2025-04-28 19:33:41 UTC,NA,https://d3nkl3psvxxpe9.cloudfront.net/documents/econTabReport_dyZbfXi.pdf,NA,NA,https://d3nkl3psvxxpe9.cloudfront.net/documents/econTabReport_dyZbfXi.pdf,Congress,13,68,19
86498,568,YouGov,,The Economist,NA,NA,NA,YouGov,Online Matched Sample,NA,2024-03-16T00:00:00Z,2024-03-19T00:00:00Z,FALSE,NA,194819,1682,a,NA,a,FALSE,2025-04-28 19:33:41 UTC,2025-04-28 19:33:41 UTC,NA,https://d3nkl3psvxxpe9.cloudfront.net/documents/econtoplines_pFmhP6O.pdf,NA,https://d3nkl3psvxxpe9.cloudfront.net/documents/econtoplines_pFmhP6O.pdf,https://d3nkl3psvxxpe9.cloudfront.net/documents/econTabReport_dyZbfXi.pdf,Congress,13,64,23
86527,1797,HarrisX/Harris Poll,,Harvard University Center for American Political Studies,NA,NA,NA,HarrisX/Harris Poll,Online Opt-In Panel,NA,2024-03-20T00:00:00Z,2024-03-21T00:00:00Z,FALSE,NA,195363,2271,rv,NA,rv,FALSE,2025-04-28 19:33:42 UTC,2025-04-28 19:33:42 UTC,NA,https://harvardharrispoll.com/wp-content/uploads/2024/03/HHP_March2024_Topline.pdf,NA,https://harvardharrispoll.com/wp-content/uploads/2024/03/HHP_March2024_Topline.pdf,https://harvardharrispoll.com/wp-content/uploads/2024/03/HHP_March2024_Crosstabs.pdf,Congress,33,60,6
86558,568,YouGov,,The Economist,NA,NA,NA,YouGov,Online Matched Sample,NA,2024-03-24T00:00:00Z,2024-03-26T00:00:00Z,FALSE,NA,195434,1594,a,NA,a,FALSE,2025-04-28 19:33:42 UTC,2025-04-28 19:33:42 UTC,NA,https://d3nkl3psvxxpe9.cloudfront.net/documents/econtoplines_OIu7o2C.pdf,NA,https://d3nkl3psvxxpe9.cloudfront.net/documents/econtoplines_OIu7o2C.pdf,https://d3nkl3psvxxpe9.cloudfront.net/documents/econTabReport_mTlzQOB.pdf,Congress,10,65,25
86558,568,YouGov,,The Economist,NA,NA,NA,YouGov,Online Matched Sample,NA,2024-03-24T00:00:00Z,2024-03-26T00:00:00Z,FALSE,NA,195435,1415,rv,NA,rv,FALSE,2025-04-28 19:33:42 UTC,2025-04-28 19:33:42 UTC,NA,https://d3nkl3psvxxpe9.cloudfront.net/documents/econTabReport_mTlzQOB.pdf,NA,NA,https://d3nkl3psvxxpe9.cloudfront.net/documents/econTabReport_mTlzQOB.pdf,Congress,11,70,19
86580,921,Clarity,,NA,NA,NA,NA,Clarity Campaign Labs,Online Opt-In Panel,NA,2024-03-23T00:00:00Z,2024-03-27T00:00:00Z,FALSE,NA,195813,1080,rv,NA,rv,FALSE,2025-04-28 19:33:42 UTC,2025-04-28 19:33:42 UTC,NA,https://static1.squarespace.com/static/61ae8d5e55be5c7314b4c83a/t/660c51fc7267d13186cfe71e/1712083453713/%5BALL%5D+Clarity+Omnibus+Overview+-March+2024.pdf,NA,https://static1.squarespace.com/static/61ae8d5e55be5c7314b4c83a/t/660c51fc7267d13186cfe71e/1712083453713/%5BALL%5D+Clarity+Omnibus+Overview+-March+2024.pdf,NA,Congress,23,61,17
86591,1075,Marquette Law School,,NA,NA,NA,NA,Marquette University Law School,Probability Panel,NA,2024-03-18T00:00:00Z,2024-03-28T00:00:00Z,FALSE,NA,196154,674,lv,NA,lv,FALSE,2025-04-28 19:33:42 UTC,2025-04-28 19:33:42 UTC,NA,https://law.marquette.edu/poll/2024/04/03/detailed-results-of-the-marquette-law-school-supreme-court-poll-march-18-28-2024-2/,https://law.marquette.edu/poll/2024/04/03/detailed-results-of-the-marquette-law-school-supreme-court-poll-march-18-28-2024-2/,https://law.marquette.edu/poll/wp-content/uploads/2024/04/MLSPSC19ToplinesLV.html,NA,Congress,25,75,0
86591,1075,Marquette Law School,,NA,NA,NA,NA,Marquette University Law School,Probability Panel,NA,2024-03-18T00:00:00Z,2024-03-28T00:00:00Z,FALSE,NA,196153,868,rv,NA,rv,FALSE,2025-04-28 19:33:42 UTC,2025-04-28 19:33:42 UTC,NA,https://law.marquette.edu/poll/2024/04/03/detailed-results-of-the-marquette-law-school-supreme-court-poll-march-18-28-2024-2/,https://law.marquette.edu/poll/2024/04/03/detailed-results-of-the-marquette-law-school-supreme-court-poll-march-18-28-2024-2/,https://law.marquette.edu/poll/wp-content/uploads/2024/04/MLSPSC19ToplinesRV.html,NA,Congress,27,73,0
86592,568,YouGov,,The Economist,NA,NA,NA,YouGov,Online Matched Sample,NA,2024-03-30T00:00:00Z,2024-04-02T00:00:00Z,FALSE,NA,195984,1604,rv,NA,rv,FALSE,2025-04-28 19:33:42 UTC,2025-04-28 19:33:42 UTC,NA,https://d3nkl3psvxxpe9.cloudfront.net/documents/econTabReport_5VGK6NY.pdf,NA,NA,https://d3nkl3psvxxpe9.cloudfront.net/documents/econTabReport_5VGK6NY.pdf,Congress,13,72,15
86592,568,YouGov,,The Economist,NA,NA,NA,YouGov,Online Matched Sample,NA,2024-03-30T00:00:00Z,2024-04-02T00:00:00Z,FALSE,NA,195983,1813,a,NA,a,FALSE,2025-04-28 19:33:42 UTC,2025-04-28 19:33:42 UTC,NA,https://d3nkl3psvxxpe9.cloudfront.net/documents/econtoplines_XCNmw8x.pdf,NA,https://d3nkl3psvxxpe9.cloudfront.net/documents/econtoplines_XCNmw8x.pdf,https://d3nkl3psvxxpe9.cloudfront.net/documents/econTabReport_5VGK6NY.pdf,Congress,12,67,20
86631,568,YouGov,,The Economist,NA,NA,NA,YouGov,Online Matched Sample,NA,2024-04-06T00:00:00Z,2024-04-09T00:00:00Z,FALSE,NA,196315,1795,a,NA,a,FALSE,2025-04-28 19:33:42 UTC,2025-04-28 19:33:42 UTC,NA,https://d3nkl3psvxxpe9.cloudfront.net/documents/econtoplines_YmA9r9F.pdf,NA,https://d3nkl3psvxxpe9.cloudfront.net/documents/econtoplines_YmA9r9F.pdf,https://d3nkl3psvxxpe9.cloudfront.net/documents/econTabReport_lMxEeEw.pdf,Congress,14,63,23
86631,568,YouGov,,The Economist,NA,NA,NA,YouGov,Online Matched Sample,NA,2024-04-06T00:00:00Z,2024-04-09T00:00:00Z,FALSE,NA,196316,1583,rv,NA,rv,FALSE,2025-04-28 19:33:42 UTC,2025-04-28 19:33:42 UTC,NA,https://d3nkl3psvxxpe9.cloudfront.net/documents/econTabReport_lMxEeEw.pdf,NA,NA,https://d3nkl3psvxxpe9.cloudfront.net/documents/econTabReport_lMxEeEw.pdf,Congress,14,68,18
86671,568,YouGov,,The Economist,NA,NA,NA,YouGov,Online Matched Sample,NA,2024-04-14T00:00:00Z,2024-04-16T00:00:00Z,FALSE,NA,196644,1358,rv,NA,rv,FALSE,2025-04-28 19:33:42 UTC,2025-04-28 19:33:42 UTC,NA,https://d3nkl3psvxxpe9.cloudfront.net/documents/econTabReport_HqmM53D.pdf,NA,NA,https://d3nkl3psvxxpe9.cloudfront.net/documents/econTabReport_HqmM53D.pdf,Congress,14,68,19
86671,568,YouGov,,The Economist,NA,NA,NA,YouGov,Online Matched Sample,NA,2024-04-14T00:00:00Z,2024-04-16T00:00:00Z,FALSE,NA,196643,1574,a,NA,a,FALSE,2025-04-28 19:33:42 UTC,2025-04-28 19:33:42 UTC,NA,https://d3nkl3psvxxpe9.cloudfront.net/documents/econtoplines_HUWb9FO.pdf,NA,https://d3nkl3psvxxpe9.cloudfront.net/documents/econtoplines_HUWb9FO.pdf,https://d3nkl3psvxxpe9.cloudfront.net/documents/econTabReport_HqmM53D.pdf,Congress,12,62,26
86726,320,Monmouth,,NA,NA,NA,NA,Monmouth University Polling Institute,Live Phone/Text-to-Web,NA,2024-04-18T00:00:00Z,2024-04-22T00:00:00Z,FALSE,NA,197287,808,a,NA,a,FALSE,2025-04-28 19:33:42 UTC,2025-04-28 19:33:42 UTC,NA,https://www.monmouth.edu/polling-institute/reports/monmouthpoll_us_042424/,NA,https://www.monmouth.edu/polling-institute/reports/monmouthpoll_us_042424/,https://www.monmouth.edu/polling-institute/documents/monmouthpoll_us_042424.pdf/,Congress,14,79,7
86726,320,Monmouth,,NA,NA,NA,NA,Monmouth University Polling Institute,Live Phone/Text-to-Web,NA,2024-04-18T00:00:00Z,2024-04-22T00:00:00Z,FALSE,NA,197288,746,rv,NA,rv,FALSE,2025-04-28 19:33:42 UTC,2025-04-28 19:33:42 UTC,NA,https://www.monmouth.edu/polling-institute/reports/monmouthpoll_us_042424/,NA,https://www.monmouth.edu/polling-institute/reports/monmouthpoll_us_042424/,https://www.monmouth.edu/polling-institute/documents/monmouthpoll_us_042424.pdf/,Congress,12,81,7
86717,568,YouGov,,The Economist,NA,NA,NA,YouGov,Online Matched Sample,NA,2024-04-21T00:00:00Z,2024-04-23T00:00:00Z,FALSE,NA,197165,1470,rv,NA,rv,FALSE,2025-04-28 19:33:42 UTC,2025-04-28 19:33:42 UTC,NA,https://d3nkl3psvxxpe9.cloudfront.net/documents/econTabReport_20240422.pdf,NA,NA,https://d3nkl3psvxxpe9.cloudfront.net/documents/econTabReport_20240422.pdf,Congress,13,70,18
86717,568,YouGov,,The Economist,NA,NA,NA,YouGov,Online Matched Sample,NA,2024-04-21T00:00:00Z,2024-04-23T00:00:00Z,FALSE,NA,197164,1651,a,NA,a,FALSE,2025-04-28 19:33:42 UTC,2025-04-28 19:33:42 UTC,NA,https://d3nkl3psvxxpe9.cloudfront.net/documents/econtoplines_20240422.pd,NA,https://d3nkl3psvxxpe9.cloudfront.net/documents/econtoplines_20240422.pd,https://d3nkl3psvxxpe9.cloudfront.net/documents/econTabReport_20240422.pdf,Congress,12,65,22
86745,1797,HarrisX/Harris Poll,,Harvard University Center for American Political Studies,NA,NA,NA,HarrisX/Harris Poll,Online Opt-In Panel,NA,2024-04-24T00:00:00Z,2024-04-25T00:00:00Z,FALSE,NA,197604,1961,rv,NA,rv,FALSE,2025-04-28 19:33:42 UTC,2025-04-28 19:33:42 UTC,NA,https://harvardharrispoll.com/wp-content/uploads/2024/04/HHP_Apr2024_KeyResults.pdf,https://harvardharrispoll.com/wp-content/uploads/2024/04/HHP_Apr2024_KeyResults.pdf,https://harvardharrispoll.com/wp-content/uploads/2024/04/HHP_Apr2024_Topline.pdf,https://harvardharrispoll.com/wp-content/uploads/2024/04/HHP_Apr2024_Crosstabs.pdf,Congress,32,61,7
86773,568,YouGov,,The Economist,NA,NA,NA,YouGov,Online Matched Sample,NA,2024-04-28T00:00:00Z,2024-04-30T00:00:00Z,FALSE,NA,197962,1755,a,NA,a,FALSE,2025-04-28 19:33:08 UTC,2025-04-28 19:33:08 UTC,NA,https://d3nkl3psvxxpe9.cloudfront.net/documents/econtoplines_Jii0w9t.pdf,NA,https://d3nkl3psvxxpe9.cloudfront.net/documents/econtoplines_Jii0w9t.pdf,https://d3nkl3psvxxpe9.cloudfront.net/documents/econTabReport_0NJUiMQ.pdf,Congress,14,61,25
86773,568,YouGov,,The Economist,NA,NA,NA,YouGov,Online Matched Sample,NA,2024-04-28T00:00:00Z,2024-04-30T00:00:00Z,FALSE,NA,197963,1479,rv,NA,rv,FALSE,2025-04-28 19:33:08 UTC,2025-04-28 19:33:08 UTC,NA,https://d3nkl3psvxxpe9.cloudfront.net/documents/econTabReport_0NJUiMQ.pdf,NA,NA,https://d3nkl3psvxxpe9.cloudfront.net/documents/econTabReport_0NJUiMQ.pdf,Congress,14,67,19
86876,568,YouGov,,The Economist,NA,NA,NA,YouGov,Online Matched Sample,NA,2024-05-05T00:00:00Z,2024-05-07T00:00:00Z,FALSE,NA,198564,1598,rv,NA,rv,FALSE,2025-04-28 19:33:10 UTC,2025-04-28 19:33:10 UTC,NA,https://d3nkl3psvxxpe9.cloudfront.net/documents/econTabReport_Agwhapd.pdf,NA,NA,https://d3nkl3psvxxpe9.cloudfront.net/documents/econTabReport_Agwhapd.pdf,Congress,13,67,20
86876,568,YouGov,,The Economist,NA,NA,NA,YouGov,Online Matched Sample,NA,2024-05-05T00:00:00Z,2024-05-07T00:00:00Z,FALSE,NA,198563,1813,a,NA,a,FALSE,2025-04-28 19:33:10 UTC,2025-04-28 19:33:10 UTC,NA,https://d3nkl3psvxxpe9.cloudfront.net/documents/econTabReport_Agwhapd.pdf,NA,NA,https://d3nkl3psvxxpe9.cloudfront.net/documents/econTabReport_Agwhapd.pdf,Congress,12,61,26
87128,921,Clarity,,NA,NA,NA,NA,Clarity Campaign Labs,Online Opt-In Panel,NA,2024-04-29T00:00:00Z,2024-05-08T00:00:00Z,FALSE,NA,200634,1076,rv,NA,rv,FALSE,2025-04-28 19:33:20 UTC,2025-04-28 19:33:20 UTC,NA,https://static1.squarespace.com/static/61ae8d5e55be5c7314b4c83a/t/66631e285625963c4d18a28b/1717771816980/%5BALL%5D+Clarity+Omnibus+Overview+-+April_May+2024.pdf,NA,https://static1.squarespace.com/static/61ae8d5e55be5c7314b4c83a/t/66631e285625963c4d18a28b/1717771816980/%5BALL%5D+Clarity+Omnibus+Overview+-+April_May+2024.pdf,NA,Congress,21,62,17
86949,568,YouGov,,The Economist,NA,NA,NA,YouGov,Online Matched Sample,NA,2024-05-12T00:00:00Z,2024-05-14T00:00:00Z,FALSE,NA,199051,1830,a,NA,a,FALSE,2025-04-28 19:33:11 UTC,2025-04-28 19:33:11 UTC,NA,https://d3nkl3psvxxpe9.cloudfront.net/documents/econtoplines_eJHOoqw.pdf,NA,https://d3nkl3psvxxpe9.cloudfront.net/documents/econtoplines_eJHOoqw.pdf,https://d3nkl3psvxxpe9.cloudfront.net/documents/econTabReport_nURRSN3.pdf,Congress,13,64,23
86949,568,YouGov,,The Economist,NA,NA,NA,YouGov,Online Matched Sample,NA,2024-05-12T00:00:00Z,2024-05-14T00:00:00Z,FALSE,NA,199052,1586,rv,NA,rv,FALSE,2025-04-28 19:33:11 UTC,2025-04-28 19:33:11 UTC,NA,https://d3nkl3psvxxpe9.cloudfront.net/documents/econTabReport_nURRSN3.pdf,NA,NA,https://d3nkl3psvxxpe9.cloudfront.net/documents/econTabReport_nURRSN3.pdf,Congress,13,68,19
86995,1075,Marquette Law School,,NA,NA,NA,NA,Marquette University Law School,Probability Panel,NA,2024-05-06T00:00:00Z,2024-05-15T00:00:00Z,FALSE,NA,199797,684,lv,NA,lv,FALSE,2025-04-28 19:33:14 UTC,2025-04-28 19:33:14 UTC,NA,https://law.marquette.edu/poll/2024/05/23/detailed-results-of-the-marquette-law-school-supreme-court-poll-may-6-15-2024-2/,https://law.marquette.edu/poll/2024/05/23/detailed-results-of-the-marquette-law-school-supreme-court-poll-may-6-15-2024-2/,https://law.marquette.edu/poll/wp-content/uploads/2024/05/MLSPSC20ToplinesLV.html,NA,Congress,27,73,0
86995,1075,Marquette Law School,,NA,NA,NA,NA,Marquette University Law School,Probability Panel,NA,2024-05-06T00:00:00Z,2024-05-15T00:00:00Z,FALSE,NA,199796,902,rv,NA,rv,FALSE,2025-04-28 19:33:14 UTC,2025-04-28 19:33:14 UTC,NA,https://law.marquette.edu/poll/2024/05/23/detailed-results-of-the-marquette-law-school-supreme-court-poll-may-6-15-2024-2/,https://law.marquette.edu/poll/2024/05/23/detailed-results-of-the-marquette-law-school-supreme-court-poll-may-6-15-2024-2/,https://law.marquette.edu/poll/wp-content/uploads/2024/05/MLSPSC20ToplinesRV.html,NA,Congress,27,73,0
86967,1797,HarrisX/Harris Poll,,Harvard University Center for American Political Studies,NA,NA,NA,HarrisX/Harris Poll,Online Opt-In Panel,NA,2024-05-15T00:00:00Z,2024-05-16T00:00:00Z,FALSE,NA,199426,1660,rv,NA,rv,FALSE,2025-04-28 19:33:14 UTC,2025-04-28 19:33:14 UTC,NA,https://harvardharrispoll.com/wp-content/uploads/2024/05/HHP_May2024_KeyResults.pdf,https://harvardharrispoll.com/wp-content/uploads/2024/05/HHP_May2024_KeyResults.pdf,https://harvardharrispoll.com/wp-content/uploads/2024/05/HHP_May2024_topline.pdf,https://harvardharrispoll.com/wp-content/uploads/2024/05/HHP_May2024_crosstabs.pdf,Congress,32,61,7
86985,568,YouGov,,The Economist,NA,NA,NA,YouGov,Online Matched Sample,NA,2024-05-19T00:00:00Z,2024-05-21T00:00:00Z,FALSE,NA,199574,1784,a,NA,a,FALSE,2025-04-28 19:33:14 UTC,2025-04-28 19:33:14 UTC,NA,https://d3nkl3psvxxpe9.cloudfront.net/documents/econtoplines_s4KUtSf.pdf,NA,https://d3nkl3psvxxpe9.cloudfront.net/documents/econtoplines_s4KUtSf.pdf,https://d3nkl3psvxxpe9.cloudfront.net/documents/econTabReport_9aJ08Ik.pdf,Congress,11,62,27
86984,1697,Bullfinch,,NA,NA,NA,NA,The Bullfinch Group,Online Opt-In Panel,NA,2024-05-16T00:00:00Z,2024-05-21T00:00:00Z,FALSE,NA,199519,1200,a,NA,a,FALSE,2025-04-28 19:33:14 UTC,2025-04-28 19:33:14 UTC,NA,https://www.thebullfinchgroup.com/post/public-release-of-bullfinch-q2-nationwide-survey-2,https://www.thebullfinchgroup.com/post/public-release-of-bullfinch-q2-nationwide-survey-2,NA,NA,Congress,27,62,11
86985,568,YouGov,,The Economist,NA,NA,NA,YouGov,Online Matched Sample,NA,2024-05-19T00:00:00Z,2024-05-21T00:00:00Z,FALSE,NA,199575,1560,rv,NA,rv,FALSE,2025-04-28 19:33:14 UTC,2025-04-28 19:33:14 UTC,NA,https://d3nkl3psvxxpe9.cloudfront.net/documents/econTabReport_9aJ08Ik.pdf,NA,NA,https://d3nkl3psvxxpe9.cloudfront.net/documents/econTabReport_9aJ08Ik.pdf,Congress,13,66,22
86984,1697,Bullfinch,,NA,NA,NA,NA,The Bullfinch Group,Online Opt-In Panel,NA,2024-05-16T00:00:00Z,2024-05-21T00:00:00Z,FALSE,NA,199520,1000,rv,NA,rv,FALSE,2025-04-28 19:33:14 UTC,2025-04-28 19:33:14 UTC,NA,https://www.thebullfinchgroup.com/post/public-release-of-bullfinch-q2-nationwide-survey-2,https://www.thebullfinchgroup.com/post/public-release-of-bullfinch-q2-nationwide-survey-2,NA,NA,Congress,27,63,10
87046,169,Gallup,,NA,NA,NA,NA,Gallup,Live Phone,NA,2024-05-01T00:00:00Z,2024-05-23T00:00:00Z,FALSE,NA,200124,1024,a,NA,a,FALSE,2025-04-28 19:33:16 UTC,2025-04-28 19:33:16 UTC,NA,https://news.gallup.com/poll/645413/biden-congress-approval-ratings-persistently-low.aspx,https://news.gallup.com/poll/645413/biden-congress-approval-ratings-persistently-low.aspx,NA,NA,Congress,13,81,6
87051,568,YouGov,,The Economist,NA,NA,NA,YouGov,Online Matched Sample,NA,2024-05-25T00:00:00Z,2024-05-28T00:00:00Z,FALSE,NA,200181,1547,rv,NA,rv,FALSE,2025-04-28 19:33:16 UTC,2025-04-28 19:33:16 UTC,NA,https://d3nkl3psvxxpe9.cloudfront.net/documents/econTabReport_5ePXwWM.pdf,NA,NA,https://d3nkl3psvxxpe9.cloudfront.net/documents/econTabReport_5ePXwWM.pdf,Congress,11,66,23
87051,568,YouGov,,The Economist,NA,NA,NA,YouGov,Online Matched Sample,NA,2024-05-25T00:00:00Z,2024-05-28T00:00:00Z,FALSE,NA,200180,1748,a,NA,a,FALSE,2025-04-28 19:33:16 UTC,2025-04-28 19:33:16 UTC,NA,https://d3nkl3psvxxpe9.cloudfront.net/documents/econtoplines_pqZR1wO.pdf,NA,https://d3nkl3psvxxpe9.cloudfront.net/documents/econtoplines_pqZR1wO.pdf,https://d3nkl3psvxxpe9.cloudfront.net/documents/econTabReport_5ePXwWM.pdf,Congress,11,61,27
87149,217,High Point University,,NA,NA,NA,NA,High Point University Survey Research Center,Online Opt-In Panel,NA,2024-05-22T00:00:00Z,2024-05-29T00:00:00Z,FALSE,NA,200733,850,rv,NA,rv,FALSE,2025-04-28 19:33:22 UTC,2025-04-28 19:33:22 UTC,NA,https://www.highpoint.edu/src/files/2023/08/104memo.pdf,NA,https://www.highpoint.edu/src/files/2023/08/104memo.pdf,NA,Congress,25,61,14
87149,217,High Point University,,NA,NA,NA,NA,High Point University Survey Research Center,Online Opt-In Panel,NA,2024-05-22T00:00:00Z,2024-05-29T00:00:00Z,FALSE,NA,200732,1000,a,NA,a,FALSE,2025-04-28 19:33:22 UTC,2025-04-28 19:33:22 UTC,NA,https://www.highpoint.edu/src/files/2023/08/104memo.pdf,NA,https://www.highpoint.edu/src/files/2023/08/104memo.pdf,NA,Congress,23,60,17
87102,568,YouGov,,The Economist,NA,NA,NA,YouGov,Online Matched Sample,NA,2024-06-02T00:00:00Z,2024-06-04T00:00:00Z,FALSE,NA,200443,1566,rv,NA,rv,FALSE,2025-04-28 19:33:20 UTC,2025-04-28 19:33:20 UTC,NA,https://d3nkl3psvxxpe9.cloudfront.net/documents/econTabReport_b6cGJcE.pdf,NA,NA,https://d3nkl3psvxxpe9.cloudfront.net/documents/econTabReport_b6cGJcE.pdf,Congress,12,66,22
87102,568,YouGov,,The Economist,NA,NA,NA,YouGov,Online Matched Sample,NA,2024-06-02T00:00:00Z,2024-06-04T00:00:00Z,FALSE,NA,200442,1766,a,NA,a,FALSE,2025-04-28 19:33:20 UTC,2025-04-28 19:33:20 UTC,NA,https://d3nkl3psvxxpe9.cloudfront.net/documents/econtoplines_x5cabBL.pdf,NA,https://d3nkl3psvxxpe9.cloudfront.net/documents/econtoplines_x5cabBL.pdf,https://d3nkl3psvxxpe9.cloudfront.net/documents/econTabReport_b6cGJcE.pdf,Congress,12,59,29
87154,320,Monmouth,,NA,NA,NA,NA,Monmouth University Polling Institute,Live Phone,NA,2024-06-06T00:00:00Z,2024-06-10T00:00:00Z,FALSE,NA,200811,1034,rv,NA,rv,FALSE,2025-04-28 19:33:23 UTC,2025-04-28 19:33:23 UTC,NA,https://www.monmouth.edu/polling-institute/reports/MonmouthPoll_US_061224/,https://www.monmouth.edu/polling-institute/reports/MonmouthPoll_US_061224/,https://www.monmouth.edu/polling-institute/documents/monmouthpoll_us_061224.pdf/,NA,Congress,14,82,4
87154,320,Monmouth,,NA,NA,NA,NA,Monmouth University Polling Institute,Live Phone,NA,2024-06-06T00:00:00Z,2024-06-10T00:00:00Z,FALSE,NA,200810,1106,a,NA,a,FALSE,2025-04-28 19:33:23 UTC,2025-04-28 19:33:23 UTC,NA,https://www.monmouth.edu/polling-institute/reports/MonmouthPoll_US_061224/,https://www.monmouth.edu/polling-institute/reports/MonmouthPoll_US_061224/,https://www.monmouth.edu/polling-institute/documents/monmouthpoll_us_061224.pdf/,NA,Congress,14,82,4
87150,568,YouGov,,The Economist,NA,NA,NA,YouGov,Online Matched Sample,NA,2024-06-09T00:00:00Z,2024-06-11T00:00:00Z,FALSE,NA,200748,1595,a,NA,a,FALSE,2025-04-28 19:33:22 UTC,2025-04-28 19:33:22 UTC,NA,https://d3nkl3psvxxpe9.cloudfront.net/documents/econtoplines_MbPLbQp.pdf,NA,https://d3nkl3psvxxpe9.cloudfront.net/documents/econtoplines_MbPLbQp.pdf,https://d3nkl3psvxxpe9.cloudfront.net/documents/econTabReport_maqVHQt.pdf,Congress,13,58,29
87150,568,YouGov,,The Economist,NA,NA,NA,YouGov,Online Matched Sample,NA,2024-06-09T00:00:00Z,2024-06-11T00:00:00Z,FALSE,NA,200749,1399,rv,NA,rv,FALSE,2025-04-28 19:33:22 UTC,2025-04-28 19:33:22 UTC,NA,https://d3nkl3psvxxpe9.cloudfront.net/documents/econTabReport_maqVHQt.pdf,NA,NA,https://d3nkl3psvxxpe9.cloudfront.net/documents/econTabReport_maqVHQt.pdf,Congress,13,65,21
87204,568,YouGov,,The Economist,NA,NA,NA,YouGov,Online Matched Sample,NA,2024-06-16T00:00:00Z,2024-06-18T00:00:00Z,FALSE,NA,201215,1600,a,NA,a,FALSE,2025-04-28 19:33:25 UTC,2025-04-28 19:33:25 UTC,NA,https://d3nkl3psvxxpe9.cloudfront.net/documents/econtoplines_hoa7Ul9.pdf,NA,https://d3nkl3psvxxpe9.cloudfront.net/documents/econtoplines_hoa7Ul9.pdf,https://d3nkl3psvxxpe9.cloudfront.net/documents/econTabReport_BAWCOh6.pdf,Congress,13,59,27
87204,568,YouGov,,The Economist,NA,NA,NA,YouGov,Online Matched Sample,NA,2024-06-16T00:00:00Z,2024-06-18T00:00:00Z,FALSE,NA,201216,1396,rv,NA,rv,FALSE,2025-04-28 19:33:25 UTC,2025-04-28 19:33:25 UTC,NA,https://d3nkl3psvxxpe9.cloudfront.net/documents/econTabReport_BAWCOh6.pdf,NA,NA,https://d3nkl3psvxxpe9.cloudfront.net/documents/econTabReport_BAWCOh6.pdf,Congress,16,64,20
87378,921,Clarity,,NA,NA,NA,NA,Clarity Campaign Labs,Online Opt-In Panel,NA,2024-06-13T00:00:00Z,2024-06-20T00:00:00Z,FALSE,NA,202760,1002,lv,NA,lv,FALSE,2025-04-28 19:33:32 UTC,2025-04-28 19:33:32 UTC,NA,https://static1.squarespace.com/static/61ae8d5e55be5c7314b4c83a/t/66904c24ca9c6127f7534771/1720732709774/%5BALL%5D+Clarity+Omnibus+Overview+-+June+2024.pdf,NA,https://static1.squarespace.com/static/61ae8d5e55be5c7314b4c83a/t/66904c24ca9c6127f7534771/1720732709774/%5BALL%5D+Clarity+Omnibus+Overview+-+June+2024.pdf,NA,Congress,21,61,17
87244,568,YouGov,,The Economist,NA,NA,NA,YouGov,Online Matched Sample,NA,2024-06-23T00:00:00Z,2024-06-25T00:00:00Z,FALSE,NA,201429,1406,rv,NA,rv,FALSE,2025-04-28 19:33:26 UTC,2025-04-28 19:33:26 UTC,NA,https://d3nkl3psvxxpe9.cloudfront.net/documents/econTabReport_DqmBE9q.pdf,NA,NA,https://d3nkl3psvxxpe9.cloudfront.net/documents/econTabReport_DqmBE9q.pdf,Congress,14,64,21
87244,568,YouGov,,The Economist,NA,NA,NA,YouGov,Online Matched Sample,NA,2024-06-23T00:00:00Z,2024-06-25T00:00:00Z,FALSE,NA,201428,1599,a,NA,a,FALSE,2025-04-28 19:33:26 UTC,2025-04-28 19:33:26 UTC,NA,https://d3nkl3psvxxpe9.cloudfront.net/documents/econtoplines_8Xhha4w.pdf,NA,https://d3nkl3psvxxpe9.cloudfront.net/documents/econtoplines_8Xhha4w.pdf,https://d3nkl3psvxxpe9.cloudfront.net/documents/econTabReport_DqmBE9q.pdf,Congress,13,60,28
87286,1797,HarrisX/Harris Poll,,Harvard University Center for American Political Studies,NA,NA,NA,HarrisX/Harris Poll,Online Opt-In Panel,NA,2024-06-28T00:00:00Z,2024-06-30T00:00:00Z,FALSE,NA,201841,2090,rv,NA,rv,FALSE,2025-04-28 19:33:27 UTC,2025-04-28 19:33:27 UTC,NA,https://harvardharrispoll.com/wp-content/uploads/2024/07/HHP_June2024_KeyResults.pdf,https://harvardharrispoll.com/wp-content/uploads/2024/07/HHP_June2024_KeyResults.pdf,https://harvardharrispoll.com/wp-content/uploads/2024/07/HHP_June2024_Topline.pdf,https://harvardharrispoll.com/wp-content/uploads/2024/07/HHP_June2024_Crosstabs.pdf,Congress,26,62,11
87304,1416,HarrisX,,Forbes,NA,NA,NA,HarrisX,Online Opt-In Panel,NA,2024-06-28T00:00:00Z,2024-06-30T00:00:00Z,FALSE,NA,202027,1500,rv,NA,rv,FALSE,2025-04-28 19:33:28 UTC,2025-04-28 19:33:28 UTC,NA,https://www.harrisx.com/posts/voters-speak-the-winner-of-the-first-presidential-debate-is-trump,https://www.harrisx.com/posts/voters-speak-the-winner-of-the-first-presidential-debate-is-trump,https://drive.google.com/viewerng/viewer?url=https://uploads-ssl.webflow.com/642d10aa01f0e1eb5ac6cc3c/668471ab99503bfba4fb9dfc_HarrisX%2520Post-Debate%2520Poll%25202.pdf,NA,Congress,31,61,8
87300,568,YouGov,,The Economist,NA,NA,NA,YouGov,Online Matched Sample,NA,2024-06-30T00:00:00Z,2024-07-02T00:00:00Z,FALSE,NA,201990,1392,rv,NA,rv,FALSE,2025-04-28 19:33:28 UTC,2025-04-28 19:33:28 UTC,NA,https://d3nkl3psvxxpe9.cloudfront.net/documents/econTabReport_xTDr4ON.pdf,NA,NA,https://d3nkl3psvxxpe9.cloudfront.net/documents/econTabReport_xTDr4ON.pdf,Congress,13,66,21
87300,568,YouGov,,The Economist,NA,NA,NA,YouGov,Online Matched Sample,NA,2024-06-30T00:00:00Z,2024-07-02T00:00:00Z,FALSE,NA,201989,1608,a,NA,a,FALSE,2025-04-28 19:33:28 UTC,2025-04-28 19:33:28 UTC,NA,https://d3nkl3psvxxpe9.cloudfront.net/documents/econtoplines_1ZQDEgl.pdf,NA,https://d3nkl3psvxxpe9.cloudfront.net/documents/econtoplines_1ZQDEgl.pdf,https://d3nkl3psvxxpe9.cloudfront.net/documents/econTabReport_xTDr4ON.pdf,Congress,13,61,27
87363,568,YouGov,,The Economist,NA,NA,NA,YouGov,Online Matched Sample,NA,2024-07-07T00:00:00Z,2024-07-09T00:00:00Z,FALSE,NA,202533,1620,a,NA,a,FALSE,2025-04-28 19:33:32 UTC,2025-04-28 19:33:32 UTC,NA,https://d3nkl3psvxxpe9.cloudfront.net/documents/econtoplines_fWHOrrW.pdf,NA,https://d3nkl3psvxxpe9.cloudfront.net/documents/econtoplines_fWHOrrW.pdf,https://d3nkl3psvxxpe9.cloudfront.net/documents/econTabReport_RptTnGc.pdf,Congress,11,62,27
87363,568,YouGov,,The Economist,NA,NA,NA,YouGov,Online Matched Sample,NA,2024-07-07T00:00:00Z,2024-07-09T00:00:00Z,FALSE,NA,202534,1443,rv,NA,rv,FALSE,2025-04-28 19:33:32 UTC,2025-04-28 19:33:32 UTC,NA,https://d3nkl3psvxxpe9.cloudfront.net/documents/econTabReport_RptTnGc.pdf,NA,NA,https://d3nkl3psvxxpe9.cloudfront.net/documents/econTabReport_RptTnGc.pdf,Congress,12,67,21
87393,1597,Beacon/Shaw,,Fox News,NA,NA,NA,Beacon Research/Shaw & Co. Research,Live Phone/Text-to-Web,NA,2024-07-07T00:00:00Z,2024-07-10T00:00:00Z,FALSE,NA,203010,1210,rv,NA,rv,FALSE,2025-04-28 19:33:12 UTC,2025-04-28 19:33:12 UTC,NA,https://www.foxnews.com/official-polls/fox-news-poll-approval-congress-lowest-five-years,https://www.foxnews.com/official-polls/fox-news-poll-approval-congress-lowest-five-years,https://static.foxnews.com/foxnews.com/content/uploads/2024/07/Fox_July-7-10-2024_National_Topline_July-15-Release.pdf,https://static.foxnews.com/foxnews.com/content/uploads/2024/07/Fox_July-7-10-2024_National_Cross-Tabs_July-15-Release.pdf,Congress,18,80,3
87435,1416,HarrisX,,Forbes,NA,NA,NA,HarrisX,Online Opt-In Panel,NA,2024-07-13T00:00:00Z,2024-07-15T00:00:00Z,FALSE,NA,203207,1918,rv,NA,rv,FALSE,2025-04-28 19:33:16 UTC,2025-04-28 19:33:16 UTC,NA,https://www.harrisx.com/content/trump-assassination-attempt-full-results,NA,NA,https://www.harrisx.com/content/trump-assassination-attempt-full-results,Congress,29,61,10
87437,568,YouGov,,The Economist,NA,NA,NA,YouGov,Online Matched Sample,NA,2024-07-13T00:00:00Z,2024-07-16T00:00:00Z,FALSE,NA,203248,1582,a,NA,a,FALSE,2025-04-28 19:33:16 UTC,2025-04-28 19:33:16 UTC,NA,https://d3nkl3psvxxpe9.cloudfront.net/documents/econtoplines_SFkiutc.pdf,NA,https://d3nkl3psvxxpe9.cloudfront.net/documents/econtoplines_SFkiutc.pdf,https://d3nkl3psvxxpe9.cloudfront.net/documents/econTabReport_sPu9WiO.pdf,Congress,11,63,26
87437,568,YouGov,,The Economist,NA,NA,NA,YouGov,Online Matched Sample,NA,2024-07-13T00:00:00Z,2024-07-16T00:00:00Z,FALSE,NA,203249,1404,rv,NA,rv,FALSE,2025-04-28 19:33:16 UTC,2025-04-28 19:33:16 UTC,NA,https://d3nkl3psvxxpe9.cloudfront.net/documents/econTabReport_sPu9WiO.pdf,NA,NA,https://d3nkl3psvxxpe9.cloudfront.net/documents/econTabReport_sPu9WiO.pdf,Congress,13,67,21
87521,1416,HarrisX,,Forbes,NA,NA,NA,HarrisX,Online Opt-In Panel,NA,2024-07-19T00:00:00Z,2024-07-21T00:00:00Z,FALSE,NA,203698,2753,rv,NA,rv,FALSE,2025-04-28 19:33:24 UTC,2025-04-28 19:33:24 UTC,NA,https://www.harrisx.com/content/hop-july-19-21-2024,NA,NA,https://www.harrisx.com/content/hop-july-19-21-2024,Congress,25,65,10
87521,1416,HarrisX,,Forbes,NA,NA,NA,HarrisX,Online Opt-In Panel,NA,2024-07-19T00:00:00Z,2024-07-21T00:00:00Z,FALSE,NA,203699,2169,lv,NA,lv,FALSE,2025-04-28 19:33:24 UTC,2025-04-28 19:33:24 UTC,NA,https://www.harrisx.com/content/hop-july-19-21-2024,NA,NA,https://www.harrisx.com/content/hop-july-19-21-2024,Congress,25,68,7
87535,169,Gallup,,NA,NA,NA,NA,Gallup,Live Phone,NA,2024-07-01T00:00:00Z,2024-07-21T00:00:00Z,FALSE,NA,204614,1010,a,NA,a,FALSE,2025-04-28 19:33:25 UTC,2025-04-28 19:33:25 UTC,NA,https://news.gallup.com/poll/1600/congress-public.aspx,https://news.gallup.com/poll/1600/congress-public.aspx,NA,NA,Congress,16,78,5
87532,1697,Bullfinch,,The Independent Center,NA,NA,NA,The Bullfinch Group,Online Opt-In Panel,NA,2024-07-14T00:00:00Z,2024-07-21T00:00:00Z,FALSE,NA,203967,1030,rv,NA,rv,FALSE,2025-04-28 19:33:27 UTC,2025-04-28 19:33:27 UTC,NA,https://www.independentcenter.org/poll-toplines/exclusive-poll-july-2024-state-of-the-nation-we-can-do-better-survey-of-registered-voters,https://www.independentcenter.org/poll-toplines/exclusive-poll-july-2024-state-of-the-nation-we-can-do-better-survey-of-registered-voters,https://cdn.prod.website-files.com/65fc824cf835683ce2d3549b/66a02772c1533aa372daada0_Independent%20Center%20July%202024%20Nationwide%20Survey%20Toplines%20-%20We%20Can%20Do%20Better.pdf,NA,Congress,29,60,12
87536,568,YouGov,,The Economist,NA,NA,NA,YouGov,Online Matched Sample,NA,2024-07-21T00:00:00Z,2024-07-23T00:00:00Z,FALSE,NA,204043,1435,rv,NA,rv,FALSE,2025-04-28 19:33:28 UTC,2025-04-28 19:33:28 UTC,NA,https://d3nkl3psvxxpe9.cloudfront.net/documents/econTabReport_U76IOiF.pdf,NA,NA,https://d3nkl3psvxxpe9.cloudfront.net/documents/econTabReport_U76IOiF.pdf,Congress,12,65,22
87536,568,YouGov,,The Economist,NA,NA,NA,YouGov,Online Matched Sample,NA,2024-07-21T00:00:00Z,2024-07-23T00:00:00Z,FALSE,NA,204042,1605,a,NA,a,FALSE,2025-04-28 19:33:28 UTC,2025-04-28 19:33:28 UTC,NA,https://d3nkl3psvxxpe9.cloudfront.net/documents/econtoplines_xHwAlQq.pdf,NA,https://d3nkl3psvxxpe9.cloudfront.net/documents/econtoplines_xHwAlQq.pdf,https://d3nkl3psvxxpe9.cloudfront.net/documents/econTabReport_U76IOiF.pdf,Congress,10,62,28
87579,1416,HarrisX,,Forbes,NA,NA,NA,HarrisX,Online Opt-In Panel,NA,2024-07-22T00:00:00Z,2024-07-25T00:00:00Z,FALSE,NA,204419,2472,lv,NA,lv,FALSE,2025-04-28 19:33:16 UTC,2025-04-28 19:33:16 UTC,NA,https://www.harrisx.com/posts/harrisx-forbes-poll-kamala-harris-entrance-has-reset-race-against-trump,https://www.harrisx.com/posts/harrisx-forbes-poll-kamala-harris-entrance-has-reset-race-against-trump,NA,NA,Congress,29,64,7
87579,1416,HarrisX,,Forbes,NA,NA,NA,HarrisX,Online Opt-In Panel,NA,2024-07-22T00:00:00Z,2024-07-25T00:00:00Z,FALSE,NA,204418,3013,rv,NA,rv,FALSE,2025-04-28 19:33:16 UTC,2025-04-28 19:33:16 UTC,NA,https://www.harrisx.com/posts/harrisx-forbes-poll-kamala-harris-entrance-has-reset-race-against-trump,https://www.harrisx.com/posts/harrisx-forbes-poll-kamala-harris-entrance-has-reset-race-against-trump,NA,NA,Congress,29,60,11
87659,921,Clarity,,NA,NA,NA,NA,Clarity Campaign Labs,Online Opt-In Panel,NA,2024-07-22T00:00:00Z,2024-07-26T00:00:00Z,FALSE,NA,205191,995,lv,NA,lv,FALSE,2025-04-28 19:33:35 UTC,2025-04-28 19:33:35 UTC,NA,https://static1.squarespace.com/static/61ae8d5e55be5c7314b4c83a/t/66ad5918b431d02b7b867e07/1722636569606/Clarity+Omnibus+Overview+-+July+2024.pdf,NA,https://static1.squarespace.com/static/61ae8d5e55be5c7314b4c83a/t/66ad5918b431d02b7b867e07/1722636569606/Clarity+Omnibus+Overview+-+July+2024.pdf,NA,Congress,21,59,20
87613,1797,HarrisX/Harris Poll,,Harvard University Center for American Political Studies,NA,NA,NA,HarrisX/Harris Poll,Online Opt-In Panel,NA,2024-07-26T00:00:00Z,2024-07-28T00:00:00Z,FALSE,NA,204687,2196,rv,NA,rv,FALSE,2025-04-28 19:33:28 UTC,2025-04-28 19:33:28 UTC,NA,https://harvardharrispoll.com/wp-content/uploads/2024/07/HHP_July2024_KeyResults.pdf,https://harvardharrispoll.com/wp-content/uploads/2024/07/HHP_July2024_KeyResults.pdf,https://harvardharrispoll.com/wp-content/uploads/2024/07/HHP_Jul24_Topline.pdf,https://harvardharrispoll.com/wp-content/uploads/2024/07/HHP_Jul24_Crosstabs.pdf,Congress,30,59,11
87898,1102,Emerson,,NA,NA,NA,NA,Emerson College,Online Opt-In Panel,NA,2024-07-25T00:00:00Z,2024-07-28T00:00:00Z,FALSE,NA,206896,1000,rv,NA,rv,FALSE,2025-04-28 19:33:42 UTC,2025-04-28 19:33:42 UTC,NA,https://emersoncollegepolling.com/2024-supreme-court-survey/,https://emersoncollegepolling.com/2024-supreme-court-survey/,NA,https://docs.google.com/spreadsheets/d/1GfcxThXCBtmsdcbl-9tD40NhDsP-z2bH/edit?gid=440731706#gid=440731706,Congress,18.3,59.1,22.6
87628,568,YouGov,,The Economist,NA,NA,NA,YouGov,Online Matched Sample,NA,2024-07-27T00:00:00Z,2024-07-30T00:00:00Z,FALSE,NA,204820,1434,rv,NA,rv,FALSE,2025-04-28 19:33:20 UTC,2025-04-28 19:33:20 UTC,NA,https://d3nkl3psvxxpe9.cloudfront.net/documents/econTabReport_5LIBPv8.pdf,NA,NA,https://d3nkl3psvxxpe9.cloudfront.net/documents/econTabReport_5LIBPv8.pdf,Congress,14,64,22
87628,568,YouGov,,The Economist,NA,NA,NA,YouGov,Online Matched Sample,NA,2024-07-27T00:00:00Z,2024-07-30T00:00:00Z,FALSE,NA,204819,1610,a,NA,a,FALSE,2025-04-28 19:33:20 UTC,2025-04-28 19:33:20 UTC,NA,https://d3nkl3psvxxpe9.cloudfront.net/documents/econtoplines_46OGlnS.pdf,NA,https://d3nkl3psvxxpe9.cloudfront.net/documents/econtoplines_46OGlnS.pdf,https://d3nkl3psvxxpe9.cloudfront.net/documents/econTabReport_5LIBPv8.pdf,Congress,14,58,28
87665,1888,UMass Amherst/YouGov,,WCVB-TV (Boston),NA,NA,NA,University of Massachusetts Department of Political Science/YouGov,Online Matched Sample,NA,2024-07-29T00:00:00Z,2024-08-01T00:00:00Z,FALSE,NA,205431,1000,rv,NA,rv,FALSE,2025-04-28 19:33:41 UTC,2025-04-28 19:33:41 UTC,NA,https://umass-my.sharepoint.com/personal/crystalpaul_umass_edu/_layouts/15/onedrive.aspx?ga=1&id=%2Fpersonal%2Fcrystalpaul%5Fumass%5Fedu%2FDocuments%2FUMass%20Poll%20Polls%20for%20Web%20Posting%2FHarris%20Biden%20State%20of%20the%20Nation%20Poll%20%2D%20August%206%2C%202024%2FToplines%20Harris%20Biden%20State%20of%20the%20Nation%202024%20National%20Poll%20August%206%202024%2Epdf&parent=%2Fpersonal%2Fcrystalpaul%5Fumass%5Fedu%2FDocuments%2FUMass%20Poll%20Polls%20for%20Web%20Posting%2FHarris%20Biden%20State%20of%20the%20Nation%20Poll%20%2D%20August%206%2C%202024,NA,https://umass-my.sharepoint.com/personal/crystalpaul_umass_edu/_layouts/15/onedrive.aspx?ga=1&id=%2Fpersonal%2Fcrystalpaul%5Fumass%5Fedu%2FDocuments%2FUMass%20Poll%20Polls%20for%20Web%20Posting%2FHarris%20Biden%20State%20of%20the%20Nation%20Poll%20%2D%20August%206%2C%202024%2FToplines%20Harris%20Biden%20State%20of%20the%20Nation%202024%20National%20Poll%20August%206%202024%2Epdf&parent=%2Fpersonal%2Fcrystalpaul%5Fumass%5Fedu%2FDocuments%2FUMass%20Poll%20Polls%20for%20Web%20Posting%2FHarris%20Biden%20State%20of%20the%20Nation%20Poll%20%2D%20August%206%2C%202024,https://umass-my.sharepoint.com/personal/crystalpaul_umass_edu/_layouts/15/onedrive.aspx?ga=1&id=%2Fpersonal%2Fcrystalpaul%5Fumass%5Fedu%2FDocuments%2FUMass%20Poll%20Polls%20for%20Web%20Posting%2FHarris%20Biden%20State%20of%20the%20Nation%20Poll%20%2D%20August%206%2C%202024%2FCrosstabs%20Harris%20Biden%20State%20of%20the%20Nation%202024%20National%20Poll%20August%206%202024%2Epdf&parent=%2Fpersonal%2Fcrystalpaul%5Fumass%5Fedu%2FDocuments%2FUMass%20Poll%20Polls%20for%20Web%20Posting%2FHarris%20Biden%20State%20of%20the%20Nation%20Poll%20%2D%20August%206%2C%202024,Congress,23,65,12
87863,1416,HarrisX,,Deseret News,NA,NA,NA,HarrisX,Online Opt-In Panel,NA,2024-08-02T00:00:00Z,2024-08-03T00:00:00Z,FALSE,NA,206573,1011,rv,NA,rv,FALSE,2025-04-28 19:33:41 UTC,2025-04-28 19:33:41 UTC,NA,https://www.deseret.com/politics/2024/08/19/poll-could-pessimism-about-the-economy-sink-kamala-harris/,https://www.deseret.com/politics/2024/08/19/poll-could-pessimism-about-the-economy-sink-kamala-harris/,NA,https://html-crosstabs.s3.amazonaws.com/Deseret+Religion+and+Political+Violence%2C+HOP+8.3.2024+vF3.html,Congress,33,55,12
87696,568,YouGov,,The Economist,NA,NA,NA,YouGov,Online Matched Sample,NA,2024-08-04T00:00:00Z,2024-08-06T00:00:00Z,FALSE,NA,205388,1413,rv,NA,rv,FALSE,2025-04-28 19:33:37 UTC,2025-04-28 19:33:37 UTC,NA,https://d3nkl3psvxxpe9.cloudfront.net/documents/econTabReport_qdE4wzP.pdf,NA,NA,https://d3nkl3psvxxpe9.cloudfront.net/documents/econTabReport_qdE4wzP.pdf,Congress,15,61,25
87696,568,YouGov,,The Economist,NA,NA,NA,YouGov,Online Matched Sample,NA,2024-08-04T00:00:00Z,2024-08-06T00:00:00Z,FALSE,NA,205387,1618,a,NA,a,FALSE,2025-04-28 19:33:37 UTC,2025-04-28 19:33:37 UTC,NA,https://d3nkl3psvxxpe9.cloudfront.net/documents/econtoplines_OHhDhBP.pdf,NA,https://d3nkl3psvxxpe9.cloudfront.net/documents/econtoplines_OHhDhBP.pdf,https://d3nkl3psvxxpe9.cloudfront.net/documents/econTabReport_qdE4wzP.pdf,Congress,13,57,29
87760,568,YouGov,,The Economist,NA,NA,NA,YouGov,Online Matched Sample,NA,2024-08-11T00:00:00Z,2024-08-13T00:00:00Z,FALSE,NA,205784,1567,a,NA,a,FALSE,2025-04-28 19:33:41 UTC,2025-04-28 19:33:41 UTC,NA,https://d3nkl3psvxxpe9.cloudfront.net/documents/econtoplines_W3lebBm.pdf,NA,https://d3nkl3psvxxpe9.cloudfront.net/documents/econtoplines_W3lebBm.pdf,https://d3nkl3psvxxpe9.cloudfront.net/documents/econTabReport_8IEdK8V.pdf,Congress,14,57,28
87760,568,YouGov,,The Economist,NA,NA,NA,YouGov,Online Matched Sample,NA,2024-08-11T00:00:00Z,2024-08-13T00:00:00Z,FALSE,NA,205785,1407,rv,NA,rv,FALSE,2025-04-28 19:33:41 UTC,2025-04-28 19:33:41 UTC,NA,https://d3nkl3psvxxpe9.cloudfront.net/documents/econTabReport_8IEdK8V.pdf,NA,NA,https://d3nkl3psvxxpe9.cloudfront.net/documents/econTabReport_8IEdK8V.pdf,Congress,17,61,22
87853,568,YouGov,,The Economist,NA,NA,NA,YouGov,Online Matched Sample,NA,2024-08-17T00:00:00Z,2024-08-20T00:00:00Z,FALSE,NA,206502,1565,a,NA,a,FALSE,2025-04-28 19:33:41 UTC,2025-04-28 19:33:41 UTC,NA,https://d3nkl3psvxxpe9.cloudfront.net/documents/econtoplines_m7wODye.pdf,NA,https://d3nkl3psvxxpe9.cloudfront.net/documents/econtoplines_m7wODye.pdf,NA,Congress,12,58,30
87853,568,YouGov,,The Economist,NA,NA,NA,YouGov,Online Matched Sample,NA,2024-08-17T00:00:00Z,2024-08-20T00:00:00Z,FALSE,NA,206503,1371,rv,NA,rv,FALSE,2025-04-28 19:33:41 UTC,2025-04-28 19:33:41 UTC,NA,https://d3nkl3psvxxpe9.cloudfront.net/documents/econTabReport_Dgf6Oqh.pdf,NA,NA,https://d3nkl3psvxxpe9.cloudfront.net/documents/econTabReport_Dgf6Oqh.pdf,Congress,14,63,23
87874,1697,Bullfinch,,NA,NA,NA,NA,The Bullfinch Group,Online Opt-In Panel,NA,2024-08-19T00:00:00Z,2024-08-21T00:00:00Z,FALSE,NA,206697,1200,a,NA,a,FALSE,2025-04-28 19:33:42 UTC,2025-04-28 19:33:42 UTC,NA,https://www.thebullfinchgroup.com/post/public-release-of-bullfinch-q3-nationwide-survey-2,https://www.thebullfinchgroup.com/post/public-release-of-bullfinch-q3-nationwide-survey-2,NA,NA,Congress,27,58,15
87874,1697,Bullfinch,,NA,NA,NA,NA,The Bullfinch Group,Online Opt-In Panel,NA,2024-08-19T00:00:00Z,2024-08-21T00:00:00Z,FALSE,NA,206698,1000,rv,NA,rv,FALSE,2025-04-28 19:33:42 UTC,2025-04-28 19:33:42 UTC,NA,https://www.thebullfinchgroup.com/post/public-release-of-bullfinch-q3-nationwide-survey-2,https://www.thebullfinchgroup.com/post/public-release-of-bullfinch-q3-nationwide-survey-2,NA,NA,Congress,28,60,12
87920,568,YouGov,,The Economist,NA,NA,NA,YouGov,Online Matched Sample,NA,2024-08-25T00:00:00Z,2024-08-27T00:00:00Z,FALSE,NA,207158,1555,a,NA,a,FALSE,2025-04-28 19:33:42 UTC,2025-04-28 19:33:42 UTC,NA,https://d3nkl3psvxxpe9.cloudfront.net/documents/econtoplines_QiKoTUQ.pdf,NA,https://d3nkl3psvxxpe9.cloudfront.net/documents/econtoplines_QiKoTUQ.pdf,https://d3nkl3psvxxpe9.cloudfront.net/documents/econTabReport_EQQr3lh.pdf,Congress,14,57,29
87920,568,YouGov,,The Economist,NA,NA,NA,YouGov,Online Matched Sample,NA,2024-08-25T00:00:00Z,2024-08-27T00:00:00Z,FALSE,NA,207159,1368,rv,NA,rv,FALSE,2025-04-28 19:33:42 UTC,2025-04-28 19:33:42 UTC,NA,https://d3nkl3psvxxpe9.cloudfront.net/documents/econTabReport_EQQr3lh.pdf,NA,NA,https://d3nkl3psvxxpe9.cloudfront.net/documents/econTabReport_EQQr3lh.pdf,Congress,15,62,23
87982,921,Clarity,,NA,NA,NA,NA,Clarity Campaign Labs,Online Opt-In Panel,NA,2024-08-23T00:00:00Z,2024-08-28T00:00:00Z,FALSE,NA,207555,1238,lv,NA,lv,FALSE,2025-04-28 19:33:42 UTC,2025-04-28 19:33:42 UTC,NA,https://static1.squarespace.com/static/61ae8d5e55be5c7314b4c83a/t/66d20908a1d92939e8f3314a/1725040905143/%5BAll%5D+Clarity+Omnibus+Overview+-+August+2024.pdf,NA,https://static1.squarespace.com/static/61ae8d5e55be5c7314b4c83a/t/66d20908a1d92939e8f3314a/1725040905143/%5BAll%5D+Clarity+Omnibus+Overview+-+August+2024.pdf,NA,Congress,25,56,20
88021,568,YouGov,,The Economist,NA,NA,NA,YouGov,Online Matched Sample,NA,2024-09-01T00:00:00Z,2024-09-03T00:00:00Z,FALSE,NA,207722,1389,rv,NA,rv,FALSE,2025-04-28 19:33:42 UTC,2025-04-28 19:33:42 UTC,NA,https://d3nkl3psvxxpe9.cloudfront.net/documents/econTabReport_HIwtch9.pdf,NA,NA,https://d3nkl3psvxxpe9.cloudfront.net/documents/econTabReport_HIwtch9.pdf,Congress,16,60,24
88021,568,YouGov,,The Economist,NA,NA,NA,YouGov,Online Matched Sample,NA,2024-09-01T00:00:00Z,2024-09-03T00:00:00Z,FALSE,NA,207721,1544,a,NA,a,FALSE,2025-04-28 19:33:42 UTC,2025-04-28 19:33:42 UTC,NA,https://d3nkl3psvxxpe9.cloudfront.net/documents/econtoplines_H6rLeqi.pdf,NA,https://d3nkl3psvxxpe9.cloudfront.net/documents/econtoplines_H6rLeqi.pdf,https://d3nkl3psvxxpe9.cloudfront.net/documents/econTabReport_HIwtch9.pdf,Congress,15,54,30
88075,1797,HarrisX/Harris Poll,,Harvard University Center for American Political Studies,NA,NA,NA,HarrisX/Harris Poll,Online Opt-In Panel,NA,2024-09-04T00:00:00Z,2024-09-05T00:00:00Z,FALSE,NA,208178,2358,rv,NA,rv,FALSE,2025-04-28 19:33:42 UTC,2025-04-28 19:33:42 UTC,NA,https://harvardharrispoll.com/wp-content/uploads/2024/09/HHP_Sep2024_KeyResults.pdf,https://harvardharrispoll.com/wp-content/uploads/2024/09/HHP_Sep2024_KeyResults.pdf,NA,https://harvardharrispoll.com/wp-content/uploads/2024/09/HHP_Sep2024_Crosstabs.pdf,Congress,31,59,10
88130,568,YouGov,,The Economist,NA,NA,NA,YouGov,Online Matched Sample,NA,2024-09-08T00:00:00Z,2024-09-10T00:00:00Z,FALSE,NA,209133,1464,rv,NA,rv,FALSE,2025-04-28 19:33:42 UTC,2025-04-28 19:33:42 UTC,NA,https://d3nkl3psvxxpe9.cloudfront.net/documents/econTabReport_k1paNHZ.pdf,NA,NA,https://d3nkl3psvxxpe9.cloudfront.net/documents/econTabReport_k1paNHZ.pdf,Congress,13,65,21
88130,568,YouGov,,The Economist,NA,NA,NA,YouGov,Online Matched Sample,NA,2024-09-08T00:00:00Z,2024-09-10T00:00:00Z,FALSE,NA,209132,1626,a,NA,a,FALSE,2025-04-28 19:33:42 UTC,2025-04-28 19:33:42 UTC,NA,https://d3nkl3psvxxpe9.cloudfront.net/documents/econtoplines_zfe6xV0.pdf,NA,https://d3nkl3psvxxpe9.cloudfront.net/documents/econtoplines_zfe6xV0.pdf,https://d3nkl3psvxxpe9.cloudfront.net/documents/econTabReport_k1paNHZ.pdf,Congress,13,60,27
88200,1416,HarrisX,,Forbes,NA,NA,NA,HarrisX,Online Opt-In Panel,NA,2024-09-11T00:00:00Z,2024-09-13T00:00:00Z,FALSE,NA,209748,3018,rv,NA,rv,FALSE,2025-04-28 19:33:42 UTC,2025-04-28 19:33:42 UTC,NA,https://elections.harrisx.com/public/harrisx-permanent-political-debate-11-to-13.html,NA,NA,https://elections.harrisx.com/public/harrisx-permanent-political-debate-11-to-13.html,Congress,34,55,11
88224,1416,HarrisX,,George Washington University Society of Presidential Pollsters,NA,NA,NA,HarrisX,Online Opt-In Panel,NA,2024-09-14T00:00:00Z,2024-09-16T00:00:00Z,FALSE,NA,210169,1306,lv,NA,lv,FALSE,2025-04-28 19:33:42 UTC,2025-04-28 19:33:42 UTC,NA,https://www.victoriaadvocate.com/new-poll-from-the-george-washington-university-and-harrisx-confidence-in-american-government-and-institutions/article_3247dca9-274d-5e80-a4eb-abca87e24d87.html,https://www.victoriaadvocate.com/new-poll-from-the-george-washington-university-and-harrisx-confidence-in-american-government-and-institutions/article_3247dca9-274d-5e80-a4eb-abca87e24d87.html,NA,https://elections.harrisx.com/public/GW_Society_of_Presidential_Pollsters_2024.html,Congress,30,65,5
88224,1416,HarrisX,,George Washington University Society of Presidential Pollsters,NA,NA,NA,HarrisX,Online Opt-In Panel,NA,2024-09-14T00:00:00Z,2024-09-16T00:00:00Z,FALSE,NA,210170,1247,lv,NA,lv,FALSE,2025-04-28 19:33:42 UTC,2025-04-28 19:33:42 UTC,NA,https://www.victoriaadvocate.com/new-poll-from-the-george-washington-university-and-harrisx-confidence-in-american-government-and-institutions/article_3247dca9-274d-5e80-a4eb-abca87e24d87.html,https://www.victoriaadvocate.com/new-poll-from-the-george-washington-university-and-harrisx-confidence-in-american-government-and-institutions/article_3247dca9-274d-5e80-a4eb-abca87e24d87.html,NA,https://elections.harrisx.com/public/GW_Society_of_Presidential_Pollsters_2024.html,Congress,30,65,5
88224,1416,HarrisX,,George Washington University Society of Presidential Pollsters,NA,NA,NA,HarrisX,Online Opt-In Panel,NA,2024-09-14T00:00:00Z,2024-09-16T00:00:00Z,FALSE,NA,209977,1505,rv,NA,rv,FALSE,2025-04-28 19:33:42 UTC,2025-04-28 19:33:42 UTC,NA,https://www.victoriaadvocate.com/new-poll-from-the-george-washington-university-and-harrisx-confidence-in-american-government-and-institutions/article_3247dca9-274d-5e80-a4eb-abca87e24d87.html,https://www.victoriaadvocate.com/new-poll-from-the-george-washington-university-and-harrisx-confidence-in-american-government-and-institutions/article_3247dca9-274d-5e80-a4eb-abca87e24d87.html,NA,https://elections.harrisx.com/public/GW_Society_of_Presidential_Pollsters_2024.html,Congress,30,63,8
88208,568,YouGov,,The Economist,NA,NA,NA,YouGov,Online Matched Sample,NA,2024-09-15T00:00:00Z,2024-09-17T00:00:00Z,FALSE,NA,209861,1445,rv,NA,rv,FALSE,2025-04-28 19:33:42 UTC,2025-04-28 19:33:42 UTC,NA,https://d3nkl3psvxxpe9.cloudfront.net/documents/econTabReport_dUFR0mV.pdf,NA,NA,https://d3nkl3psvxxpe9.cloudfront.net/documents/econTabReport_dUFR0mV.pdf,Congress,16,62,22
88208,568,YouGov,,The Economist,NA,NA,NA,YouGov,Online Matched Sample,NA,2024-09-15T00:00:00Z,2024-09-17T00:00:00Z,FALSE,NA,209860,1592,a,NA,a,FALSE,2025-04-28 19:33:42 UTC,2025-04-28 19:33:42 UTC,NA,https://d3nkl3psvxxpe9.cloudfront.net/documents/econtoplines_4AQTHJt.pdf,NA,https://d3nkl3psvxxpe9.cloudfront.net/documents/econtoplines_4AQTHJt.pdf,https://d3nkl3psvxxpe9.cloudfront.net/documents/econTabReport_dUFR0mV.pdf,Congress,14,55,31
88929,1416,HarrisX,,Deseret News,NA,NA,NA,HarrisX,Online Opt-In Panel,NA,2024-09-20T00:00:00Z,2024-09-23T00:00:00Z,FALSE,NA,214192,1011,rv,NA,rv,FALSE,2025-04-28 19:33:42 UTC,2025-04-28 19:33:42 UTC,NA,https://www.deseret.com/politics/2024/10/24/parental-rights-trump-harris-transgender-education-pronouns/,https://www.deseret.com/politics/2024/10/24/parental-rights-trump-harris-transgender-education-pronouns/,NA,https://elections.harrisx.com/public/Deseret_News_HarrisX_Overnight_Poll_Gender_and_Abortion.html,Congress,32,58,10
88351,568,YouGov,,The Economist,NA,NA,NA,YouGov,Online Matched Sample,NA,2024-09-21T00:00:00Z,2024-09-24T00:00:00Z,FALSE,NA,210667,1622,a,NA,a,FALSE,2025-04-28 19:33:42 UTC,2025-04-28 19:33:42 UTC,NA,https://d3nkl3psvxxpe9.cloudfront.net/documents/econtoplines_Khpw06c.pdf,NA,https://d3nkl3psvxxpe9.cloudfront.net/documents/econtoplines_Khpw06c.pdf,https://d3nkl3psvxxpe9.cloudfront.net/documents/econTabReport_YtkV7hy.pdf,Congress,12,60,27
88399,921,Clarity,,NA,NA,NA,NA,Clarity Campaign Labs,Online Opt-In Panel,NA,2024-09-19T00:00:00Z,2024-09-24T00:00:00Z,FALSE,NA,211007,1000,lv,NA,lv,FALSE,2025-04-28 19:33:42 UTC,2025-04-28 19:33:42 UTC,NA,https://static1.squarespace.com/static/61ae8d5e55be5c7314b4c83a/t/66f701d406dcaa5620325b1f/1727463893365/%5BAll%5D+Clarity+Omnibus+Overview+-+September+2024.pdf,NA,https://static1.squarespace.com/static/61ae8d5e55be5c7314b4c83a/t/66f701d406dcaa5620325b1f/1727463893365/%5BAll%5D+Clarity+Omnibus+Overview+-+September+2024.pdf,NA,Congress,23,57,20
88351,568,YouGov,,The Economist,NA,NA,NA,YouGov,Online Matched Sample,NA,2024-09-21T00:00:00Z,2024-09-24T00:00:00Z,FALSE,NA,210669,1236,lv,NA,lv,FALSE,2025-04-28 19:33:42 UTC,2025-04-28 19:33:42 UTC,NA,https://d3nkl3psvxxpe9.cloudfront.net/documents/econTabReport_YtkV7hy.pdf,NA,NA,https://d3nkl3psvxxpe9.cloudfront.net/documents/econTabReport_YtkV7hy.pdf,Congress,12,67,22
88351,568,YouGov,,The Economist,NA,NA,NA,YouGov,Online Matched Sample,NA,2024-09-21T00:00:00Z,2024-09-24T00:00:00Z,FALSE,NA,210668,1424,rv,NA,rv,FALSE,2025-04-28 19:33:42 UTC,2025-04-28 19:33:42 UTC,NA,https://d3nkl3psvxxpe9.cloudfront.net/documents/econTabReport_YtkV7hy.pdf,NA,NA,https://d3nkl3psvxxpe9.cloudfront.net/documents/econTabReport_YtkV7hy.pdf,Congress,12,66,23
88482,568,YouGov,,The Economist,NA,NA,NA,YouGov,Online Matched Sample,NA,2024-09-29T00:00:00Z,2024-10-01T00:00:00Z,FALSE,NA,211371,1266,lv,NA,lv,FALSE,2025-04-28 19:33:42 UTC,2025-04-28 19:33:42 UTC,NA,https://d3nkl3psvxxpe9.cloudfront.net/documents/econTabReport_JAnqssN.pdf,NA,NA,https://d3nkl3psvxxpe9.cloudfront.net/documents/econTabReport_JAnqssN.pdf,Congress,19,60,21
88482,568,YouGov,,The Economist,NA,NA,NA,YouGov,Online Matched Sample,NA,2024-09-29T00:00:00Z,2024-10-01T00:00:00Z,FALSE,NA,211369,1638,a,NA,a,FALSE,2025-04-28 19:33:42 UTC,2025-04-28 19:33:42 UTC,NA,https://d3nkl3psvxxpe9.cloudfront.net/documents/econtoplines_v5imvFB.pdf,NA,https://d3nkl3psvxxpe9.cloudfront.net/documents/econtoplines_v5imvFB.pdf,https://d3nkl3psvxxpe9.cloudfront.net/documents/econTabReport_JAnqssN.pdf,Congress,17,54,28
88482,568,YouGov,,The Economist,NA,NA,NA,YouGov,Online Matched Sample,NA,2024-09-29T00:00:00Z,2024-10-01T00:00:00Z,FALSE,NA,211370,1463,rv,NA,rv,FALSE,2025-04-28 19:33:42 UTC,2025-04-28 19:33:42 UTC,NA,https://d3nkl3psvxxpe9.cloudfront.net/documents/econTabReport_JAnqssN.pdf,NA,NA,https://d3nkl3psvxxpe9.cloudfront.net/documents/econTabReport_JAnqssN.pdf,Congress,19,59,22
88590,568,YouGov,,The Economist,NA,NA,NA,YouGov,Online Matched Sample,NA,2024-10-06T00:00:00Z,2024-10-07T00:00:00Z,FALSE,NA,212095,1604,a,NA,a,FALSE,2025-04-28 19:33:16 UTC,2025-04-28 19:33:16 UTC,NA,https://d3nkl3psvxxpe9.cloudfront.net/documents/econtoplines_Pwxjq7k.pdf,NA,https://d3nkl3psvxxpe9.cloudfront.net/documents/econtoplines_Pwxjq7k.pdf,https://d3nkl3psvxxpe9.cloudfront.net/documents/econTabReport_pw9W1fW.pdf,Congress,16,53,31
88590,568,YouGov,,The Economist,NA,NA,NA,YouGov,Online Matched Sample,NA,2024-10-06T00:00:00Z,2024-10-07T00:00:00Z,FALSE,NA,212096,1414,rv,NA,rv,FALSE,2025-04-28 19:33:16 UTC,2025-04-28 19:33:16 UTC,NA,https://d3nkl3psvxxpe9.cloudfront.net/documents/econTabReport_pw9W1fW.pdf,NA,NA,https://d3nkl3psvxxpe9.cloudfront.net/documents/econTabReport_pw9W1fW.pdf,Congress,16,59,25
88590,568,YouGov,,The Economist,NA,NA,NA,YouGov,Online Matched Sample,NA,2024-10-06T00:00:00Z,2024-10-07T00:00:00Z,FALSE,NA,212097,1235,lv,NA,lv,FALSE,2025-04-28 19:33:16 UTC,2025-04-28 19:33:16 UTC,NA,https://d3nkl3psvxxpe9.cloudfront.net/documents/econTabReport_pw9W1fW.pdf,NA,NA,https://d3nkl3psvxxpe9.cloudfront.net/documents/econTabReport_pw9W1fW.pdf,Congress,16,61,23
88759,1416,HarrisX,,Deseret News,NA,NA,NA,HarrisX,Online Opt-In Panel,NA,2024-10-09T00:00:00Z,2024-10-11T00:00:00Z,FALSE,NA,213197,1692,lv,NA,lv,FALSE,2025-04-28 19:33:13 UTC,2025-04-28 19:33:13 UTC,NA,https://elections.harrisx.com/public/Deseret_News_HarrisX_Political_Oct_14_2024_2_day.html,NA,NA,https://elections.harrisx.com/public/Deseret_News_HarrisX_Political_Oct_14_2024_2_day.html,Congress,32,61,7
88759,1416,HarrisX,,Deseret News,NA,NA,NA,HarrisX,Online Opt-In Panel,NA,2024-10-09T00:00:00Z,2024-10-11T00:00:00Z,FALSE,NA,213196,2010,rv,NA,rv,FALSE,2025-04-28 19:33:13 UTC,2025-04-28 19:33:13 UTC,NA,https://elections.harrisx.com/public/Deseret_News_HarrisX_Political_Oct_14_2024_2_day.html,NA,NA,https://elections.harrisx.com/public/Deseret_News_HarrisX_Political_Oct_14_2024_2_day.html,Congress,32,59,10
88759,1416,HarrisX,,Deseret News,NA,NA,NA,HarrisX,Online Opt-In Panel,NA,2024-10-09T00:00:00Z,2024-10-11T00:00:00Z,FALSE,NA,213198,1622,lv,NA,lv,FALSE,2025-04-28 19:33:13 UTC,2025-04-28 19:33:13 UTC,NA,https://elections.harrisx.com/public/Deseret_News_HarrisX_Political_Oct_14_2024_2_day.html,NA,NA,https://elections.harrisx.com/public/Deseret_News_HarrisX_Political_Oct_14_2024_2_day.html,Congress,32,62,6
88720,169,Gallup,,NA,NA,NA,NA,Gallup,Live Phone,NA,2024-10-01T00:00:00Z,2024-10-12T00:00:00Z,FALSE,NA,212889,1023,a,NA,a,FALSE,2025-04-28 19:33:42 UTC,2025-04-28 19:33:42 UTC,NA,https://news.gallup.com/poll/652178/harris-approval-rating-higher-biden.aspx,https://news.gallup.com/poll/652178/harris-approval-rating-higher-biden.aspx,NA,NA,Congress,16,77,7
88676,1797,HarrisX/Harris Poll,,Harvard University Center for American Political Studies,NA,NA,NA,HarrisX/Harris Poll,Online Opt-In Panel,NA,2024-10-11T00:00:00Z,2024-10-13T00:00:00Z,FALSE,NA,212522,3145,rv,NA,rv,FALSE,2025-04-28 19:33:42 UTC,2025-04-28 19:33:42 UTC,NA,https://harvardharrispoll.com/wp-content/uploads/2024/10/HHP_Oct24_KeyResults.pdf,https://harvardharrispoll.com/wp-content/uploads/2024/10/HHP_Oct24_KeyResults.pdf,https://harvardharrispoll.com/wp-content/uploads/2024/10/HHP_Oct2024_Topline.pdf,https://harvardharrispoll.com/wp-content/uploads/2024/10/HHP_Oct2024_Crosstabs.pdf,Congress,30,60,10
88736,1597,Beacon/Shaw,,Fox News,NA,NA,NA,Beacon Research/Shaw & Co. Research,Live Phone/Text-to-Web,NA,2024-10-11T00:00:00Z,2024-10-14T00:00:00Z,FALSE,NA,212987,1110,rv,NA,rv,FALSE,2025-04-28 19:33:13 UTC,2025-04-28 19:33:13 UTC,NA,https://www.foxnews.com/official-polls/fox-news-poll-trump-ahead-harris-2-points-nationally,https://www.foxnews.com/official-polls/fox-news-poll-trump-ahead-harris-2-points-nationally,https://static.foxnews.com/foxnews.com/content/uploads/2024/10/fox_october-11-14-2024_national_topline_october-17-release.pdf,https://static.foxnews.com/foxnews.com/content/uploads/2024/10/fox_october-11-14-2024_national_cross-tabs_october-17-release.pdf,Congress,25,70,4
88736,1597,Beacon/Shaw,,Fox News,NA,NA,NA,Beacon Research/Shaw & Co. Research,Live Phone/Text-to-Web,NA,2024-10-11T00:00:00Z,2024-10-14T00:00:00Z,FALSE,NA,212988,870,lv,NA,lv,FALSE,2025-04-28 19:33:13 UTC,2025-04-28 19:33:13 UTC,NA,https://www.foxnews.com/official-polls/fox-news-poll-trump-ahead-harris-2-points-nationally,https://www.foxnews.com/official-polls/fox-news-poll-trump-ahead-harris-2-points-nationally,https://static.foxnews.com/foxnews.com/content/uploads/2024/10/fox_october-11-14-2024_national_topline_october-17-release.pdf,https://static.foxnews.com/foxnews.com/content/uploads/2024/10/fox_october-11-14-2024_national_cross-tabs_october-17-release.pdf,Congress,24,72,4
88710,568,YouGov,,The Economist,NA,NA,NA,YouGov,Online Matched Sample,NA,2024-10-12T00:00:00Z,2024-10-15T00:00:00Z,FALSE,NA,212784,1317,lv,NA,lv,FALSE,2025-04-28 19:33:16 UTC,2025-04-28 19:33:16 UTC,NA,https://d3nkl3psvxxpe9.cloudfront.net/documents/econTabReport_ycklxBQ.pdf,NA,NA,https://d3nkl3psvxxpe9.cloudfront.net/documents/econTabReport_ycklxBQ.pdf,Congress,18,62,20
88710,568,YouGov,,The Economist,NA,NA,NA,YouGov,Online Matched Sample,NA,2024-10-12T00:00:00Z,2024-10-15T00:00:00Z,FALSE,NA,212783,1457,rv,NA,rv,FALSE,2025-04-28 19:33:16 UTC,2025-04-28 19:33:16 UTC,NA,https://d3nkl3psvxxpe9.cloudfront.net/documents/econTabReport_ycklxBQ.pdf,NA,NA,https://d3nkl3psvxxpe9.cloudfront.net/documents/econTabReport_ycklxBQ.pdf,Congress,18,61,21
88710,568,YouGov,,The Economist,NA,NA,NA,YouGov,Online Matched Sample,NA,2024-10-12T00:00:00Z,2024-10-15T00:00:00Z,FALSE,NA,212782,1624,a,NA,a,FALSE,2025-04-28 19:33:16 UTC,2025-04-28 19:33:16 UTC,NA,https://d3nkl3psvxxpe9.cloudfront.net/documents/econtoplines_l9pviLH.pdf,NA,https://d3nkl3psvxxpe9.cloudfront.net/documents/econtoplines_l9pviLH.pdf,https://d3nkl3psvxxpe9.cloudfront.net/documents/econTabReport_ycklxBQ.pdf,Congress,17,52,31
88872,568,YouGov,,The Economist,NA,NA,NA,YouGov,Online Matched Sample,NA,2024-10-19T00:00:00Z,2024-10-22T00:00:00Z,FALSE,NA,213778,1295,lv,NA,lv,FALSE,2025-04-28 19:33:42 UTC,2025-04-28 19:33:42 UTC,NA,https://d3nkl3psvxxpe9.cloudfront.net/documents/econTabReport_O3e18LR.pdf,NA,NA,https://d3nkl3psvxxpe9.cloudfront.net/documents/econTabReport_O3e18LR.pdf,Congress,15,61,25
88872,568,YouGov,,The Economist,NA,NA,NA,YouGov,Online Matched Sample,NA,2024-10-19T00:00:00Z,2024-10-22T00:00:00Z,FALSE,NA,213777,1422,rv,NA,rv,FALSE,2025-04-28 19:33:42 UTC,2025-04-28 19:33:42 UTC,NA,https://d3nkl3psvxxpe9.cloudfront.net/documents/econTabReport_O3e18LR.pdf,NA,NA,https://d3nkl3psvxxpe9.cloudfront.net/documents/econTabReport_O3e18LR.pdf,Congress,15,60,25
88889,1416,HarrisX,,Forbes,NA,NA,NA,HarrisX,Online Opt-In Panel,NA,2024-10-21T00:00:00Z,2024-10-22T00:00:00Z,FALSE,NA,213844,1244,lv,NA,lv,FALSE,2025-04-28 19:33:13 UTC,2025-04-28 19:33:13 UTC,NA,https://www.forbes.com/sites/saradorn/2024/10/23/new-harrisxforbes-poll-trump-leads-harris-by-2-points-but-12-are-still-deciding/,https://www.forbes.com/sites/saradorn/2024/10/23/new-harrisxforbes-poll-trump-leads-harris-by-2-points-but-12-are-still-deciding/,NA,https://elections.harrisx.com/public/HarrisX_Overnight_Poll_Oct_21_24_1_day.html,Congress,28,64,8
88889,1416,HarrisX,,Forbes,NA,NA,NA,HarrisX,Online Opt-In Panel,NA,2024-10-21T00:00:00Z,2024-10-22T00:00:00Z,FALSE,NA,213843,1512,rv,NA,rv,FALSE,2025-04-28 19:33:42 UTC,2025-04-28 19:33:42 UTC,NA,https://www.forbes.com/sites/saradorn/2024/10/23/new-harrisxforbes-poll-trump-leads-harris-by-2-points-but-12-are-still-deciding/,https://www.forbes.com/sites/saradorn/2024/10/23/new-harrisxforbes-poll-trump-leads-harris-by-2-points-but-12-are-still-deciding/,NA,https://elections.harrisx.com/public/HarrisX_Overnight_Poll_Oct_21_24_1_day.html,Congress,28,61,11
88872,568,YouGov,,The Economist,NA,NA,NA,YouGov,Online Matched Sample,NA,2024-10-19T00:00:00Z,2024-10-22T00:00:00Z,FALSE,NA,213776,1615,a,NA,a,FALSE,2025-04-28 19:33:42 UTC,2025-04-28 19:33:42 UTC,NA,https://d3nkl3psvxxpe9.cloudfront.net/documents/econtoplines_yNCDxST.pdf,NA,https://d3nkl3psvxxpe9.cloudfront.net/documents/econtoplines_yNCDxST.pdf,https://d3nkl3psvxxpe9.cloudfront.net/documents/econTabReport_O3e18LR.pdf,Congress,14,54,32
88991,921,Clarity,,NA,NA,NA,NA,Clarity Campaign Labs,Online Opt-In Panel/Text-to-Web,NA,2024-10-17T00:00:00Z,2024-10-23T00:00:00Z,FALSE,NA,214508,1314,lv,NA,lv,FALSE,2025-04-28 19:33:42 UTC,2025-04-28 19:33:42 UTC,NA,https://static1.squarespace.com/static/61ae8d5e55be5c7314b4c83a/t/671fd5d3de112f28dcd4a39c/1730139604180/%5BAll%5D+Clarity+Omnibus+Overview+-+October+2024.pdf,NA,https://static1.squarespace.com/static/61ae8d5e55be5c7314b4c83a/t/671fd5d3de112f28dcd4a39c/1730139604180/%5BAll%5D+Clarity+Omnibus+Overview+-+October+2024.pdf,NA,Congress,19,60,21
89183,1416,HarrisX,,Blockchain Association,NA,NA,NA,HarrisX,Online Opt-In Panel,NA,2024-10-25T00:00:00Z,2024-10-28T00:00:00Z,FALSE,NA,215413,1717,rv,NA,rv,FALSE,2025-04-28 19:33:13 UTC,2025-04-28 19:33:13 UTC,NA,https://www.harrisx.com/content/october-2024-harrisx-blockchain-association-poll,NA,NA,https://www.harrisx.com/content/october-2024-harrisx-blockchain-association-poll,Congress,32,56,12
89183,1416,HarrisX,,Blockchain Association,NA,NA,NA,HarrisX,Online Opt-In Panel,NA,2024-10-25T00:00:00Z,2024-10-28T00:00:00Z,FALSE,NA,215414,1475,lv,NA,lv,FALSE,2025-04-28 19:33:13 UTC,2025-04-28 19:33:13 UTC,NA,https://www.harrisx.com/content/october-2024-harrisx-blockchain-association-poll,NA,NA,https://www.harrisx.com/content/october-2024-harrisx-blockchain-association-poll,Congress,33,58,9
89155,1416,HarrisX,,Forbes,NA,NA,NA,HarrisX,Online Opt-In Panel,NA,2024-10-27T00:00:00Z,2024-10-29T00:00:00Z,FALSE,NA,215412,3718,lv,NA,lv,FALSE,2025-04-28 19:33:42 UTC,2025-04-28 19:33:42 UTC,NA,https://www.forbes.com/sites/joewalsh/2024/10/31/new-harrisxforbes-poll-harris-leads-trump-by-just-1-point-a-statistical-tie-as-10-still-unsure/,https://www.forbes.com/sites/joewalsh/2024/10/31/new-harrisxforbes-poll-harris-leads-trump-by-just-1-point-a-statistical-tie-as-10-still-unsure/,NA,https://elections.harrisx.com/public/Political_Overnight_Poll_10_29_2024_3_Days.html,Congress,30,62,8
89155,1416,HarrisX,,Forbes,NA,NA,NA,HarrisX,Online Opt-In Panel,NA,2024-10-27T00:00:00Z,2024-10-29T00:00:00Z,FALSE,NA,215411,4523,rv,NA,rv,FALSE,2025-04-28 19:33:42 UTC,2025-04-28 19:33:42 UTC,NA,https://www.forbes.com/sites/joewalsh/2024/10/31/new-harrisxforbes-poll-harris-leads-trump-by-just-1-point-a-statistical-tie-as-10-still-unsure/,https://www.forbes.com/sites/joewalsh/2024/10/31/new-harrisxforbes-poll-harris-leads-trump-by-just-1-point-a-statistical-tie-as-10-still-unsure/,NA,https://elections.harrisx.com/public/Political_Overnight_Poll_10_29_2024_3_Days.html,Congress,30,59,12
89088,568,YouGov,,The Economist,NA,NA,NA,YouGov,Online Matched Sample,NA,2024-10-26T00:00:00Z,2024-10-29T00:00:00Z,FALSE,NA,214843,1312,lv,NA,lv,FALSE,2025-04-28 19:33:42 UTC,2025-04-28 19:33:42 UTC,NA,https://d3nkl3psvxxpe9.cloudfront.net/documents/econTabReport_NgtZTja.pdf,NA,NA,https://d3nkl3psvxxpe9.cloudfront.net/documents/econTabReport_NgtZTja.pdf,Congress,19,59,22
89088,568,YouGov,,The Economist,NA,NA,NA,YouGov,Online Matched Sample,NA,2024-10-26T00:00:00Z,2024-10-29T00:00:00Z,FALSE,NA,214842,1446,rv,NA,rv,FALSE,2025-04-28 19:33:42 UTC,2025-04-28 19:33:42 UTC,NA,https://d3nkl3psvxxpe9.cloudfront.net/documents/econTabReport_NgtZTja.pdf,NA,NA,https://d3nkl3psvxxpe9.cloudfront.net/documents/econTabReport_NgtZTja.pdf,Congress,19,59,22
89088,568,YouGov,,The Economist,NA,NA,NA,YouGov,Online Matched Sample,NA,2024-10-26T00:00:00Z,2024-10-29T00:00:00Z,FALSE,NA,214841,1587,a,NA,a,FALSE,2025-04-28 19:33:42 UTC,2025-04-28 19:33:42 UTC,NA,https://d3nkl3psvxxpe9.cloudfront.net/documents/econtoplines_xAm5lvg.pdf,NA,https://d3nkl3psvxxpe9.cloudfront.net/documents/econtoplines_xAm5lvg.pdf,https://d3nkl3psvxxpe9.cloudfront.net/documents/econTabReport_NgtZTja.pdf,Congress,18,53,30
89366,1416,HarrisX,,Forbes,NA,NA,NA,HarrisX,Online Opt-In Panel,NA,2024-10-30T00:00:00Z,2024-11-02T00:00:00Z,FALSE,NA,216412,4520,rv,NA,rv,FALSE,2025-04-28 19:33:42 UTC,2025-04-28 19:33:42 UTC,NA,https://www.forbes.com/sites/saradorn/2024/11/04/new-forbesharrisx-survey-harris-and-trump-in-near-dead-heat-1-day-before-election/,https://www.forbes.com/sites/saradorn/2024/11/04/new-forbesharrisx-survey-harris-and-trump-in-near-dead-heat-1-day-before-election/,NA,https://elections.harrisx.com/public/HX_Forbes_Poll_Nov_2_24_3Day.html,Congress,30,59,11
89366,1416,HarrisX,,Forbes,NA,NA,NA,HarrisX,Online Opt-In Panel,NA,2024-10-30T00:00:00Z,2024-11-02T00:00:00Z,FALSE,NA,216413,3759,lv,NA,lv,FALSE,2025-04-28 19:33:42 UTC,2025-04-28 19:33:42 UTC,NA,https://www.forbes.com/sites/saradorn/2024/11/04/new-forbesharrisx-survey-harris-and-trump-in-near-dead-heat-1-day-before-election/,https://www.forbes.com/sites/saradorn/2024/11/04/new-forbesharrisx-survey-harris-and-trump-in-near-dead-heat-1-day-before-election/,NA,https://elections.harrisx.com/public/HX_Forbes_Poll_Nov_2_24_3Day.html,Congress,31,62,8
89396,568,YouGov,,The Economist,NA,NA,NA,YouGov,Online Matched Sample,NA,2024-11-09T00:00:00Z,2024-11-12T00:00:00Z,FALSE,NA,216662,1557,rv,NA,rv,FALSE,2025-04-28 19:33:42 UTC,2025-04-28 19:33:42 UTC,NA,https://d3nkl3psvxxpe9.cloudfront.net/documents/econTabReport_IHMRRoV.pdf,NA,NA,https://d3nkl3psvxxpe9.cloudfront.net/documents/econTabReport_IHMRRoV.pdf,Congress,18,57,25
89396,568,YouGov,,The Economist,NA,NA,NA,YouGov,Online Matched Sample,NA,2024-11-09T00:00:00Z,2024-11-12T00:00:00Z,FALSE,NA,216661,1743,a,NA,a,FALSE,2025-04-28 19:33:42 UTC,2025-04-28 19:33:42 UTC,NA,https://d3nkl3psvxxpe9.cloudfront.net/documents/econtoplines_tdCfQy1.pdf,NA,https://d3nkl3psvxxpe9.cloudfront.net/documents/econtoplines_tdCfQy1.pdf,https://d3nkl3psvxxpe9.cloudfront.net/documents/econTabReport_IHMRRoV.pdf,Congress,17,52,31
89402,1797,HarrisX/Harris Poll,,Harvard University Center for American Political Studies,NA,NA,NA,HarrisX/Harris Poll,Online Opt-In Panel,NA,2024-11-14T00:00:00Z,2024-11-14T00:00:00Z,FALSE,NA,216733,1732,rv,NA,rv,FALSE,2025-04-28 19:33:43 UTC,2025-04-28 19:33:43 UTC,NA,https://harvardharrispoll.com/wp-content/uploads/2024/11/HHP_Nov2024_KeyResults.pdf,https://harvardharrispoll.com/wp-content/uploads/2024/11/HHP_Nov2024_KeyResults.pdf,https://harvardharrispoll.com/wp-content/uploads/2024/11/HHP_Nov2024_Topline.pdf,https://harvardharrispoll.com/wp-content/uploads/2024/11/HHP_Nov2024_Crosstabs.pdf,Congress,29,57,15
89404,568,YouGov,,The Economist,NA,NA,NA,YouGov,Online Matched Sample,NA,2024-11-17T00:00:00Z,2024-11-19T00:00:00Z,FALSE,NA,216757,1595,a,NA,a,FALSE,2025-04-28 19:33:42 UTC,2025-04-28 19:33:42 UTC,NA,https://d3nkl3psvxxpe9.cloudfront.net/documents/econtoplines_XE8Bx38.pdf,NA,https://d3nkl3psvxxpe9.cloudfront.net/documents/econtoplines_XE8Bx38.pdf,https://d3nkl3psvxxpe9.cloudfront.net/documents/econTabReport_WloY87T.pdf,Congress,18,51,31
89404,568,YouGov,,The Economist,NA,NA,NA,YouGov,Online Matched Sample,NA,2024-11-17T00:00:00Z,2024-11-19T00:00:00Z,FALSE,NA,216758,1435,rv,NA,rv,FALSE,2025-04-28 19:33:43 UTC,2025-04-28 19:33:43 UTC,NA,https://d3nkl3psvxxpe9.cloudfront.net/documents/econTabReport_WloY87T.pdf,NA,NA,https://d3nkl3psvxxpe9.cloudfront.net/documents/econTabReport_WloY87T.pdf,Congress,20,57,24
89414,169,Gallup,,NA,NA,NA,NA,Gallup,Live Phone,NA,2024-11-06T00:00:00Z,2024-11-20T00:00:00Z,FALSE,NA,216876,1001,a,NA,a,FALSE,2025-04-28 19:33:43 UTC,2025-04-28 19:33:43 UTC,NA,https://news.gallup.com/poll/653786/postelection-economic-confidence-biden-ratings-down.aspx,https://news.gallup.com/poll/653786/postelection-economic-confidence-biden-ratings-down.aspx,NA,NA,Congress,19,74,7
89417,568,YouGov,,The Economist,NA,NA,NA,YouGov,Online Matched Sample,NA,2024-11-23T00:00:00Z,2024-11-26T00:00:00Z,FALSE,NA,216859,1590,a,NA,a,FALSE,2025-04-28 19:33:43 UTC,2025-04-28 19:33:43 UTC,NA,https://d3nkl3psvxxpe9.cloudfront.net/documents/econtoplines_dzJysGr.pdf,NA,https://d3nkl3psvxxpe9.cloudfront.net/documents/econtoplines_dzJysGr.pdf,https://d3nkl3psvxxpe9.cloudfront.net/documents/econTabReport_eAYQKbY.pdf,Congress,17,51,32
89417,568,YouGov,,The Economist,NA,NA,NA,YouGov,Online Matched Sample,NA,2024-11-23T00:00:00Z,2024-11-26T00:00:00Z,FALSE,NA,216860,1412,rv,NA,rv,FALSE,2025-04-28 19:33:43 UTC,2025-04-28 19:33:43 UTC,NA,https://d3nkl3psvxxpe9.cloudfront.net/documents/econTabReport_eAYQKbY.pdf,NA,NA,https://d3nkl3psvxxpe9.cloudfront.net/documents/econTabReport_eAYQKbY.pdf,Congress,19,58,23
89427,1697,Bullfinch,,The Independent Center,NA,NA,NA,The Bullfinch Group,NA,NA,2024-12-03T00:00:00Z,2024-12-07T00:00:00Z,FALSE,NA,216967,1000,rv,NA,rv,FALSE,2025-04-28 19:33:43 UTC,2025-04-28 19:33:43 UTC,NA,https://www.independentcenter.org/poll-toplines/exclusive-poll-q4-2024-national-survey-issues-trends-media-the-american-dream,https://www.independentcenter.org/poll-toplines/exclusive-poll-q4-2024-national-survey-issues-trends-media-the-american-dream,https://cdn.prod.website-files.com/65fc824cf835683ce2d3549b/67577065b2f4adbcffd8dc5f_1224AmericanDream.pdf,NA,Congress,31,55,14
89427,1697,Bullfinch,,The Independent Center,NA,NA,NA,The Bullfinch Group,NA,NA,2024-12-03T00:00:00Z,2024-12-07T00:00:00Z,FALSE,NA,216966,1200,a,NA,a,FALSE,2025-04-28 19:33:43 UTC,2025-04-28 19:33:43 UTC,NA,https://www.independentcenter.org/poll-toplines/exclusive-poll-q4-2024-national-survey-issues-trends-media-the-american-dream,https://www.independentcenter.org/poll-toplines/exclusive-poll-q4-2024-national-survey-issues-trends-media-the-american-dream,https://cdn.prod.website-files.com/65fc824cf835683ce2d3549b/67577065b2f4adbcffd8dc5f_1224AmericanDream.pdf,NA,Congress,31,53,17
89431,1360,AP-NORC,,NA,NA,NA,NA,AP-NORC,Probability Panel,NA,2024-12-05T00:00:00Z,2024-12-09T00:00:00Z,FALSE,NA,217368,1251,a,NA,a,FALSE,2025-04-28 19:33:42 UTC,2025-04-28 19:33:42 UTC,NA,https://apnorc.org/projects/2025-the-publics-priorities-and-expectations/,https://apnorc.org/projects/2025-the-publics-priorities-and-expectations/,https://apnorc.org/wp-content/uploads/2025/01/December-2024-topline_priorities-.pdf,NA,Congress,17,80,3
89428,568,YouGov,,The Economist,NA,NA,NA,YouGov,Online Matched Sample,NA,2024-12-08T00:00:00Z,2024-12-10T00:00:00Z,FALSE,NA,216988,1593,a,NA,a,FALSE,2025-04-28 19:33:43 UTC,2025-04-28 19:33:43 UTC,NA,https://d3nkl3psvxxpe9.cloudfront.net/documents/econtoplines_aSY7zjn.pdf,NA,https://d3nkl3psvxxpe9.cloudfront.net/documents/econtoplines_aSY7zjn.pdf,https://d3nkl3psvxxpe9.cloudfront.net/documents/econTabReport_FnFMxED.pdf,Congress,15,52,33
89432,320,Monmouth,,NA,NA,NA,NA,Monmouth University Polling Institute,Live Phone/Text-to-Web,NA,2024-12-05T00:00:00Z,2024-12-10T00:00:00Z,FALSE,NA,217043,946,rv,NA,rv,FALSE,2025-04-28 19:33:42 UTC,2025-04-28 19:33:42 UTC,NA,https://www.monmouth.edu/polling-institute/reports/monmouthpoll_us_121224/,https://www.monmouth.edu/polling-institute/reports/monmouthpoll_us_121224/,NA,https://www.monmouth.edu/polling-institute/documents/monmouthpoll_us_121224.pdf/,Congress,17,75,8
89432,320,Monmouth,,NA,NA,NA,NA,Monmouth University Polling Institute,Live Phone/Text-to-Web,NA,2024-12-05T00:00:00Z,2024-12-10T00:00:00Z,FALSE,NA,217042,1006,a,NA,a,FALSE,2025-04-28 19:33:42 UTC,2025-04-28 19:33:42 UTC,NA,https://www.monmouth.edu/polling-institute/reports/monmouthpoll_us_121224/,https://www.monmouth.edu/polling-institute/reports/monmouthpoll_us_121224/,NA,https://www.monmouth.edu/polling-institute/documents/monmouthpoll_us_121224.pdf/,Congress,17,74,8
89428,568,YouGov,,The Economist,NA,NA,NA,YouGov,Online Matched Sample,NA,2024-12-08T00:00:00Z,2024-12-10T00:00:00Z,FALSE,NA,216989,1415,rv,NA,rv,FALSE,2025-04-28 19:33:43 UTC,2025-04-28 19:33:43 UTC,NA,https://d3nkl3psvxxpe9.cloudfront.net/documents/econTabReport_FnFMxED.pdf,NA,NA,https://d3nkl3psvxxpe9.cloudfront.net/documents/econTabReport_FnFMxED.pdf,Congress,13,59,28
89440,568,YouGov,,The Economist,NA,NA,NA,YouGov,Online Matched Sample,NA,2024-12-15T00:00:00Z,2024-12-17T00:00:00Z,FALSE,NA,217132,1553,a,NA,a,FALSE,2025-04-28 19:33:43 UTC,2025-04-28 19:33:43 UTC,NA,https://d3nkl3psvxxpe9.cloudfront.net/documents/econtoplines_2NWjSx2.pdf,NA,https://d3nkl3psvxxpe9.cloudfront.net/documents/econtoplines_2NWjSx2.pdf,https://d3nkl3psvxxpe9.cloudfront.net/documents/econTabReport_fWe8hY3.pdf,Congress,16,54,30
89440,568,YouGov,,The Economist,NA,NA,NA,YouGov,Online Matched Sample,NA,2024-12-15T00:00:00Z,2024-12-17T00:00:00Z,FALSE,NA,217133,1373,rv,NA,rv,FALSE,2025-04-28 19:33:43 UTC,2025-04-28 19:33:43 UTC,NA,https://d3nkl3psvxxpe9.cloudfront.net/documents/econTabReport_fWe8hY3.pdf,NA,NA,https://d3nkl3psvxxpe9.cloudfront.net/documents/econTabReport_fWe8hY3.pdf,Congress,16,59,27
89456,169,Gallup,,NA,NA,NA,NA,Gallup,Live Phone,NA,2024-12-02T00:00:00Z,2024-12-18T00:00:00Z,FALSE,NA,217249,1003,a,NA,a,FALSE,2025-04-28 19:33:41 UTC,2025-04-28 19:33:41 UTC,NA,https://news.gallup.com/poll/654650/americans-ratings-biden-tepid-steady.aspx,https://news.gallup.com/poll/654650/americans-ratings-biden-tepid-steady.aspx,NA,NA,Congress,17,77,6
89458,568,YouGov,,The Economist,NA,NA,NA,YouGov,Online Matched Sample,NA,2024-12-21T00:00:00Z,2024-12-24T00:00:00Z,FALSE,NA,217271,1411,rv,NA,rv,FALSE,2025-04-28 19:33:43 UTC,2025-04-28 19:33:43 UTC,NA,https://d3nkl3psvxxpe9.cloudfront.net/documents/econTabReport_y6xjoz3.pdf,NA,NA,https://d3nkl3psvxxpe9.cloudfront.net/documents/econTabReport_y6xjoz3.pdf,Congress,17,60,23
89458,568,YouGov,,The Economist,NA,NA,NA,YouGov,Online Matched Sample,NA,2024-12-21T00:00:00Z,2024-12-24T00:00:00Z,FALSE,NA,217270,1582,a,NA,a,FALSE,2025-04-28 19:33:43 UTC,2025-04-28 19:33:43 UTC,NA,https://d3nkl3psvxxpe9.cloudfront.net/documents/econtoplines_MVXACNL.pdf,NA,https://d3nkl3psvxxpe9.cloudfront.net/documents/econtoplines_MVXACNL.pdf,https://d3nkl3psvxxpe9.cloudfront.net/documents/econTabReport_y6xjoz3.pdf,Congress,15,56,29
89461,568,YouGov,,The Economist,NA,NA,NA,YouGov,Online Matched Sample,NA,2024-12-29T00:00:00Z,2024-12-31T00:00:00Z,FALSE,NA,217324,1552,a,NA,a,FALSE,2025-04-28 19:33:43 UTC,2025-04-28 19:33:43 UTC,NA,https://d3nkl3psvxxpe9.cloudfront.net/documents/econtoplines_b7WjuJq.pdf,NA,https://d3nkl3psvxxpe9.cloudfront.net/documents/econtoplines_b7WjuJq.pdf,https://d3nkl3psvxxpe9.cloudfront.net/documents/econTabReport_Goy6hsR.pdf,Congress,16,50,34
89461,568,YouGov,,The Economist,NA,NA,NA,YouGov,Online Matched Sample,NA,2024-12-29T00:00:00Z,2024-12-31T00:00:00Z,FALSE,NA,217325,1415,rv,NA,rv,FALSE,2025-04-28 19:33:43 UTC,2025-04-28 19:33:43 UTC,NA,https://d3nkl3psvxxpe9.cloudfront.net/documents/econTabReport_Goy6hsR.pdf,NA,NA,https://d3nkl3psvxxpe9.cloudfront.net/documents/econTabReport_Goy6hsR.pdf,Congress,18,56,27
89475,568,YouGov,,The Economist,NA,NA,NA,YouGov,Online Matched Sample,NA,2025-01-05T00:00:00Z,2025-01-08T00:00:00Z,FALSE,NA,217397,1522,rv,NA,rv,FALSE,2025-04-28 19:33:43 UTC,2025-04-28 19:33:43 UTC,NA,https://d3nkl3psvxxpe9.cloudfront.net/documents/econTabReport_gsOVPsO.pdf,NA,NA,https://d3nkl3psvxxpe9.cloudfront.net/documents/econTabReport_gsOVPsO.pdf,Congress,16,58,26
89475,568,YouGov,,The Economist,NA,NA,NA,YouGov,Online Matched Sample,NA,2025-01-05T00:00:00Z,2025-01-08T00:00:00Z,FALSE,NA,217396,1704,a,NA,a,FALSE,2025-04-28 19:33:43 UTC,2025-04-28 19:33:43 UTC,NA,https://d3nkl3psvxxpe9.cloudfront.net/documents/econtoplines_c05kK6u.pdf,NA,https://d3nkl3psvxxpe9.cloudfront.net/documents/econtoplines_c05kK6u.pdf,https://d3nkl3psvxxpe9.cloudfront.net/documents/econTabReport_gsOVPsO.pdf,Congress,15,55,30
89489,1597,Beacon/Shaw,,Fox News,NA,NA,NA,Beacon Research/Shaw & Co. Research,Live Phone/Text-to-Web,NA,2025-01-10T00:00:00Z,2025-01-13T00:00:00Z,FALSE,NA,217580,922,rv,NA,rv,FALSE,2025-04-28 19:33:43 UTC,2025-04-28 19:33:43 UTC,NA,https://www.foxnews.com/official-polls/fox-news-poll-trump-most-popular-hes-ever-been,https://www.foxnews.com/official-polls/fox-news-poll-trump-most-popular-hes-ever-been,https://static.foxnews.com/foxnews.com/content/uploads/2025/01/fox_january-10-13-2025_national_topline_january-15-release.pdf,https://static.foxnews.com/foxnews.com/content/uploads/2025/01/fox_january-10-13-2025_national_cross-tabs_january-15-release.pdf,Congress,26,67,6
89484,568,YouGov,,The Economist,NA,NA,NA,YouGov,Online Matched Sample,NA,2025-01-12T00:00:00Z,2025-01-14T00:00:00Z,FALSE,NA,217501,1425,rv,NA,rv,FALSE,2025-04-28 19:33:43 UTC,2025-04-28 19:33:43 UTC,NA,https://d3nkl3psvxxpe9.cloudfront.net/documents/econTabReport_62FWpzz.pdf,NA,NA,https://d3nkl3psvxxpe9.cloudfront.net/documents/econTabReport_62FWpzz.pdf,Congress,16,58,26
89484,568,YouGov,,The Economist,NA,NA,NA,YouGov,Online Matched Sample,NA,2025-01-12T00:00:00Z,2025-01-14T00:00:00Z,FALSE,NA,217500,1558,a,NA,a,FALSE,2025-04-28 19:33:43 UTC,2025-04-28 19:33:43 UTC,NA,https://d3nkl3psvxxpe9.cloudfront.net/documents/econtoplines_uZFnt6C.pdf,NA,https://d3nkl3psvxxpe9.cloudfront.net/documents/econtoplines_uZFnt6C.pdf,https://d3nkl3psvxxpe9.cloudfront.net/documents/econTabReport_62FWpzz.pdf,Congress,15,54,32
89498,169,Gallup,,NA,NA,NA,NA,Gallup,Live Phone,NA,2025-01-02T00:00:00Z,2025-01-15T00:00:00Z,FALSE,NA,219274,1005,a,NA,a,FALSE,2025-05-02 20:33:03 UTC,2025-05-02 20:33:03 UTC,NA,https://news.gallup.com/poll/1600/congress-public.aspx,https://news.gallup.com/poll/1600/congress-public.aspx,NA,NA,Congress,17,76,7
89496,1797,HarrisX/Harris Poll,,Harvard University Center for American Political Studies,NA,NA,NA,HarrisX/Harris Poll,Online Opt-In Panel,NA,2025-01-15T00:00:00Z,2025-01-16T00:00:00Z,FALSE,NA,217623,2650,rv,NA,rv,FALSE,2025-04-28 19:33:43 UTC,2025-04-28 19:33:43 UTC,NA,https://harvardharrispoll.com/wp-content/uploads/2025/01/HHP_Jan25_KeyResults.pdf,https://harvardharrispoll.com/wp-content/uploads/2025/01/HHP_Jan25_KeyResults.pdf,NA,NA,Congress,31,56,13
89503,568,YouGov,,The Economist,NA,NA,NA,YouGov,Online Matched Sample,NA,2025-01-19T00:00:00Z,2025-01-21T00:00:00Z,FALSE,NA,217678,1609,a,NA,a,FALSE,2025-04-28 19:33:38 UTC,2025-04-28 19:33:38 UTC,NA,https://d3nkl3psvxxpe9.cloudfront.net/documents/econtoplines_0EF8xNd.pdf,NA,https://d3nkl3psvxxpe9.cloudfront.net/documents/econtoplines_0EF8xNd.pdf,https://d3nkl3psvxxpe9.cloudfront.net/documents/econTabReport_P0a6afQ.pdf,Congress,18,52,31
89503,568,YouGov,,The Economist,NA,NA,NA,YouGov,Online Matched Sample,NA,2025-01-19T00:00:00Z,2025-01-21T00:00:00Z,FALSE,NA,217679,1426,rv,NA,rv,FALSE,2025-04-28 19:33:42 UTC,2025-04-28 19:33:42 UTC,NA,https://d3nkl3psvxxpe9.cloudfront.net/documents/econTabReport_P0a6afQ.pdf,NA,NA,https://d3nkl3psvxxpe9.cloudfront.net/documents/econTabReport_P0a6afQ.pdf,Congress,19,57,24
89524,568,YouGov,,The Economist,NA,NA,NA,YouGov,Online Matched Sample,NA,2025-01-26T00:00:00Z,2025-01-28T00:00:00Z,FALSE,NA,217857,1577,a,NA,a,FALSE,2025-04-28 19:33:08 UTC,2025-04-28 19:33:08 UTC,NA,https://d3nkl3psvxxpe9.cloudfront.net/documents/econtoplines_HmzVWgj.pdf,NA,https://d3nkl3psvxxpe9.cloudfront.net/documents/econtoplines_HmzVWgj.pdf,https://d3nkl3psvxxpe9.cloudfront.net/documents/econTabReport_m8tctwx.pdf,Congress,24,45,31
89524,568,YouGov,,The Economist,NA,NA,NA,YouGov,Online Matched Sample,NA,2025-01-26T00:00:00Z,2025-01-28T00:00:00Z,FALSE,NA,217858,1376,rv,NA,rv,FALSE,2025-04-28 19:33:08 UTC,2025-04-28 19:33:08 UTC,NA,https://d3nkl3psvxxpe9.cloudfront.net/documents/econTabReport_m8tctwx.pdf,NA,NA,https://d3nkl3psvxxpe9.cloudfront.net/documents/econTabReport_m8tctwx.pdf,Congress,27,48,25
89539,568,YouGov,,The Economist,NA,NA,NA,YouGov,Online Matched Sample,NA,2025-02-02T00:00:00Z,2025-02-04T00:00:00Z,FALSE,NA,218022,1604,a,NA,a,FALSE,2025-04-28 19:33:12 UTC,2025-04-28 19:33:12 UTC,NA,https://d3nkl3psvxxpe9.cloudfront.net/documents/econtoplines_c1AfT3R.pdf,NA,https://d3nkl3psvxxpe9.cloudfront.net/documents/econtoplines_c1AfT3R.pdf,https://d3nkl3psvxxpe9.cloudfront.net/documents/econTabReport_FOXP71G.pdf,Congress,23,45,32
89539,568,YouGov,,The Economist,NA,NA,NA,YouGov,Online Matched Sample,NA,2025-02-02T00:00:00Z,2025-02-04T00:00:00Z,FALSE,NA,218023,1423,rv,NA,rv,FALSE,2025-04-28 19:33:12 UTC,2025-04-28 19:33:12 UTC,NA,https://d3nkl3psvxxpe9.cloudfront.net/documents/econTabReport_FOXP71G.pdf,NA,NA,https://d3nkl3psvxxpe9.cloudfront.net/documents/econTabReport_FOXP71G.pdf,Congress,24,50,26
89553,921,Clarity,,NA,NA,NA,NA,Clarity Campaign Labs,Online Opt-In Panel,NA,2025-01-31T00:00:00Z,2025-02-06T00:00:00Z,FALSE,NA,218115,1102,rv,NA,rv,FALSE,2025-04-28 19:33:12 UTC,2025-04-28 19:33:12 UTC,NA,https://static1.squarespace.com/static/61ae8d5e55be5c7314b4c83a/t/67aa57a7976e415c4d212706/1739216809584/Clarity+Omnibus+Overview+-+Jan_Feb+2025.pdf,NA,https://static1.squarespace.com/static/61ae8d5e55be5c7314b4c83a/t/67aa57a7976e415c4d212706/1739216809584/Clarity+Omnibus+Overview+-+Jan_Feb+2025.pdf,NA,Congress,33,45,22
89558,568,YouGov,,The Economist,NA,NA,NA,YouGov,Online Matched Sample,NA,2025-02-09T00:00:00Z,2025-02-11T00:00:00Z,FALSE,NA,218168,1430,rv,NA,rv,FALSE,2025-04-28 19:33:12 UTC,2025-04-28 19:33:12 UTC,NA,https://d3nkl3psvxxpe9.cloudfront.net/documents/econTabReport_nyOrDiw.pdf,NA,NA,https://d3nkl3psvxxpe9.cloudfront.net/documents/econTabReport_nyOrDiw.pdf,Congress,23,55,21
89558,568,YouGov,,The Economist,NA,NA,NA,YouGov,Online Matched Sample,NA,2025-02-09T00:00:00Z,2025-02-11T00:00:00Z,FALSE,NA,218167,1595,a,NA,a,FALSE,2025-04-28 19:33:12 UTC,2025-04-28 19:33:12 UTC,NA,https://d3nkl3psvxxpe9.cloudfront.net/documents/econtoplines_Z51qCJt.pdf,NA,https://d3nkl3psvxxpe9.cloudfront.net/documents/econtoplines_Z51qCJt.pdf,https://d3nkl3psvxxpe9.cloudfront.net/documents/econTabReport_nyOrDiw.pdf,Congress,19,51,20
90077,1416,HarrisX,,Deseret News,NA,NA,NA,HarrisX,Online Opt-In Panel,NA,2025-02-14T00:00:00Z,2025-02-15T00:00:00Z,FALSE,NA,219738,1009,rv,NA,rv,FALSE,2025-06-16 19:55:59 UTC,2025-06-16 19:55:59 UTC,NA,https://www.harrisx.com/content/deseret-news-harrisx-overnight-poll-executive-orders-and-immigration-february-2025,NA,NA,https://www.harrisx.com/content/deseret-news-harrisx-overnight-poll-executive-orders-and-immigration-february-2025,Congress,37,48,15
89583,169,Gallup,,NA,NA,NA,NA,Gallup,Live Phone,NA,2025-02-03T00:00:00Z,2025-02-16T00:00:00Z,FALSE,NA,218377,1004,a,NA,a,FALSE,2025-04-28 19:33:19 UTC,2025-04-28 19:33:19 UTC,NA,https://news.gallup.com/poll/656891/trump-job-approval-rating-congress-jumps.aspx,https://news.gallup.com/poll/656891/trump-job-approval-rating-congress-jumps.aspx,NA,NA,Congress,29,65,6
89579,568,YouGov,,The Economist,NA,NA,NA,YouGov,Online Matched Sample,NA,2025-02-16T00:00:00Z,2025-02-18T00:00:00Z,FALSE,NA,218328,1451,rv,NA,rv,FALSE,2025-04-28 19:33:18 UTC,2025-04-28 19:33:18 UTC,NA,https://d3nkl3psvxxpe9.cloudfront.net/documents/econTabReport_OFVhPxp.pdf,NA,NA,https://d3nkl3psvxxpe9.cloudfront.net/documents/econTabReport_OFVhPxp.pdf,Congress,26,49,25
89579,568,YouGov,,The Economist,NA,NA,NA,YouGov,Online Matched Sample,NA,2025-02-16T00:00:00Z,2025-02-18T00:00:00Z,FALSE,NA,218327,1603,a,NA,a,FALSE,2025-04-28 19:33:18 UTC,2025-04-28 19:33:18 UTC,NA,https://d3nkl3psvxxpe9.cloudfront.net/documents/econtoplines_KfNmvTk.pdf,NA,https://d3nkl3psvxxpe9.cloudfront.net/documents/econtoplines_KfNmvTk.pdf,https://d3nkl3psvxxpe9.cloudfront.net/documents/econTabReport_OFVhPxp.pdf,Congress,25,43,31
89589,1797,HarrisX/Harris Poll,,Harvard University Center for American Political Studies,NA,NA,NA,HarrisX/Harris Poll,Online Opt-In Panel,NA,2025-02-19T00:00:00Z,2025-02-20T00:00:00Z,FALSE,NA,218408,2443,rv,NA,rv,FALSE,2025-04-28 19:33:19 UTC,2025-04-28 19:33:19 UTC,NA,https://harvardharrispoll.com/wp-content/uploads/2025/02/HHP_Feb2025_vFinal.pdf,https://harvardharrispoll.com/wp-content/uploads/2025/02/HHP_Feb2025_vFinal.pdf,NA,NA,Congress,36,52,12
89601,568,YouGov,,The Economist,NA,NA,NA,YouGov,Online Matched Sample,NA,2025-02-23T00:00:00Z,2025-02-25T00:00:00Z,FALSE,NA,218531,1604,a,NA,a,FALSE,2025-04-28 19:33:20 UTC,2025-04-28 19:33:20 UTC,NA,https://d3nkl3psvxxpe9.cloudfront.net/documents/econtoplines_7jv80Av.pdf,NA,https://d3nkl3psvxxpe9.cloudfront.net/documents/econtoplines_7jv80Av.pdf,https://d3nkl3psvxxpe9.cloudfront.net/documents/econTabReport_1q7T4HA.pdf,Congress,23,44,32
89601,568,YouGov,,The Economist,NA,NA,NA,YouGov,Online Matched Sample,NA,2025-02-23T00:00:00Z,2025-02-25T00:00:00Z,FALSE,NA,218532,1444,rv,NA,rv,FALSE,2025-04-28 19:33:20 UTC,2025-04-28 19:33:20 UTC,NA,https://d3nkl3psvxxpe9.cloudfront.net/documents/econTabReport_1q7T4HA.pdf,NA,NA,https://d3nkl3psvxxpe9.cloudfront.net/documents/econTabReport_1q7T4HA.pdf,Congress,25,47,27
89620,1697,Bullfinch,,The Independent Center,NA,NA,NA,The Bullfinch Group,NA,NA,2025-02-22T00:00:00Z,2025-02-26T00:00:00Z,FALSE,NA,218654,1200,a,NA,a,FALSE,2025-04-28 19:33:21 UTC,2025-04-28 19:33:21 UTC,NA,https://projects.fivethirtyeight.com/polls/20250303_US_Bullfinch.pdf,NA,https://projects.fivethirtyeight.com/polls/20250303_US_Bullfinch.pdf,NA,Congress,36,47,18
89620,1697,Bullfinch,,The Independent Center,NA,NA,NA,The Bullfinch Group,NA,NA,2025-02-22T00:00:00Z,2025-02-26T00:00:00Z,FALSE,NA,218655,1000,rv,NA,rv,FALSE,2025-04-28 19:33:21 UTC,2025-04-28 19:33:21 UTC,NA,https://projects.fivethirtyeight.com/polls/20250303_US_Bullfinch.pdf,NA,https://projects.fivethirtyeight.com/polls/20250303_US_Bullfinch.pdf,NA,Congress,37,48,15
89632,568,YouGov,,The Economist,NA,NA,NA,YouGov,Online Matched Sample,NA,2025-03-01T00:00:00Z,2025-03-04T00:00:00Z,FALSE,NA,218927,1638,a,NA,a,FALSE,2025-04-29 15:40:44 UTC,2025-04-29 15:40:44 UTC,NA,https://d3nkl3psvxxpe9.cloudfront.net/documents/econtoplines_PqH4oeS.pdf,NA,https://d3nkl3psvxxpe9.cloudfront.net/documents/econtoplines_PqH4oeS.pdf,https://d3nkl3psvxxpe9.cloudfront.net/documents/econTabReport_uHE5Cxl.pdf,Congress,25,42,33
89632,568,YouGov,,The Economist,NA,NA,NA,YouGov,Online Matched Sample,NA,2025-03-01T00:00:00Z,2025-03-04T00:00:00Z,FALSE,NA,218928,1491,rv,NA,rv,FALSE,2025-04-29 15:40:45 UTC,2025-04-29 15:40:45 UTC,NA,https://d3nkl3psvxxpe9.cloudfront.net/documents/econtoplines_PqH4oeS.pdf,NA,https://d3nkl3psvxxpe9.cloudfront.net/documents/econtoplines_PqH4oeS.pdf,https://d3nkl3psvxxpe9.cloudfront.net/documents/econTabReport_uHE5Cxl.pdf,Congress,27,48,20
89644,921,Clarity,,NA,NA,NA,NA,Clarity Campaign Labs,Online Opt-In Panel,NA,2025-03-03T00:00:00Z,2025-03-09T00:00:00Z,FALSE,NA,218929,1036,rv,NA,rv,FALSE,2025-04-29 15:40:45 UTC,2025-04-29 15:40:45 UTC,NA,https://static1.squarespace.com/static/61ae8d5e55be5c7314b4c83a/t/67d0921f11ba8d57a17670a9/1741722147070/Clarity+Omnibus+Overview+-+March+2025+PUBLIC.pdf,NA,https://static1.squarespace.com/static/61ae8d5e55be5c7314b4c83a/t/67d0921f11ba8d57a17670a9/1741722147070/Clarity+Omnibus+Overview+-+March+2025+PUBLIC.pdf,NA,Congress,40,46,13
89645,568,YouGov,,The Economist,NA,NA,NA,YouGov,Online Matched Sample,NA,2025-03-09T00:00:00Z,2025-03-11T00:00:00Z,FALSE,NA,218930,1699,a,NA,a,FALSE,2025-04-29 15:40:46 UTC,2025-04-29 15:40:46 UTC,NA,https://d3nkl3psvxxpe9.cloudfront.net/documents/econtoplines_QyOZh1i.pdf,NA,https://d3nkl3psvxxpe9.cloudfront.net/documents/econtoplines_QyOZh1i.pdf,https://d3nkl3psvxxpe9.cloudfront.net/documents/econTabReport_ddjSlqx.pdf,Congress,21,49,30
89645,568,YouGov,,The Economist,NA,NA,NA,YouGov,Online Matched Sample,NA,2025-03-09T00:00:00Z,2025-03-11T00:00:00Z,FALSE,NA,218931,1532,rv,NA,rv,FALSE,2025-04-29 15:40:46 UTC,2025-04-29 15:40:46 UTC,NA,https://d3nkl3psvxxpe9.cloudfront.net/documents/econtoplines_QyOZh1i.pdf,NA,https://d3nkl3psvxxpe9.cloudfront.net/documents/econtoplines_QyOZh1i.pdf,https://d3nkl3psvxxpe9.cloudfront.net/documents/econTabReport_ddjSlqx.pdf,Congress,23,54,23
89669,169,Gallup,,NA,NA,NA,NA,Gallup,Live Phone,NA,2025-03-03T00:00:00Z,2025-03-16T00:00:00Z,FALSE,NA,219275,1002,a,NA,a,FALSE,2025-05-02 20:33:11 UTC,2025-05-02 20:33:11 UTC,NA,https://news.gallup.com/poll/1600/congress-public.aspx,https://news.gallup.com/poll/1600/congress-public.aspx,NA,NA,Congress,31,63,5
89657,568,YouGov,,The Economist,NA,NA,NA,YouGov,Online Matched Sample,NA,2025-03-16T00:00:00Z,2025-03-18T00:00:00Z,FALSE,NA,218932,1618,a,NA,a,FALSE,2025-04-29 15:40:47 UTC,2025-04-29 15:40:47 UTC,NA,https://d3nkl3psvxxpe9.cloudfront.net/documents/econtoplines_dpkhCR8.pdf,NA,https://d3nkl3psvxxpe9.cloudfront.net/documents/econtoplines_dpkhCR8.pdf,https://d3nkl3psvxxpe9.cloudfront.net/documents/econTabReport_ngfganU.pdf,Congress,25,48,27
89657,568,YouGov,,The Economist,NA,NA,NA,YouGov,Online Matched Sample,NA,2025-03-16T00:00:00Z,2025-03-18T00:00:00Z,FALSE,NA,218933,1458,rv,NA,rv,FALSE,2025-04-29 15:40:47 UTC,2025-04-29 15:40:47 UTC,NA,https://d3nkl3psvxxpe9.cloudfront.net/documents/econtoplines_dpkhCR8.pdf,NA,https://d3nkl3psvxxpe9.cloudfront.net/documents/econtoplines_dpkhCR8.pdf,https://d3nkl3psvxxpe9.cloudfront.net/documents/econTabReport_ngfganU.pdf,Congress,28,51,21
89667,568,YouGov,,The Economist,NA,NA,NA,YouGov,Online Matched Sample,NA,2025-03-22T00:00:00Z,2025-03-25T00:00:00Z,FALSE,NA,218934,1600,a,NA,a,FALSE,2025-04-29 15:40:48 UTC,2025-04-29 15:40:48 UTC,NA,https://d3nkl3psvxxpe9.cloudfront.net/documents/econtoplines_qRAtXyE.pdf,NA,https://d3nkl3psvxxpe9.cloudfront.net/documents/econtoplines_qRAtXyE.pdf,https://d3nkl3psvxxpe9.cloudfront.net/documents/econTabReport_o8LZals.pdf,Congress,24,48,29
89667,568,YouGov,,The Economist,NA,NA,NA,YouGov,Online Matched Sample,NA,2025-03-22T00:00:00Z,2025-03-25T00:00:00Z,FALSE,NA,218935,1440,rv,NA,rv,FALSE,2025-04-29 15:40:48 UTC,2025-04-29 15:40:48 UTC,NA,https://d3nkl3psvxxpe9.cloudfront.net/documents/econtoplines_qRAtXyE.pdf,NA,https://d3nkl3psvxxpe9.cloudfront.net/documents/econtoplines_qRAtXyE.pdf,https://d3nkl3psvxxpe9.cloudfront.net/documents/econTabReport_o8LZals.pdf,Congress,26,52,23
89676,1797,HarrisX/Harris Poll,,Harvard University Center for American Political Studies,NA,NA,NA,HarrisX/Harris Poll,Online Opt-In Panel,NA,2025-03-26T00:00:00Z,2025-03-27T00:00:00Z,FALSE,NA,218936,2746,rv,NA,rv,FALSE,2025-04-29 15:40:48 UTC,2025-07-14 16:43:33 UTC,NA,https://harvardharrispoll.com/wp-content/uploads/2025/03/HHP_Mar2025_KeyResults.pdf,https://harvardharrispoll.com/wp-content/uploads/2025/03/HHP_Mar2025_KeyResults.pdf,https://harvardharrispoll.com/wp-content/uploads/2025/03/HHP_Mar2025_Topline.pdf,https://harvardharrispoll.com/wp-content/uploads/2025/03/HHP_Mar2025_Crosstabs.pdf,Congress,36,52,12
89679,568,YouGov,,The Economist,NA,NA,NA,YouGov,Online Matched Sample,NA,2025-03-30T00:00:00Z,2025-04-01T00:00:00Z,FALSE,NA,218938,1465,rv,NA,rv,FALSE,2025-04-29 15:40:49 UTC,2025-04-29 15:40:49 UTC,NA,https://d3nkl3psvxxpe9.cloudfront.net/documents/econtoplines_S1a74K0.pdf,NA,https://d3nkl3psvxxpe9.cloudfront.net/documents/econtoplines_S1a74K0.pdf,https://d3nkl3psvxxpe9.cloudfront.net/documents/econTabReport_Uo7FRzc.pdf,Congress,25,54,21
89679,568,YouGov,,The Economist,NA,NA,NA,YouGov,Online Matched Sample,NA,2025-03-30T00:00:00Z,2025-04-01T00:00:00Z,FALSE,NA,218937,1626,a,NA,a,FALSE,2025-04-29 15:40:49 UTC,2025-04-29 15:40:49 UTC,NA,https://d3nkl3psvxxpe9.cloudfront.net/documents/econtoplines_S1a74K0.pdf,NA,https://d3nkl3psvxxpe9.cloudfront.net/documents/econtoplines_S1a74K0.pdf,https://d3nkl3psvxxpe9.cloudfront.net/documents/econTabReport_Uo7FRzc.pdf,Congress,23,49,28
89690,568,YouGov,,The Economist,NA,NA,NA,YouGov,Online Matched Sample,NA,2025-04-05T00:00:00Z,2025-04-08T00:00:00Z,FALSE,NA,218940,1561,rv,NA,rv,FALSE,2025-04-29 15:40:50 UTC,2025-04-29 15:40:50 UTC,NA,https://d3nkl3psvxxpe9.cloudfront.net/documents/econtoplines_Emo4hnf.pdf,NA,https://d3nkl3psvxxpe9.cloudfront.net/documents/econtoplines_Emo4hnf.pdf,https://d3nkl3psvxxpe9.cloudfront.net/documents/econTabReport_pXJ0PxA.pdf,Congress,25,56,19
89690,568,YouGov,,The Economist,NA,NA,NA,YouGov,Online Matched Sample,NA,2025-04-05T00:00:00Z,2025-04-08T00:00:00Z,FALSE,NA,218939,1741,a,NA,a,FALSE,2025-04-29 15:40:50 UTC,2025-04-29 15:40:50 UTC,NA,https://d3nkl3psvxxpe9.cloudfront.net/documents/econtoplines_Emo4hnf.pdf,NA,https://d3nkl3psvxxpe9.cloudfront.net/documents/econtoplines_Emo4hnf.pdf,https://d3nkl3psvxxpe9.cloudfront.net/documents/econTabReport_pXJ0PxA.pdf,Congress,22,53,25
89701,1888,UMass Amherst/YouGov,,WCVB-TV (Boston),NA,NA,NA,University of Massachusetts Department of Political Science/YouGov,Online Matched Sample,NA,2025-04-04T00:00:00Z,2025-04-09T00:00:00Z,FALSE,NA,218942,1000,a,NA,a,FALSE,2025-04-29 15:40:51 UTC,2025-04-29 15:40:51 UTC,NA,https://www.umass.edu/political-science/about/reports/2025-4,https://www.umass.edu/political-science/about/reports/2025-4,NA,NA,Congress,29,57,14
90094,552,Winston,,Winning the Issues,NA,NA,NA,The Winston Group,NA,NA,2025-04-08T00:00:00Z,2025-04-10T00:00:00Z,FALSE,REP,221309,1000,rv,NA,rv,FALSE,2025-07-11 21:58:02 UTC,2025-07-11 21:58:02 UTC,NA,https://www.winningtheissues.org/2025/04/30/winning-the-issues-april-2025-national-survey/,https://www.winningtheissues.org/2025/04/30/winning-the-issues-april-2025-national-survey/,https://www.winningtheissues.org/wp-content/uploads/2025/07/Winning-the-Issues-April-2025-National-Survey.pdf,NA,Congress,24,56,19
89700,1797,HarrisX/Harris Poll,,Harvard University Center for American Political Studies,NA,NA,NA,HarrisX/Harris Poll,Online Opt-In Panel,NA,2025-04-09T00:00:00Z,2025-04-10T00:00:00Z,FALSE,NA,218941,2286,rv,NA,rv,FALSE,2025-04-29 15:40:50 UTC,2025-07-14 16:42:22 UTC,NA,https://www.realclearpolitics.com/docs/2025/HHP_APRIL_Final.pdf,https://www.realclearpolitics.com/docs/2025/HHP_APRIL_Final.pdf,NA,NA,Congress,35,51,13
89707,921,Clarity,,NA,NA,NA,NA,Clarity Campaign Labs,Online Opt-In Panel,NA,2025-04-09T00:00:00Z,2025-04-14T00:00:00Z,FALSE,NA,218945,1008,rv,NA,rv,FALSE,2025-04-29 15:40:52 UTC,2025-04-29 15:40:52 UTC,NA,https://45840940.fs1.hubspotusercontent-na1.net/hubfs/45840940/Clarity%20Omnibus%20Overview_April%202025.pdf,NA,https://45840940.fs1.hubspotusercontent-na1.net/hubfs/45840940/Clarity%20Omnibus%20Overview_April%202025.pdf,NA,Congress,40,47,14
89708,169,Gallup,,NA,NA,NA,NA,Gallup,Live Phone,NA,2025-04-01T00:00:00Z,2025-04-14T00:00:00Z,FALSE,NA,219276,1006,a,NA,a,FALSE,2025-05-02 20:33:17 UTC,2025-05-02 20:33:17 UTC,NA,https://news.gallup.com/poll/1600/congress-public.aspx,https://news.gallup.com/poll/1600/congress-public.aspx,NA,NA,Congress,28,67,5
89705,568,YouGov,,The Economist,NA,NA,NA,YouGov,Online Matched Sample,NA,2025-04-13T00:00:00Z,2025-04-15T00:00:00Z,FALSE,NA,218943,1512,a,NA,a,FALSE,2025-04-29 15:40:51 UTC,2025-04-29 15:40:51 UTC,NA,https://d3nkl3psvxxpe9.cloudfront.net/documents/econtoplines_vK1VgIr.pdf,NA,https://d3nkl3psvxxpe9.cloudfront.net/documents/econtoplines_vK1VgIr.pdf,https://d3nkl3psvxxpe9.cloudfront.net/documents/econTabReport_wmD8f2B.pdf,Congress,24,48,28
89705,568,YouGov,,The Economist,NA,NA,NA,YouGov,Online Matched Sample,NA,2025-04-13T00:00:00Z,2025-04-15T00:00:00Z,FALSE,NA,218944,1328,rv,NA,rv,FALSE,2025-04-29 15:40:52 UTC,2025-04-29 15:40:52 UTC,NA,https://d3nkl3psvxxpe9.cloudfront.net/documents/econtoplines_vK1VgIr.pdf,NA,https://d3nkl3psvxxpe9.cloudfront.net/documents/econtoplines_vK1VgIr.pdf,https://d3nkl3psvxxpe9.cloudfront.net/documents/econTabReport_wmD8f2B.pdf,Congress,26,52,22
89716,568,YouGov,,The Economist,NA,NA,NA,YouGov,Online Matched Sample,NA,2025-04-19T00:00:00Z,2025-04-22T00:00:00Z,FALSE,NA,218947,1443,rv,NA,rv,FALSE,2025-04-29 15:40:53 UTC,2025-04-29 15:40:53 UTC,NA,https://d3nkl3psvxxpe9.cloudfront.net/documents/econtoplines_iwzo5ZP.pdf,NA,https://d3nkl3psvxxpe9.cloudfront.net/documents/econtoplines_iwzo5ZP.pdf,https://d3nkl3psvxxpe9.cloudfront.net/documents/econTabReport_iR37dyy.pdf,Congress,25,53,21
89716,568,YouGov,,The Economist,NA,NA,NA,YouGov,Online Matched Sample,NA,2025-04-19T00:00:00Z,2025-04-22T00:00:00Z,FALSE,NA,218946,1625,a,NA,a,FALSE,2025-04-29 15:40:52 UTC,2025-04-29 15:40:52 UTC,NA,https://d3nkl3psvxxpe9.cloudfront.net/documents/econtoplines_iwzo5ZP.pdf,NA,https://d3nkl3psvxxpe9.cloudfront.net/documents/econtoplines_iwzo5ZP.pdf,https://d3nkl3psvxxpe9.cloudfront.net/documents/econTabReport_iR37dyy.pdf,Congress,23,50,27
89737,568,YouGov,,The Economist,NA,NA,NA,YouGov,Online Matched Sample,NA,2025-04-25T00:00:00Z,2025-04-28T00:00:00Z,FALSE,NA,218948,1785,a,NA,a,FALSE,2025-04-29 15:40:53 UTC,2025-04-29 15:40:53 UTC,NA,https://d3nkl3psvxxpe9.cloudfront.net/documents/econtoplines_TYDfabe.pdf,NA,https://d3nkl3psvxxpe9.cloudfront.net/documents/econtoplines_TYDfabe.pdf,https://d3nkl3psvxxpe9.cloudfront.net/documents/econTabReport_fmq348X.pdf,Congress,22,48,30
89737,568,YouGov,,The Economist,NA,NA,NA,YouGov,Online Matched Sample,NA,2025-04-25T00:00:00Z,2025-04-28T00:00:00Z,FALSE,NA,218949,1624,rv,NA,rv,FALSE,2025-04-29 15:40:54 UTC,2025-04-29 15:40:54 UTC,NA,https://d3nkl3psvxxpe9.cloudfront.net/documents/econtoplines_TYDfabe.pdf,NA,https://d3nkl3psvxxpe9.cloudfront.net/documents/econtoplines_TYDfabe.pdf,https://d3nkl3psvxxpe9.cloudfront.net/documents/econTabReport_fmq348X.pdf,Congress,24,54,22
89820,568,YouGov,,The Economist,NA,NA,NA,YouGov,Online Matched Sample,NA,2025-05-02T00:00:00Z,2025-05-05T00:00:00Z,FALSE,NA,219297,1693,rv,NA,rv,FALSE,2025-05-06 13:53:25 UTC,2025-05-06 13:53:25 UTC,NA,https://d3nkl3psvxxpe9.cloudfront.net/documents/econtoplines_Cv0m59u.pdf,NA,https://d3nkl3psvxxpe9.cloudfront.net/documents/econtoplines_Cv0m59u.pdf,https://d3nkl3psvxxpe9.cloudfront.net/documents/econTabReport_wZDAeTq.pdf,Congress,25,54,21
89820,568,YouGov,,The Economist,NA,NA,NA,YouGov,Online Matched Sample,NA,2025-05-02T00:00:00Z,2025-05-05T00:00:00Z,FALSE,NA,219296,1850,a,NA,a,FALSE,2025-05-06 13:53:24 UTC,2025-05-06 13:53:24 UTC,NA,https://d3nkl3psvxxpe9.cloudfront.net/documents/econtoplines_Cv0m59u.pdf,NA,https://d3nkl3psvxxpe9.cloudfront.net/documents/econtoplines_Cv0m59u.pdf,https://d3nkl3psvxxpe9.cloudfront.net/documents/econTabReport_wZDAeTq.pdf,Congress,24,48,28
89877,568,YouGov,,The Economist,NA,NA,NA,YouGov,Online Matched Sample,NA,2025-05-09T00:00:00Z,2025-05-12T00:00:00Z,FALSE,NA,219390,1610,rv,NA,rv,FALSE,2025-05-13 13:13:34 UTC,2025-05-13 13:13:34 UTC,NA,https://d3nkl3psvxxpe9.cloudfront.net/documents/econtoplines_tUEOMi7.pdf,NA,https://d3nkl3psvxxpe9.cloudfront.net/documents/econtoplines_tUEOMi7.pdf,https://d3nkl3psvxxpe9.cloudfront.net/documents/econTabReport_tDmEBHo.pdf,Congress,24,52,23
89877,568,YouGov,,The Economist,NA,NA,NA,YouGov,Online Matched Sample,NA,2025-05-09T00:00:00Z,2025-05-12T00:00:00Z,FALSE,NA,219389,1786,a,NA,a,FALSE,2025-05-13 13:13:34 UTC,2025-05-13 13:13:34 UTC,NA,https://d3nkl3psvxxpe9.cloudfront.net/documents/econtoplines_tUEOMi7.pdf,NA,https://d3nkl3psvxxpe9.cloudfront.net/documents/econtoplines_tUEOMi7.pdf,https://d3nkl3psvxxpe9.cloudfront.net/documents/econTabReport_tDmEBHo.pdf,Congress,22,48,31
89883,1697,Bullfinch,,NA,NA,NA,NA,The Bullfinch Group,Online Opt-In Panel,NA,2025-05-09T00:00:00Z,2025-05-13T00:00:00Z,FALSE,NA,219400,1200,a,NA,a,FALSE,2025-05-14 17:47:36 UTC,2025-05-14 17:47:36 UTC,NA,https://www.thebullfinchgroup.com/post/public-release-of-bullfinch-q2-nationwide-survey-3,https://www.thebullfinchgroup.com/post/public-release-of-bullfinch-q2-nationwide-survey-3,NA,NA,Congress,36,51,13
89883,1697,Bullfinch,,NA,NA,NA,NA,The Bullfinch Group,Online Opt-In Panel,NA,2025-05-09T00:00:00Z,2025-05-13T00:00:00Z,FALSE,NA,219401,1000,rv,NA,rv,FALSE,2025-05-14 17:47:37 UTC,2025-05-14 17:47:37 UTC,NA,https://www.thebullfinchgroup.com/post/public-release-of-bullfinch-q2-nationwide-survey-3,https://www.thebullfinchgroup.com/post/public-release-of-bullfinch-q2-nationwide-survey-3,NA,NA,Congress,36,52,11
89890,1797,HarrisX/Harris Poll,,Harvard University Center for American Political Studies,NA,NA,NA,HarrisX/Harris Poll,Online Opt-In Panel,NA,2025-05-14T00:00:00Z,2025-05-15T00:00:00Z,FALSE,NA,219417,1903,rv,NA,rv,FALSE,2025-05-19 13:38:01 UTC,2025-07-14 16:40:44 UTC,NA,https://harvardharrispoll.com/wp-content/uploads/2025/05/HHP_May2025_KeyResults.pdf,https://harvardharrispoll.com/wp-content/uploads/2025/05/HHP_May2025_KeyResults.pdf,https://harvardharrispoll.com/wp-content/uploads/2025/05/HHP_May2025_Topline.pdf,https://harvardharrispoll.com/wp-content/uploads/2025/05/HHP_May2025_Crosstabs.pdf,Congress,38,51,11
90011,169,Gallup,,NA,NA,NA,NA,Gallup,Live Phone,NA,2025-05-01T00:00:00Z,2025-05-18T00:00:00Z,FALSE,NA,219584,1003,a,NA,a,FALSE,2025-05-23 17:18:01 UTC,2025-05-23 17:18:01 UTC,NA,https://news.gallup.com/poll/690986/political-economic-indicators-steady-may.aspx,https://news.gallup.com/poll/690986/political-economic-indicators-steady-may.aspx,NA,NA,Congress,26,65,9
89897,568,YouGov,,The Economist,NA,NA,NA,YouGov,Online Matched Sample,NA,2025-05-16T00:00:00Z,2025-05-19T00:00:00Z,FALSE,NA,219446,1710,a,NA,a,FALSE,2025-05-20 13:59:56 UTC,2025-05-20 13:59:56 UTC,NA,https://d3nkl3psvxxpe9.cloudfront.net/documents/econtoplines_wpVo7G8.pdf,NA,https://d3nkl3psvxxpe9.cloudfront.net/documents/econtoplines_wpVo7G8.pdf,https://d3nkl3psvxxpe9.cloudfront.net/documents/econTabReport_wObz24u.pdf,Congress,21,49,30
89897,568,YouGov,,The Economist,NA,NA,NA,YouGov,Online Matched Sample,NA,2025-05-16T00:00:00Z,2025-05-19T00:00:00Z,FALSE,NA,219447,1558,rv,NA,rv,FALSE,2025-05-20 13:59:58 UTC,2025-05-20 13:59:58 UTC,NA,https://d3nkl3psvxxpe9.cloudfront.net/documents/econtoplines_wpVo7G8.pdf,NA,https://d3nkl3psvxxpe9.cloudfront.net/documents/econtoplines_wpVo7G8.pdf,https://d3nkl3psvxxpe9.cloudfront.net/documents/econTabReport_wObz24u.pdf,Congress,24,55,21
90072,1797,HarrisX/Harris Poll,,Harvard University Center for American Political Studies,NA,NA,NA,HarrisX/Harris Poll,Online Opt-In Panel,NA,2025-06-11T00:00:00Z,2025-06-12T00:00:00Z,FALSE,NA,219723,2097,rv,NA,rv,FALSE,2025-06-16 12:47:01 UTC,2025-07-14 16:39:32 UTC,NA,https://harvardharrispoll.com/wp-content/uploads/2025/06/HHP_June2025_KeyResults.pdf,https://harvardharrispoll.com/wp-content/uploads/2025/06/HHP_June2025_KeyResults.pdf,https://harvardharrispoll.com/wp-content/uploads/2025/06/HHP_June2025_Topline.pdf,https://harvardharrispoll.com/wp-content/uploads/2025/06/HHP_June2025_Crosstabs.pdf,Congress,37,52,11
90159,921,Clarity,,NA,NA,NA,NA,Clarity Campaign Labs,Online Opt-In Panel,NA,2025-06-05T00:00:00Z,2025-06-14T00:00:00Z,FALSE,NA,220901,1000,rv,NA,rv,FALSE,2025-06-18 19:40:44 UTC,2025-06-18 19:40:44 UTC,NA,https://static1.squarespace.com/static/61ae8d5e55be5c7314b4c83a/t/6852fc5a3ac4c05449fc450e/1750269023826/Clarity+Omnibus+Overview+-+June+2025+%5BPUBLIC%5D.pdf,NA,https://static1.squarespace.com/static/61ae8d5e55be5c7314b4c83a/t/6852fc5a3ac4c05449fc450e/1750269023826/Clarity+Omnibus+Overview+-+June+2025+%5BPUBLIC%5D.pdf,NA,Congress,37,51,13
90234,1697,Bullfinch,,Exiled Policy,NA,NA,NA,The Bullfinch Group,Online Opt-In Panel,NA,2025-06-17T00:00:00Z,2025-06-20T00:00:00Z,FALSE,NA,221162,1223,a,NA,a,FALSE,2025-07-02 17:43:50 UTC,2025-07-02 17:43:50 UTC,NA,https://www.exiledpolicy.com/p/poll-voters-disapprove-of-congress,https://www.exiledpolicy.com/p/poll-voters-disapprove-of-congress,NA,NA,Congress,34,54,12
90234,1697,Bullfinch,,Exiled Policy,NA,NA,NA,The Bullfinch Group,Online Opt-In Panel,NA,2025-06-17T00:00:00Z,2025-06-20T00:00:00Z,FALSE,NA,221163,1006,rv,NA,rv,FALSE,2025-07-02 17:43:51 UTC,2025-07-02 17:43:51 UTC,NA,https://www.exiledpolicy.com/p/poll-voters-disapprove-of-congress,https://www.exiledpolicy.com/p/poll-voters-disapprove-of-congress,NA,NA,Congress,35,56,9
90219,568,YouGov,,The Economist,NA,NA,NA,YouGov,Online Matched Sample,NA,2025-06-27T00:00:00Z,2025-06-30T00:00:00Z,FALSE,NA,221109,1648,a,NA,a,FALSE,2025-07-01 13:31:18 UTC,2025-07-01 13:31:18 UTC,NA,https://d3nkl3psvxxpe9.cloudfront.net/documents/econtoplines_bFO4I7K.pdf,NA,https://d3nkl3psvxxpe9.cloudfront.net/documents/econtoplines_bFO4I7K.pdf,https://d3nkl3psvxxpe9.cloudfront.net/documents/econTabReport_B1ETIg8.pdf,Congress,18,57,25
90219,568,YouGov,,The Economist,NA,NA,NA,YouGov,Online Matched Sample,NA,2025-06-27T00:00:00Z,2025-06-30T00:00:00Z,FALSE,NA,221110,1491,rv,NA,rv,FALSE,2025-07-01 13:31:18 UTC,2025-07-01 13:31:18 UTC,NA,https://d3nkl3psvxxpe9.cloudfront.net/documents/econtoplines_bFO4I7K.pdf,NA,https://d3nkl3psvxxpe9.cloudfront.net/documents/econtoplines_bFO4I7K.pdf,https://d3nkl3psvxxpe9.cloudfront.net/documents/econTabReport_B1ETIg8.pdf,Congress,21,61,18
90304,1797,HarrisX/Harris Poll,,Harvard University Center for American Political Studies,NA,NA,NA,HarrisX/Harris Poll,Online Opt-In Panel,NA,2025-07-06T00:00:00Z,2025-07-08T00:00:00Z,FALSE,NA,221329,2044,rv,NA,rv,FALSE,2025-07-14 13:34:01 UTC,2025-07-14 16:37:41 UTC,NA,https://harvardharrispoll.com/wp-content/uploads/2025/07/HHP_July_2025_KeyResults.pdf,https://harvardharrispoll.com/wp-content/uploads/2025/07/HHP_July_2025_KeyResults.pdf,https://harvardharrispoll.com/wp-content/uploads/2025/07/HHP_July2025_Topline.pdf,https://harvardharrispoll.com/wp-content/uploads/2025/07/HHP_July2025_Crosstabs.pdf,Congress,37,54,9
90341,1697,Bullfinch,,NA,NA,NA,NA,The Bullfinch Group,Online Opt-In Panel,NA,2025-07-18T00:00:00Z,2025-07-22T00:00:00Z,FALSE,NA,221607,1000,rv,NA,rv,FALSE,2025-07-22 18:20:08 UTC,2025-07-22 18:20:08 UTC,NA,https://www.thebullfinchgroup.com/post/public-release-of-bullfinch-q3-nationwide-survey-3,https://www.thebullfinchgroup.com/post/public-release-of-bullfinch-q3-nationwide-survey-3,NA,NA,Congress,36,55,9
90341,1697,Bullfinch,,NA,NA,NA,NA,The Bullfinch Group,Online Opt-In Panel,NA,2025-07-18T00:00:00Z,2025-07-22T00:00:00Z,FALSE,NA,221606,1200,a,NA,a,FALSE,2025-07-22 18:20:07 UTC,2025-07-22 18:20:07 UTC,NA,https://www.thebullfinchgroup.com/post/public-release-of-bullfinch-q3-nationwide-survey-3,https://www.thebullfinchgroup.com/post/public-release-of-bullfinch-q3-nationwide-survey-3,NA,NA,Congress,36,53,11
